-45.86,3.70,83.65,-16.78,270.53,30.41,5.58,12.61,-5.22,-15.00,-19.00,7.00
-45.88,3.67,83.62,-18.87,271.58,30.41,5.61,12.67,-5.19,-17.00,-11.00,6.00
-45.88,3.69,83.59,-17.83,271.58,29.36,5.67,12.72,-5.19,-17.00,-2.00,4.00
-45.87,3.69,83.59,-18.87,273.68,31.46,5.58,12.69,-5.17,-17.00,1.00,3.00
-45.87,3.71,83.56,-15.73,272.63,30.41,5.58,12.69,-5.14,-11.00,4.00,3.00
-45.86,3.66,83.56,-17.83,273.68,30.41,5.64,12.72,-5.17,-9.00,1.00,3.00
-45.87,3.67,83.56,-16.78,271.58,31.46,5.61,12.69,-5.19,-6.00,-4.00,-3.00
-45.88,3.66,83.54,-16.78,271.58,31.46,5.67,12.75,-5.17,-1.00,-10.00,-10.00
-45.90,3.66,83.53,-17.83,272.63,30.41,5.64,12.72,-5.28,2.00,-15.00,-14.00
-45.94,3.68,83.54,-16.78,271.58,30.41,5.69,12.67,-5.22,-1.00,-21.00,-13.00
-45.97,3.68,83.55,-18.87,272.63,29.36,5.61,12.72,-5.22,3.00,-23.00,-14.00
-46.00,3.72,83.57,-17.83,272.63,30.41,5.64,12.69,-5.31,-1.00,-24.00,-13.00
-46.04,3.73,83.58,-19.92,272.63,28.31,5.58,12.72,-5.22,-1.00,-19.00,-12.00
-46.06,3.77,83.63,-18.87,272.63,29.36,5.67,12.72,-5.19,0.00,-12.00,-3.00
-46.05,3.78,83.64,-18.87,273.68,31.46,5.58,12.69,-5.22,-8.00,-5.00,6.00
-46.05,3.78,83.60,-18.87,272.63,29.36,5.67,12.72,-5.25,-13.00,-2.00,10.00
-46.04,3.78,83.61,-18.87,271.58,28.31,5.67,12.72,-5.14,-15.00,0.00,6.00
-46.03,3.80,83.63,-17.83,271.58,32.51,5.69,12.75,-5.22,-13.00,-6.00,-1.00
-46.03,3.79,83.57,-17.83,271.58,32.51,5.58,12.75,-5.22,-12.00,-7.00,3.00
-46.05,3.77,83.52,-18.87,272.63,29.36,5.69,12.78,-5.28,-11.00,-12.00,6.00
-46.06,3.77,83.54,-16.78,271.58,31.46,5.67,12.67,-5.14,-8.00,-12.00,10.00
-46.06,3.72,83.52,-17.83,272.63,31.46,5.67,12.69,-5.22,-2.00,-10.00,12.00
-46.06,3.70,83.52,-18.87,270.53,29.36,5.64,12.72,-5.14,4.00,-6.00,13.00
-46.04,3.71,83.55,-17.83,270.53,29.36,5.61,12.69,-5.22,6.00,-3.00,16.00
-46.04,3.69,83.58,-14.68,272.63,28.31,5.67,12.69,-5.31,-2.00,-3.00,17.00
-46.05,3.60,83.63,-16.78,272.63,30.41,5.61,12.75,-5.19,6.00,-7.00,13.00
-46.06,3.58,83.65,-15.73,271.58,30.41,5.67,12.67,-5.19,11.00,-6.00,8.00
-46.06,3.54,83.66,-13.63,272.63,29.36,5.69,12.69,-5.19,12.00,-7.00,10.00
-46.05,3.44,83.70,-14.68,272.63,29.36,5.61,12.61,-5.22,10.00,-9.00,19.00
-46.07,3.38,83.72,-15.73,271.58,27.26,5.67,12.72,-5.17,9.00,-16.00,18.00
-46.08,3.35,83.79,-16.78,272.63,28.31,5.67,12.58,-5.25,11.00,-19.00,9.00
-46.11,3.36,83.83,-15.73,270.53,30.41,5.72,12.72,-5.19,11.00,-19.00,3.00
-46.12,3.35,83.82,-15.73,271.58,29.36,5.67,12.64,-5.28,6.00,-17.00,1.00
-46.14,3.34,83.82,-14.68,269.48,27.26,5.61,12.67,-5.22,4.00,-14.00,3.00
-46.16,3.30,83.86,-15.73,271.58,29.36,5.75,12.75,-5.19,-1.00,-17.00,3.00
-46.16,3.30,83.86,-14.68,271.58,27.26,5.67,12.72,-5.25,-2.00,-15.00,3.00
-46.17,3.27,83.90,-15.73,272.63,28.31,5.64,12.67,-5.31,0.00,-14.00,3.00
-46.19,3.26,83.91,-15.73,272.63,28.31,5.64,12.67,-5.25,-1.00,-12.00,2.00
-46.20,3.26,83.93,-13.63,272.63,28.31,5.64,12.69,-5.28,-1.00,-11.00,3.00
-46.23,3.21,83.94,-13.63,272.63,28.31,5.67,12.64,-5.25,-3.00,-21.00,2.00
-46.26,3.17,83.95,-15.73,271.58,28.31,5.64,12.69,-5.19,-1.00,-26.00,-1.00
-46.30,3.19,83.96,-15.73,272.63,28.31,5.69,12.58,-5.25,1.00,-32.00,-6.00
-46.34,3.20,83.97,-16.78,273.68,27.26,5.72,12.61,-5.31,3.00,-38.00,-8.00
-46.38,3.24,84.01,-16.78,271.58,28.31,5.67,12.67,-5.25,8.00,-37.00,-11.00
-46.43,3.27,84.02,-16.78,273.68,27.26,5.61,12.61,-5.31,3.00,-38.00,-9.00
-46.48,3.29,84.05,-16.78,273.68,27.26,5.69,12.64,-5.31,4.00,-36.00,-7.00
-46.50,3.31,84.09,-17.83,270.53,27.26,5.72,12.67,-5.25,8.00,-28.00,-3.00
-46.50,3.35,84.10,-17.83,270.53,28.31,5.69,12.58,-5.25,-3.00,-16.00,3.00
-46.49,3.38,84.08,-14.68,273.68,29.36,5.64,12.75,-5.31,-7.00,-10.00,5.00
-46.49,3.34,84.05,-17.83,270.53,29.36,5.67,12.67,-5.28,-10.00,-3.00,0.00
-46.48,3.39,84.01,-17.83,270.53,29.36,5.61,12.64,-5.25,-10.00,0.00,-8.00
-46.47,3.43,83.97,-14.68,270.53,29.36,5.67,12.72,-5.36,-13.00,1.00,-5.00
-46.47,3.40,83.94,-15.73,272.63,29.36,5.67,12.61,-5.25,-12.00,-3.00,1.00
-46.46,3.38,83.92,-15.73,271.58,27.26,5.64,12.69,-5.28,-10.00,-6.00,4.00
-46.46,3.36,83.95,-16.78,272.63,29.36,5.61,12.64,-5.19,-5.00,-9.00,4.00
-46.46,3.37,83.93,-15.73,273.68,29.36,5.58,12.67,-5.22,-4.00,-9.00,3.00
-46.46,3.35,83.92,-17.83,271.58,27.26,5.61,12.67,-5.31,-5.00,-6.00,7.00
-46.46,3.37,83.95,-14.68,271.58,28.31,5.61,12.69,-5.31,-6.00,-8.00,8.00
-46.47,3.33,83.98,-15.73,274.73,28.31,5.67,12.64,-5.31,15.00,-8.00,7.00
-46.47,3.31,84.01,-15.73,271.58,28.31,5.61,12.61,-5.36,15.00,-6.00,7.00
-46.48,3.29,84.04,-14.68,270.53,29.36,5.69,12.61,-5.31,13.00,-7.00,17.00
-46.47,3.23,84.03,-14.68,271.58,29.36,5.69,12.56,-5.31,9.00,-8.00,25.00
-46.47,3.18,84.02,-15.73,273.68,28.31,5.69,12.58,-5.33,5.00,-8.00,22.00
-46.47,3.17,84.02,-15.73,270.53,28.31,5.75,12.64,-5.33,-1.00,-8.00,15.00
-46.45,3.15,83.98,-16.78,267.39,27.26,5.67,12.75,-5.28,-33.00,1.00,20.00
-46.41,3.14,83.88,-18.87,266.34,26.21,5.69,12.61,-5.33,-88.00,22.00,39.00
-46.32,3.13,83.66,-23.07,231.74,28.31,5.72,12.67,-5.28,-198.00,49.00,80.00
-46.22,3.17,83.18,-25.17,220.20,22.02,5.81,12.72,-5.17,-319.00,57.00,108.00
-46.06,3.06,82.26,-12.58,225.44,15.73,5.81,12.78,-5.00,-710.00,70.00,234.00
-45.96,2.53,81.03,-15.73,229.64,24.12,5.94,12.67,-4.86,-1061.00,-12.00,393.00
-45.94,1.97,79.40,-15.73,232.78,45.09,6.03,12.78,-4.61,-1325.00,-92.00,460.00
-45.86,1.35,77.24,-6.29,249.56,61.87,6.14,12.81,-4.17,-1532.00,-69.00,546.00
-45.71,0.56,74.93,0.00,260.05,77.59,6.25,12.81,-4.00,-1585.00,-49.00,582.00
-45.45,-0.28,72.66,9.44,265.29,90.18,6.39,12.89,-3.53,-1518.00,22.00,592.00
-45.14,-1.20,70.60,17.83,286.26,96.47,6.56,12.86,-3.36,-1385.00,43.00,602.00
-44.87,-2.08,69.15,20.97,309.33,101.71,6.89,12.83,-3.03,-1076.00,47.00,551.00
-44.60,-2.77,68.12,20.97,314.57,109.05,6.81,12.81,-2.94,-856.00,63.00,477.00
-44.49,-3.18,67.69,23.07,314.57,116.39,6.94,12.81,-2.72,-424.00,45.00,303.00
-44.50,-3.37,67.77,20.97,308.28,120.59,6.92,12.78,-2.78,-21.00,28.00,122.00
-44.56,-3.29,68.30,24.12,291.50,118.49,6.94,12.75,-2.92,347.00,68.00,-47.00
-44.62,-3.13,69.12,23.07,281.02,113.25,6.92,12.78,-3.00,612.00,109.00,-145.00
-44.68,-2.93,70.16,22.02,270.53,109.05,6.86,12.75,-3.08,813.00,119.00,-184.00
-44.71,-2.70,71.30,20.97,263.19,102.76,6.78,12.78,-3.19,955.00,140.00,-217.00
-44.74,-2.50,72.43,16.78,252.71,95.42,6.81,12.83,-3.47,988.00,132.00,-220.00
-44.73,-2.25,73.52,16.78,249.56,85.98,6.78,12.81,-3.61,1006.00,153.00,-220.00
-44.78,-2.05,74.65,12.58,244.32,79.69,6.69,12.69,-3.92,998.00,107.00,-221.00
-44.84,-1.82,75.66,9.44,246.42,71.30,6.64,12.67,-3.97,914.00,87.00,-203.00
-44.91,-1.58,76.63,5.24,247.46,65.01,6.53,12.61,-4.25,820.00,65.00,-186.00
-44.97,-1.27,77.51,4.19,253.76,61.87,6.53,12.64,-4.28,726.00,75.00,-179.00
-45.01,-0.98,78.27,1.05,256.90,54.53,6.44,12.53,-4.44,639.00,71.00,-177.00
-45.05,-0.65,79.00,-1.05,255.85,47.19,6.47,12.58,-4.53,546.00,71.00,-173.00
-45.08,-0.32,79.74,-2.10,256.90,42.99,6.39,12.58,-4.69,492.00,63.00,-164.00
-45.12,-0.03,80.39,-1.05,260.05,39.85,6.47,12.56,-4.69,414.00,54.00,-143.00
-45.17,0.14,80.96,-1.05,265.29,36.70,6.39,12.53,-4.86,341.00,11.00,-107.00
-45.25,0.25,81.49,-1.05,265.29,32.51,6.31,12.50,-4.89,300.00,-15.00,-78.00
-45.35,0.31,82.01,-3.15,265.29,31.46,6.36,12.56,-4.94,263.00,-30.00,-47.00
-45.44,0.35,82.45,-1.05,267.39,30.41,6.36,12.47,-4.94,228.00,-48.00,-11.00
-45.53,0.31,82.82,-3.15,266.34,27.26,6.36,12.50,-5.11,189.00,-62.00,13.00
-45.65,0.30,83.19,-2.10,268.44,25.17,6.36,12.44,-5.08,165.00,-74.00,21.00
-45.80,0.26,83.53,-4.19,269.48,27.26,6.36,12.39,-5.03,140.00,-112.00,28.00
-45.83,0.28,83.71,-5.24,269.48,25.17,6.33,12.50,-5.11,83.00,-35.00,26.00
-45.87,0.36,83.93,0.00,270.53,25.17,6.31,12.42,-5.08,92.00,-33.00,-8.00
-45.93,0.34,84.12,-2.10,269.48,24.12,6.39,12.42,-5.11,77.00,-52.00,-17.00
-45.96,0.39,84.28,-1.05,270.53,24.12,6.36,12.39,-5.22,63.00,-46.00,-32.00
-46.02,0.42,84.41,-2.10,269.48,24.12,6.28,12.39,-5.17,49.00,-50.00,-37.00
-46.07,0.46,84.49,0.00,270.53,23.07,6.36,12.39,-5.17,24.00,-48.00,-38.00
-46.10,0.48,84.58,-2.10,271.58,23.07,6.31,12.47,-5.19,16.00,-44.00,-46.00
-46.12,0.51,84.61,-2.10,270.53,24.12,6.31,12.50,-5.25,-18.00,-35.00,-34.00
-46.14,0.54,84.60,-3.15,269.48,25.17,6.25,12.44,-5.22,-30.00,-28.00,-31.00
-46.12,0.60,84.57,-4.19,272.63,24.12,6.25,12.53,-5.11,-25.00,-7.00,-33.00
-46.14,0.65,84.57,-2.10,271.58,24.12,6.22,12.47,-5.19,-30.00,-38.00,-21.00
-46.15,0.66,84.59,-4.19,273.68,23.07,6.25,12.47,-5.17,-13.00,-20.00,-23.00
-46.18,0.68,84.62,0.00,272.63,29.36,6.19,12.42,-5.14,-16.00,-48.00,-8.00
-46.19,0.61,84.52,-6.29,273.68,27.26,6.25,12.39,-5.25,-22.00,-34.00,3.00
-46.16,0.69,84.49,-4.19,271.58,27.26,6.25,12.53,-5.22,-9.00,1.00,-10.00
-46.14,0.70,84.44,-3.15,273.68,27.26,6.25,12.47,-5.22,-22.00,0.00,1.00
-46.12,0.69,84.40,-3.15,272.63,25.17,6.22,12.44,-5.19,-20.00,-6.00,3.00
-46.09,0.69,84.41,-2.10,272.63,26.21,6.17,12.50,-5.22,-14.00,1.00,-1.00
-46.10,0.65,84.40,-3.15,274.73,28.31,6.25,12.39,-5.19,-18.00,-17.00,9.00
-46.08,0.64,84.37,-2.10,272.63,28.31,6.31,12.44,-5.25,-5.00,-5.00,2.00
-46.05,0.63,84.33,-3.15,270.53,28.31,6.28,12.39,-5.17,-7.00,0.00,-3.00
-46.03,0.62,84.28,-3.15,273.68,28.31,6.31,12.44,-5.17,-18.00,-1.00,3.00
-46.01,0.63,84.24,-3.15,275.78,28.31,6.33,12.39,-5.17,-13.00,-8.00,-2.00
-45.99,0.63,84.21,-4.19,271.58,28.31,6.33,12.44,-5.19,-14.00,-9.00,-5.00
-45.98,0.66,84.17,-3.15,271.58,28.31,6.25,12.44,-5.19,-21.00,-13.00,-4.00
-45.98,0.66,84.13,-3.15,272.63,27.26,6.31,12.47,-5.22,-22.00,-19.00,0.00
-45.99,0.65,84.13,-3.15,273.68,28.31,6.28,12.47,-5.31,-13.00,-20.00,1.00
-46.01,0.64,84.12,-4.19,273.68,27.26,6.25,12.50,-5.22,-5.00,-21.00,4.00
-46.02,0.66,84.14,-4.19,272.63,27.26,6.22,12.50,-5.19,4.00,-20.00,0.00
-46.02,0.68,84.17,-2.10,273.68,29.36,6.22,12.36,-5.19,6.00,-10.00,0.00
-46.02,0.64,84.14,-3.15,272.63,25.17,6.25,12.39,-5.14,0.00,-8.00,6.00
-46.00,0.63,84.20,-4.19,273.68,25.17,6.25,12.42,-5.19,0.00,-11.00,8.00
-45.99,0.64,84.27,-3.15,272.63,26.21,6.25,12.53,-5.14,13.00,-3.00,7.00
-45.96,0.63,84.30,-1.05,270.53,27.26,6.28,12.47,-5.11,5.00,0.00,12.00
-45.92,0.56,84.30,-2.10,270.53,23.07,6.28,12.44,-5.19,-2.00,2.00,21.00
-45.92,0.52,84.35,-1.05,265.29,20.97,6.25,12.50,-5.19,-25.00,-17.00,19.00
-46.04,0.46,84.37,0.00,266.34,8.39,6.25,12.42,-5.22,-65.00,-99.00,11.00
-46.34,0.38,84.57,-9.44,246.42,6.29,6.25,12.53,-5.17,-130.00,-235.00,2.00
-46.69,0.40,84.34,-23.07,210.76,16.78,6.19,12.44,-5.17,-411.00,-276.00,65.00
-46.87,0.28,83.16,-26.21,202.38,25.17,6.28,12.44,-5.08,-887.00,-186.00,284.00
-46.91,-0.02,81.60,-17.83,211.81,32.51,6.39,12.56,-4.78,-1116.00,-124.00,431.00
-46.65,-0.70,79.54,-4.19,225.44,49.28,6.53,12.53,-4.58,-1471.00,29.00,694.00
-46.10,-1.70,77.03,12.58,240.12,65.01,6.83,12.58,-4.11,-1704.00,180.00,870.00
-45.47,-2.94,74.42,27.26,268.44,74.45,6.97,12.58,-3.78,-1718.00,186.00,900.00
-44.98,-4.10,72.31,28.31,297.80,84.93,7.22,12.50,-3.36,-1500.00,129.00,724.00
-44.61,-4.77,70.83,39.85,314.57,95.42,7.42,12.50,-3.31,-1142.00,119.00,484.00
-44.50,-5.21,70.04,48.23,332.40,101.71,7.36,12.47,-3.06,-659.00,39.00,247.00
-44.52,-5.35,70.06,48.23,335.54,110.10,7.39,12.50,-3.00,-79.00,38.00,27.00
-44.57,-5.33,70.33,39.85,304.09,116.39,7.39,12.50,-3.08,147.00,52.00,-69.00
-44.66,-5.14,70.86,34.60,285.21,114.29,7.33,12.53,-3.22,435.00,68.00,-200.00
-44.73,-4.85,71.48,29.36,274.73,105.91,7.25,12.47,-3.31,597.00,98.00,-263.00
-44.85,-4.48,72.26,27.26,265.29,97.52,7.22,12.56,-3.36,716.00,79.00,-310.00
-44.90,-4.10,73.13,22.02,264.24,92.27,7.11,12.58,-3.58,782.00,119.00,-319.00
-44.94,-3.66,74.05,22.02,256.90,90.18,7.14,12.47,-3.61,823.00,127.00,-323.00
-44.96,-3.35,74.80,20.97,248.51,82.84,6.94,12.58,-3.86,782.00,107.00,-273.00
-45.02,-3.16,75.48,18.87,247.46,73.40,6.89,12.56,-3.97,727.00,73.00,-215.00
-45.05,-2.97,76.26,14.68,251.66,66.06,6.92,12.53,-4.06,704.00,83.00,-195.00
-45.05,-2.73,77.07,11.53,253.76,63.96,6.83,12.56,-4.08,650.00,95.00,-175.00
-45.00,-2.43,77.73,8.39,255.85,58.72,6.83,12.50,-4.36,572.00,130.00,-177.00
-44.95,-2.09,78.37,6.29,259.00,53.48,6.72,12.50,-4.42,506.00,126.00,-182.00
-44.92,-1.74,79.00,6.29,264.24,49.28,6.72,12.39,-4.42,463.00,118.00,-176.00
-44.91,-1.48,79.63,6.29,264.24,47.19,6.69,12.44,-4.53,422.00,73.00,-150.00
-44.94,-1.29,80.18,4.19,264.24,40.89,6.81,12.47,-4.64,376.00,36.00,-124.00
-44.98,-1.10,80.76,3.15,267.39,35.65,6.72,12.44,-4.64,344.00,18.00,-105.00
-45.01,-0.92,81.39,1.05,268.44,35.65,6.64,12.44,-4.81,335.00,15.00,-101.00
-45.03,-0.73,81.94,2.10,268.44,33.55,6.61,12.33,-4.78,321.00,20.00,-84.00
-45.04,-0.61,82.46,1.05,267.39,31.46,6.67,12.42,-4.89,301.00,12.00,-66.00
-45.06,-0.51,82.92,4.19,268.44,29.36,6.61,12.28,-4.94,271.00,0.00,-46.00
-45.16,-0.52,83.33,0.00,267.39,27.26,6.56,12.28,-5.06,235.00,-70.00,-28.00
-45.14,-0.44,83.65,-1.05,270.53,24.12,6.67,12.39,-5.03,166.00,22.00,-23.00
-45.15,-0.30,84.01,1.05,268.44,25.17,6.61,12.33,-5.03,170.00,-10.00,-51.00
-45.17,-0.20,84.30,-1.05,268.44,20.97,6.56,12.33,-5.17,161.00,-26.00,-74.00
-45.20,-0.06,84.63,0.00,271.58,20.97,6.56,12.31,-5.11,150.00,-18.00,-74.00
-45.24,0.02,84.90,-1.05,270.53,23.07,6.53,12.33,-5.11,125.00,-41.00,-58.00
-45.26,0.09,85.05,-2.10,270.53,20.97,6.56,12.36,-5.14,92.00,-42.00,-42.00
-45.26,0.21,85.22,-4.19,270.53,18.87,6.50,12.36,-5.14,82.00,-23.00,-63.00
-45.25,0.37,85.38,-2.10,269.48,19.92,6.50,12.33,-5.22,56.00,-15.00,-67.00
-45.20,0.45,85.45,-1.05,271.58,19.92,6.50,12.36,-5.19,23.00,10.00,-53.00
-45.15,0.47,85.50,-1.05,272.63,19.92,6.42,12.25,-5.17,8.00,6.00,-33.00
-45.14,0.47,85.54,-1.05,272.63,19.92,6.44,12.42,-5.25,9.00,-25.00,-18.00
-45.14,0.47,85.60,-2.10,272.63,19.92,6.44,12.39,-5.11,18.00,-27.00,-22.00
-45.10,0.50,85.65,-1.05,273.68,20.97,6.42,12.31,-5.17,18.00,-13.00,-23.00
-45.07,0.49,85.66,-2.10,273.68,19.92,6.39,12.36,-5.25,9.00,-7.00,-15.00
-45.05,0.50,85.68,-1.05,273.68,22.02,6.42,12.39,-5.25,-1.00,-12.00,-10.00
-45.04,0.47,85.65,-1.05,274.73,22.02,6.44,12.36,-5.19,-3.00,-20.00,-6.00
-45.03,0.45,85.62,-1.05,274.73,20.97,6.50,12.28,-5.22,-5.00,-29.00,-5.00
-45.02,0.44,85.62,-1.05,273.68,19.92,6.44,12.36,-5.25,-1.00,-30.00,-11.00
-45.03,0.43,85.64,-1.05,273.68,20.97,6.53,12.42,-5.28,-1.00,-30.00,-15.00
-45.02,0.44,85.64,-1.05,274.73,19.92,6.44,12.31,-5.25,-1.00,-28.00,-22.00
-45.02,0.45,85.66,-2.10,272.63,19.92,6.33,12.39,-5.28,1.00,-25.00,-26.00
-45.04,0.48,85.68,-2.10,272.63,22.02,6.47,12.39,-5.19,0.00,-27.00,-28.00
-45.02,0.51,85.64,-3.15,273.68,22.02,6.42,12.36,-5.25,-7.00,-21.00,-24.00
-45.01,0.54,85.60,-3.15,274.73,23.07,6.44,12.36,-5.28,-13.00,-17.00,-17.00
-44.99,0.57,85.54,-2.10,272.63,19.92,6.39,12.36,-5.25,-21.00,-12.00,-10.00
-44.98,0.56,85.55,-3.15,274.73,20.97,6.50,12.36,-5.31,-15.00,-20.00,-10.00
-44.98,0.58,85.53,-2.10,271.58,20.97,6.44,12.36,-5.31,-19.00,-22.00,-7.00
-44.98,0.57,85.51,-4.19,274.73,19.92,6.39,12.31,-5.28,-17.00,-24.00,-6.00
-44.97,0.60,85.54,-3.15,272.63,20.97,6.36,12.36,-5.22,-7.00,-19.00,-2.00
-44.96,0.59,85.52,-3.15,272.63,24.12,6.44,12.31,-5.28,-21.00,-16.00,6.00
-44.94,0.58,85.41,-4.19,271.58,19.92,6.36,12.33,-5.25,-38.00,-12.00,15.00
-44.93,0.57,85.39,-2.10,272.63,20.97,6.36,12.36,-5.28,-46.00,-13.00,22.00
-44.92,0.53,85.34,-3.15,273.68,23.07,6.47,12.31,-5.22,-47.00,-14.00,22.00
-44.90,0.51,85.27,-3.15,272.63,22.02,6.42,12.33,-5.19,-43.00,-16.00,19.00
-44.89,0.49,85.24,-1.05,272.63,20.97,6.47,12.39,-5.19,-34.00,-17.00,19.00
-44.87,0.44,85.23,-3.15,274.73,23.07,6.36,12.39,-5.25,-30.00,-19.00,20.00
-44.88,0.43,85.21,-1.05,274.73,25.17,6.39,12.39,-5.19,-14.00,-20.00,18.00
-44.88,0.38,85.16,-2.10,275.78,22.02,6.47,12.33,-5.28,-5.00,-18.00,16.00
-44.87,0.37,85.18,-2.10,274.73,23.07,6.47,12.42,-5.25,-6.00,-16.00,12.00
-44.86,0.36,85.18,-1.05,273.68,26.21,6.44,12.42,-5.22,-8.00,-11.00,8.00
-44.85,0.34,85.11,-1.05,273.68,23.07,6.39,12.33,-5.22,-3.00,-12.00,3.00
-44.85,0.33,85.12,0.00,271.58,23.07,6.50,12.39,-5.19,1.00,-15.00,0.00
-44.84,0.28,85.11,1.05,273.68,24.12,6.44,12.33,-5.17,-8.00,-17.00,6.00
-44.84,0.21,85.08,-1.05,274.73,20.97,6.42,12.36,-5.28,-17.00,-23.00,14.00
-44.85,0.19,85.11,-7.34,273.68,17.83,6.42,12.33,-5.19,-18.00,-20.00,15.00
-44.84,0.31,85.21,-6.29,270.53,16.78,6.42,12.39,-5.25,-8.00,-7.00,3.00
-44.84,0.43,85.34,-1.05,257.95,17.83,6.39,12.36,-5.22,0.00,-10.00,-17.00
-44.91,0.40,85.26,-2.10,247.46,17.83,6.39,12.33,-5.31,-105.00,-63.00,2.00
-45.02,0.28,84.92,-12.58,228.59,23.07,6.39,12.39,-5.17,-285.00,-96.00,81.00
-45.04,0.17,84.03,-16.78,219.15,25.17,6.44,12.33,-5.06,-612.00,-63.00,218.00
-44.90,-0.12,82.64,-22.02,224.40,26.21,6.64,12.31,-4.86,-976.00,30.00,393.00
-44.49,-0.43,80.90,-17.83,222.30,37.75,6.69,12.44,-4.69,-1282.00,184.00,526.00
-43.97,-0.84,78.86,-10.49,228.59,53.48,6.97,12.56,-4.19,-1437.00,255.00,583.00
-43.14,-1.40,76.34,11.53,255.85,60.82,6.94,12.39,-3.89,-1697.00,419.00,697.00
-42.27,-2.30,73.92,26.21,286.26,71.30,7.33,12.47,-3.44,-1739.00,449.00,720.00
-41.49,-3.18,71.94,30.41,316.67,83.89,7.39,12.50,-3.28,-1521.00,389.00,612.00
-40.95,-3.70,70.67,48.23,354.42,90.18,7.56,12.44,-2.92,-1030.00,321.00,401.00
-40.74,-3.86,70.41,48.23,357.56,106.95,7.50,12.44,-2.89,-276.00,179.00,106.00
-40.73,-3.68,70.93,41.94,321.91,119.54,7.50,12.53,-2.94,342.00,137.00,-141.00
-40.81,-3.41,71.80,36.70,291.50,117.44,7.42,12.44,-2.94,671.00,127.00,-278.00
-40.94,-3.21,72.60,25.17,271.58,105.91,7.33,12.50,-3.22,765.00,75.00,-307.00
-41.08,-2.84,73.49,20.97,266.34,92.27,7.22,12.50,-3.33,880.00,86.00,-364.00
-41.25,-2.45,74.56,22.02,250.61,82.84,7.17,12.47,-3.50,943.00,68.00,-371.00
-41.37,-2.27,75.51,17.83,243.27,77.59,7.14,12.47,-3.72,883.00,69.00,-292.00
-41.47,-2.10,76.31,16.78,240.12,72.35,7.11,12.47,-3.86,799.00,57.00,-230.00
-41.61,-2.11,76.95,11.53,241.17,65.01,7.08,12.53,-3.94,653.00,-6.00,-110.00
-41.77,-2.13,77.52,9.44,248.51,55.57,7.11,12.42,-4.08,536.00,-46.00,-29.00
-41.93,-2.15,78.20,10.49,254.80,51.38,7.08,12.47,-4.17,499.00,-51.00,2.00
-42.11,-2.20,78.79,4.19,265.29,47.19,7.03,12.36,-4.33,390.00,-76.00,9.00
-42.19,-1.98,79.47,6.29,265.29,44.04,7.03,12.47,-4.25,409.00,25.00,-65.00
-42.35,-1.82,80.09,8.39,264.24,44.04,7.00,12.31,-4.31,361.00,-51.00,-77.00
-42.54,-1.75,80.56,3.15,268.44,40.89,6.94,12.28,-4.47,300.00,-87.00,-65.00
-42.76,-1.60,81.01,4.19,270.53,39.85,6.97,12.36,-4.47,265.00,-117.00,-50.00
-43.01,-1.48,81.45,3.15,269.48,35.65,6.97,12.36,-4.64,268.00,-146.00,-58.00
-43.24,-1.34,81.92,2.10,269.48,34.60,7.00,12.36,-4.64,266.00,-128.00,-64.00
-43.42,-1.20,82.37,2.10,270.53,31.46,6.89,12.33,-4.75,264.00,-114.00,-51.00
-43.60,-1.11,82.81,3.15,268.44,30.41,6.89,12.28,-4.75,246.00,-110.00,-29.00
-43.80,-1.11,83.22,6.29,268.44,28.31,6.86,12.25,-4.78,233.00,-144.00,12.00
-44.04,-1.20,83.58,1.05,269.48,27.26,6.86,12.31,-4.89,201.00,-182.00,30.00
-44.10,-1.12,83.90,1.05,270.53,24.12,6.86,12.25,-4.97,182.00,-55.00,9.00
-44.26,-1.04,84.24,3.15,269.48,24.12,6.89,12.25,-4.97,169.00,-119.00,-12.00
-44.35,-0.95,84.54,1.05,274.73,22.02,6.86,12.22,-5.08,169.00,-82.00,-44.00
-44.45,-0.81,84.85,2.10,271.58,18.87,6.86,12.22,-5.14,158.00,-78.00,-58.00
-44.55,-0.71,85.15,1.05,270.53,19.92,6.83,12.22,-5.11,128.00,-85.00,-53.00
-44.62,-0.60,85.38,2.10,271.58,18.87,6.83,12.22,-5.08,117.00,-73.00,-53.00
-44.66,-0.51,85.59,3.15,271.58,17.83,6.78,12.25,-5.22,103.00,-66.00,-57.00
-44.70,-0.48,85.73,1.05,269.48,13.63,6.69,12.22,-5.25,58.00,-57.00,-40.00
-44.73,-0.42,85.91,1.05,270.53,16.78,6.69,12.19,-5.22,29.00,-46.00,-24.00
-44.76,-0.39,85.98,3.15,269.48,17.83,6.75,12.19,-5.17,6.00,-51.00,-12.00
-44.76,-0.44,85.97,0.00,271.58,15.73,6.78,12.25,-5.22,-22.00,-47.00,8.00
-44.73,-0.41,86.02,3.15,272.63,17.83,6.75,12.28,-5.14,-20.00,-23.00,10.00
-44.71,-0.47,86.01,2.10,275.78,18.87,6.72,12.22,-5.17,-26.00,-29.00,21.00
-44.67,-0.49,85.99,2.10,274.73,19.92,6.81,12.17,-5.28,-24.00,-21.00,20.00
-44.63,-0.52,85.95,3.15,275.78,22.02,6.81,12.22,-5.11,-22.00,-9.00,20.00
-44.55,-0.56,85.87,4.19,275.78,18.87,6.83,12.19,-5.19,-22.00,-1.00,21.00
-44.49,-0.61,85.88,5.24,274.73,18.87,6.75,12.19,-5.17,-12.00,-2.00,15.00
-44.45,-0.67,85.90,6.29,273.68,19.92,6.81,12.19,-5.25,0.00,-8.00,5.00
-44.43,-0.73,85.89,5.24,274.73,19.92,6.78,12.14,-5.22,0.00,-16.00,1.00
-44.39,-0.75,85.90,6.29,274.73,19.92,6.81,12.17,-5.19,2.00,-8.00,-16.00
-44.36,-0.77,85.89,5.24,272.63,19.92,6.83,12.19,-5.19,-1.00,-14.00,-24.00
-44.34,-0.77,85.88,4.19,272.63,18.87,6.75,12.19,-5.31,-3.00,-19.00,-28.00
-44.35,-0.73,85.89,4.19,272.63,19.92,6.75,12.14,-5.17,-11.00,-23.00,-33.00
-44.34,-0.70,85.86,3.15,273.68,19.92,6.72,12.19,-5.14,-21.00,-23.00,-34.00
-44.33,-0.66,85.82,3.15,272.63,20.97,6.78,12.22,-5.19,-27.00,-29.00,-29.00
-44.33,-0.63,85.76,3.15,275.78,22.02,6.75,12.19,-5.22,-26.00,-30.00,-27.00
-44.33,-0.60,85.71,2.10,273.68,20.97,6.72,12.17,-5.22,-19.00,-25.00,-23.00
-44.32,-0.57,85.67,2.10,272.63,20.97,6.67,12.19,-5.19,-22.00,-19.00,-18.00
-44.30,-0.54,85.65,2.10,274.73,20.97,6.72,12.25,-5.17,-15.00,-9.00,-14.00
-44.28,-0.51,85.64,4.19,276.82,19.92,6.72,12.33,-5.19,-9.00,-7.00,-10.00
-44.24,-0.54,85.66,3.15,274.73,22.02,6.78,12.28,-5.14,-3.00,-3.00,-4.00
-44.19,-0.55,85.63,1.05,272.63,19.92,6.69,12.28,-5.22,-9.00,2.00,-1.00
-44.17,-0.52,85.63,2.10,274.73,20.97,6.72,12.17,-5.14,-11.00,-1.00,0.00
-44.14,-0.51,85.62,2.10,273.68,22.02,6.75,12.25,-5.25,-9.00,-9.00,-2.00
-44.13,-0.50,85.60,3.15,272.63,22.02,6.75,12.11,-5.19,-2.00,-16.00,-4.00
-44.13,-0.52,85.58,2.10,273.68,22.02,6.69,12.28,-5.22,-4.00,-24.00,-2.00
-44.14,-0.51,85.56,2.10,273.68,22.02,6.72,12.22,-5.25,-2.00,-24.00,-2.00
-44.14,-0.50,85.54,2.10,273.68,19.92,6.67,12.25,-5.14,-3.00,-24.00,-3.00
-44.14,-0.49,85.57,2.10,274.73,23.07,6.72,12.19,-5.14,0.00,-18.00,-5.00
-44.11,-0.48,85.55,2.10,273.68,22.02,6.69,12.22,-5.17,4.00,-10.00,-9.00
-44.09,-0.46,85.54,1.05,274.73,20.97,6.72,12.31,-5.19,5.00,-2.00,-11.00
-44.05,-0.42,85.55,3.15,274.73,19.92,6.67,12.19,-5.31,-2.00,2.00,-12.00
-44.04,-0.42,85.59,3.15,273.68,18.87,6.69,12.19,-5.28,9.00,0.00,-14.00
-44.03,-0.43,85.65,2.10,274.73,20.97,6.69,12.19,-5.22,5.00,-6.00,-12.00
-44.02,-0.43,85.66,3.15,274.73,22.02,6.69,12.22,-5.28,6.00,-7.00,-1.00
-44.01,-0.46,85.65,3.15,273.68,19.92,6.69,12.25,-5.22,7.00,-8.00,6.00
-44.00,-0.49,85.67,3.15,273.68,20.97,6.69,12.22,-5.19,4.00,-15.00,5.00
-43.99,-0.51,85.68,2.10,273.68,18.87,6.69,12.25,-5.22,3.00,-16.00,0.00
-43.99,-0.50,85.72,3.15,271.58,17.83,6.75,12.22,-5.28,0.00,-14.00,-4.00
-43.98,-0.51,85.77,3.15,273.68,18.87,6.64,12.22,-5.28,0.00,-13.00,-4.00
-43.99,-0.52,85.80,3.15,272.63,17.83,6.72,12.22,-5.25,1.00,-13.00,-3.00
-43.98,-0.54,85.84,2.10,272.63,19.92,6.72,12.22,-5.25,-7.00,-16.00,0.00
-43.98,-0.53,85.82,2.10,272.63,19.92,6.67,12.19,-5.25,-12.00,-15.00,-1.00
-43.97,-0.52,85.80,4.19,274.73,17.83,6.72,12.22,-5.25,-16.00,-13.00,-3.00
-43.96,-0.55,85.83,4.19,274.73,17.83,6.75,12.22,-5.31,-17.00,-12.00,-8.00
-43.96,-0.56,85.87,4.19,274.73,16.78,6.64,12.19,-5.22,-8.00,-10.00,-12.00
-43.95,-0.57,85.92,5.24,274.73,18.87,6.72,12.25,-5.25,-10.00,-6.00,-16.00
-43.95,-0.59,85.91,11.53,265.29,16.78,6.75,12.22,-5.33,-19.00,-23.00,-23.00
-44.04,-0.75,85.86,8.39,257.95,17.83,6.61,12.22,-5.31,-72.00,-77.00,-29.00
-44.22,-0.84,85.62,1.05,240.12,18.87,6.67,12.28,-5.17,-190.00,-132.00,-28.00
-44.34,-0.86,85.00,-5.24,229.64,19.92,6.67,12.31,-5.19,-443.00,-117.00,41.00
-44.45,-0.86,84.18,-15.73,226.49,16.78,6.69,12.33,-5.00,-598.00,-102.00,95.00
-44.42,-0.84,82.98,-13.63,225.44,26.21,6.78,12.36,-4.92,-934.00,-26.00,212.00
-44.21,-0.99,81.27,-4.19,235.93,36.70,6.83,12.44,-4.58,-1252.00,82.00,322.00
-43.85,-1.33,79.16,2.10,252.71,49.28,6.89,12.44,-4.28,-1506.00,168.00,396.00
-43.42,-1.70,76.93,18.87,279.97,58.72,6.94,12.56,-3.89,-1584.00,214.00,380.00
-43.06,-2.26,75.07,31.46,301.99,68.16,7.14,12.61,-3.72,-1407.00,175.00,321.00
-42.92,-2.82,73.80,36.70,335.54,74.45,7.17,12.56,-3.44,-1032.00,53.00,237.00
-43.01,-3.12,73.35,32.51,333.45,87.03,7.11,12.53,-3.25,-455.00,-66.00,81.00
-43.20,-3.26,73.18,25.17,318.77,100.66,7.25,12.56,-3.36,-201.00,-89.00,-10.00
-43.44,-3.15,73.43,19.92,296.75,102.76,7.22,12.58,-3.33,196.00,-94.00,-153.00
-43.69,-2.89,73.86,15.73,282.07,95.42,7.00,12.58,-3.53,436.00,-75.00,-243.00
-43.94,-2.53,74.48,12.58,271.58,88.08,7.00,12.61,-3.58,591.00,-42.00,-291.00
-44.13,-2.12,75.21,11.53,267.39,80.74,6.97,12.64,-3.72,683.00,-9.00,-306.00
-44.29,-1.78,76.02,6.29,262.14,76.55,6.97,12.56,-3.86,710.00,3.00,-266.00
-44.35,-1.37,76.81,6.29,251.66,74.45,6.83,12.58,-4.06,732.00,52.00,-259.00
-44.38,-1.10,77.36,4.19,246.42,69.21,6.69,12.58,-4.19,637.00,63.00,-190.00
-44.40,-0.92,77.82,5.24,252.71,63.96,6.72,12.47,-4.28,533.00,59.00,-110.00
-44.42,-0.81,78.31,1.05,253.76,56.62,6.72,12.50,-4.33,502.00,44.00,-88.00
-44.40,-0.65,78.81,1.05,261.10,51.38,6.81,12.53,-4.44,423.00,60.00,-60.00
-44.33,-0.50,79.35,0.00,265.29,47.19,6.67,12.50,-4.50,379.00,91.00,-65.00
-44.25,-0.31,79.89,0.00,265.29,42.99,6.69,12.39,-4.58,348.00,106.00,-81.00
-44.18,-0.14,80.41,0.00,270.53,42.99,6.72,12.58,-4.58,310.00,96.00,-84.00
-44.15,-0.02,80.86,1.05,268.44,39.85,6.78,12.42,-4.67,286.00,53.00,-70.00
-44.16,0.03,81.31,2.10,269.48,36.70,6.67,12.47,-4.67,270.00,10.00,-55.00
-44.18,0.03,81.78,1.05,270.53,33.55,6.67,12.44,-4.83,272.00,-1.00,-35.00
-44.21,0.05,82.28,2.10,271.58,32.51,6.64,12.42,-4.86,275.00,-1.00,-27.00
-44.24,0.01,82.74,1.05,269.48,28.31,6.67,12.42,-4.89,266.00,-15.00,-10.00
-44.30,-0.05,83.22,3.15,268.44,26.21,6.61,12.36,-4.94,254.00,-40.00,17.00
-44.44,-0.19,83.65,3.15,269.48,25.17,6.64,12.31,-4.97,218.00,-105.00,49.00
-44.49,-0.32,84.00,2.10,269.48,23.07,6.58,12.36,-5.00,180.00,-50.00,53.00
-44.62,-0.40,84.33,2.10,268.44,19.92,6.64,12.31,-5.08,159.00,-104.00,39.00
-44.73,-0.43,84.70,1.05,269.48,19.92,6.61,12.39,-5.08,157.00,-91.00,8.00
-44.83,-0.41,85.02,2.10,270.53,22.02,6.61,12.25,-5.17,150.00,-86.00,-7.00
-44.94,-0.40,85.22,0.00,269.48,17.83,6.69,12.28,-5.19,118.00,-96.00,-18.00
-45.03,-0.34,85.45,0.00,269.48,18.87,6.61,12.19,-5.22,93.00,-84.00,-25.00
-45.11,-0.27,85.61,1.05,271.58,19.92,6.69,12.31,-5.22,71.00,-80.00,-31.00
-45.16,-0.24,85.70,1.05,271.58,17.83,6.67,12.31,-5.19,49.00,-72.00,-29.00
-45.18,-0.21,85.79,0.00,270.53,17.83,6.61,12.31,-5.28,29.00,-50.00,-23.00
-45.21,-0.17,85.87,1.05,270.53,19.92,6.58,12.31,-5.25,23.00,-56.00,-20.00
-45.24,-0.16,85.90,0.00,273.68,17.83,6.61,12.28,-5.33,21.00,-49.00,-16.00
-45.26,-0.12,85.97,1.05,273.68,18.87,6.53,12.31,-5.28,23.00,-46.00,-16.00
-45.27,-0.12,86.01,1.05,272.63,18.87,6.56,12.28,-5.28,24.00,-38.00,-12.00
-45.25,-0.13,86.03,2.10,272.63,20.97,6.64,12.31,-5.31,9.00,-27.00,-5.00
-45.21,-0.16,86.00,2.10,272.63,18.87,6.56,12.22,-5.25,2.00,-7.00,-4.00
-45.15,-0.18,86.00,1.05,273.68,18.87,6.50,12.25,-5.33,-6.00,4.00,-2.00
-45.12,-0.19,85.99,2.10,274.73,19.92,6.61,12.25,-5.31,-9.00,0.00,1.00
-45.08,-0.20,85.99,1.05,272.63,19.92,6.50,12.22,-5.33,3.00,-8.00,-8.00
-45.07,-0.20,85.97,1.05,273.68,19.92,6.50,12.22,-5.31,-5.00,-17.00,-5.00
-45.05,-0.18,85.96,1.05,274.73,18.87,6.56,12.28,-5.28,4.00,-10.00,-15.00
-45.02,-0.16,85.99,1.05,272.63,19.92,6.58,12.22,-5.31,8.00,-8.00,-19.00
-44.99,-0.14,85.97,1.05,271.58,18.87,6.61,12.31,-5.22,-1.00,-5.00,-22.00
-44.94,-0.13,85.96,1.05,274.73,20.97,6.53,12.36,-5.33,-16.00,-2.00,-16.00
-44.91,-0.12,85.89,0.00,274.73,20.97,6.56,12.28,-5.31,-26.00,-1.00,-11.00
-44.87,-0.09,85.84,-2.10,272.63,19.92,6.53,12.28,-5.39,-26.00,2.00,-13.00
-44.84,-0.02,85.81,0.00,273.68,19.92,6.56,12.28,-5.28,-22.00,4.00,-14.00
-44.81,-0.01,85.79,1.05,274.73,20.97,6.56,12.31,-5.33,-18.00,0.00,-8.00
-44.78,-0.03,85.75,1.05,273.68,20.97,6.50,12.22,-5.31,-16.00,-2.00,-4.00
-44.76,-0.04,85.73,0.00,275.78,20.97,6.50,12.31,-5.25,-10.00,-6.00,-3.00
-44.74,-0.04,85.72,1.05,274.73,22.02,6.58,12.28,-5.28,-4.00,-10.00,-2.00
-44.72,-0.05,85.69,0.00,274.73,20.97,6.58,12.28,-5.33,-3.00,-7.00,-3.00
-44.70,-0.05,85.68,-1.05,274.73,19.92,6.61,12.31,-5.28,-6.00,-6.00,0.00
-44.67,-0.03,85.69,1.05,276.82,20.97,6.58,12.22,-5.28,-5.00,-8.00,6.00
-44.65,-0.06,85.71,1.05,273.68,20.97,6.56,12.25,-5.28,15.00,-10.00,5.00
-44.64,-0.09,85.73,1.05,272.63,20.97,6.58,12.28,-5.33,13.00,-12.00,6.00
-44.62,-0.12,85.73,0.00,273.68,19.92,6.58,12.28,-5.28,10.00,-9.00,13.00
-44.60,-0.14,85.75,1.05,275.78,18.87,6.56,12.28,-5.28,5.00,-12.00,18.00
-44.59,-0.17,85.80,1.05,272.63,18.87,6.61,12.31,-5.33,8.00,-14.00,14.00
-44.58,-0.18,85.83,0.00,273.68,19.92,6.56,12.25,-5.33,5.00,-12.00,7.00
-44.56,-0.17,85.84,1.05,274.73,19.92,6.53,12.28,-5.31,1.00,-3.00,-1.00
-44.54,-0.17,85.84,1.05,273.68,19.92,6.53,12.28,-5.36,-2.00,2.00,-1.00
-44.52,-0.18,85.84,0.00,273.68,18.87,6.56,12.36,-5.42,-4.00,4.00,0.00
-44.50,-0.17,85.85,1.05,273.68,19.92,6.50,12.22,-5.39,-6.00,6.00,5.00
-44.48,-0.18,85.84,1.05,274.73,18.87,6.61,12.31,-5.28,-7.00,7.00,6.00
-44.43,-0.19,85.86,0.00,274.73,17.83,6.50,12.31,-5.42,-6.00,11.00,6.00
-44.41,-0.18,85.90,1.05,274.73,18.87,6.56,12.28,-5.31,0.00,10.00,4.00
-44.38,-0.19,85.93,1.05,275.78,22.02,6.56,12.22,-5.28,3.00,9.00,5.00
-44.34,-0.20,85.89,1.05,274.73,19.92,6.50,12.28,-5.33,5.00,9.00,5.00
-44.32,-0.21,85.90,2.10,274.73,18.87,6.58,12.25,-5.36,9.00,6.00,4.00
-44.30,-0.24,85.94,3.15,272.63,17.83,6.53,12.25,-5.28,14.00,0.00,4.00
-44.29,-0.29,85.99,2.10,273.68,17.83,6.56,12.25,-5.25,11.00,-11.00,7.00
-44.29,-0.32,86.03,1.05,272.63,16.78,6.58,12.25,-5.39,5.00,-18.00,5.00
-44.31,-0.31,86.08,1.05,272.63,17.83,6.61,12.19,-5.33,0.00,-21.00,3.00
-44.32,-0.31,86.07,1.05,270.53,17.83,6.61,12.22,-5.22,-18.00,-25.00,4.00
-44.31,-0.33,86.00,0.00,266.34,17.83,6.58,12.22,-5.39,-65.00,-22.00,14.00
-44.28,-0.34,85.77,-3.15,248.51,18.87,6.58,12.28,-5.28,-180.00,4.00,35.00
-44.19,-0.36,85.07,-9.44,218.10,19.92,6.58,12.33,-5.19,-499.00,42.00,84.00
-44.07,-0.49,83.71,-6.29,207.62,11.53,6.64,12.36,-4.97,-969.00,51.00,216.00
-44.02,-0.80,81.87,-4.19,211.81,12.58,6.75,12.47,-4.67,-1431.00,-25.00,300.00
-43.91,-1.16,79.82,-8.39,236.98,23.07,6.81,12.53,-4.44,-1646.00,-7.00,331.00
-43.81,-1.36,77.89,1.05,264.24,41.94,6.94,12.56,-4.08,-1646.00,1.00,323.00
-43.65,-1.63,76.07,14.68,273.68,65.01,6.97,12.56,-3.81,-1530.00,42.00,299.00
-43.44,-2.14,74.22,19.92,277.87,84.93,7.14,12.67,-3.47,-1369.00,73.00,301.00
-43.12,-2.68,72.50,28.31,305.14,95.42,7.17,12.61,-3.25,-1150.00,130.00,332.00
-42.83,-3.25,71.36,29.36,316.67,97.52,7.28,12.58,-3.11,-817.00,126.00,343.00
-42.65,-3.67,70.91,25.17,315.62,101.71,7.33,12.56,-2.97,-383.00,89.00,271.00
-42.59,-3.86,71.03,23.07,305.14,109.05,7.36,12.50,-3.00,38.00,59.00,129.00
-42.59,-3.83,71.46,19.92,291.50,103.81,7.36,12.58,-3.06,342.00,64.00,-8.00
-42.61,-3.73,72.01,22.02,282.07,99.61,7.36,12.53,-3.28,454.00,69.00,-47.00
-42.66,-3.62,72.79,19.92,272.63,98.57,7.33,12.56,-3.33,649.00,62.00,-92.00
-42.67,-3.44,73.67,18.87,259.00,92.27,7.22,12.53,-3.58,801.00,100.00,-129.00
-42.66,-3.26,74.52,15.73,257.95,83.89,7.25,12.50,-3.61,841.00,119.00,-140.00
-42.62,-2.99,75.47,16.78,254.80,76.55,7.22,12.50,-3.69,867.00,139.00,-164.00
-42.59,-2.78,76.43,15.73,247.46,69.21,7.14,12.56,-3.92,849.00,122.00,-175.00
-42.59,-2.62,77.27,15.73,252.71,60.82,7.19,12.50,-4.03,747.00,98.00,-150.00
-42.60,-2.49,78.14,10.49,256.90,54.53,7.11,12.36,-4.14,681.00,83.00,-137.00
-42.62,-2.27,79.03,11.53,259.00,50.33,7.06,12.33,-4.28,648.00,68.00,-137.00
-42.67,-2.08,79.82,7.34,259.00,44.04,7.03,12.42,-4.33,569.00,40.00,-148.00
-42.74,-1.81,80.54,7.34,263.19,38.80,7.00,12.42,-4.56,480.00,22.00,-157.00
-42.87,-1.58,81.24,6.29,266.34,34.60,7.00,12.39,-4.61,421.00,-16.00,-153.00
-43.00,-1.36,81.90,5.24,263.19,33.55,6.94,12.42,-4.58,376.00,-37.00,-151.00
-43.12,-1.16,82.44,6.29,266.34,31.46,6.86,12.33,-4.75,320.00,-49.00,-135.00
-43.29,-1.05,82.93,4.19,267.39,28.31,6.83,12.44,-4.72,293.00,-84.00,-104.00
-43.48,-0.96,83.42,5.24,269.48,25.17,6.81,12.36,-4.83,271.00,-118.00,-65.00
-43.69,-0.95,83.91,2.10,270.53,23.07,6.83,12.31,-4.86,259.00,-141.00,-35.00
-43.86,-0.91,84.37,4.19,270.53,22.02,6.78,12.33,-5.00,241.00,-129.00,-7.00
-44.04,-0.94,84.79,5.24,271.58,23.07,6.81,12.31,-5.06,229.00,-137.00,13.00
-44.22,-0.98,85.14,1.05,270.53,19.92,6.75,12.28,-5.06,222.00,-141.00,4.00
-44.35,-0.92,85.49,1.05,269.48,19.92,6.78,12.31,-5.08,199.00,-109.00,-2.00
-44.46,-0.82,85.79,2.10,270.53,18.87,6.78,12.19,-5.17,189.00,-105.00,-27.00
-44.52,-0.74,86.03,2.10,270.53,16.78,6.72,12.22,-5.22,154.00,-67.00,-39.00
-44.61,-0.66,86.24,3.15,269.48,16.78,6.69,12.19,-5.28,119.00,-84.00,-42.00
-44.69,-0.61,86.41,2.10,271.58,16.78,6.78,12.19,-5.31,104.00,-81.00,-46.00
-44.72,-0.53,86.52,3.15,269.48,16.78,6.75,12.25,-5.31,70.00,-59.00,-51.00
-44.75,-0.48,86.57,2.10,270.53,15.73,6.67,12.14,-5.31,38.00,-56.00,-49.00
-44.78,-0.42,86.61,2.10,271.58,13.63,6.72,12.25,-5.28,22.00,-54.00,-41.00
-44.79,-0.37,86.71,2.10,273.68,15.73,6.78,12.25,-5.36,29.00,-50.00,-41.00
-44.80,-0.34,86.74,3.15,273.68,15.73,6.64,12.19,-5.31,18.00,-47.00,-31.00
-44.79,-0.33,86.78,1.05,273.68,14.68,6.72,12.19,-5.42,25.00,-34.00,-30.00
-44.78,-0.30,86.82,1.05,273.68,15.73,6.69,12.22,-5.33,16.00,-28.00,-18.00
-44.75,-0.28,86.82,1.05,274.73,17.83,6.67,12.17,-5.31,9.00,-21.00,-12.00
-44.69,-0.27,86.77,1.05,273.68,15.73,6.64,12.14,-5.39,-7.00,-7.00,-2.00
-44.66,-0.27,86.74,2.10,273.68,16.78,6.67,12.25,-5.36,-15.00,-10.00,4.00
-44.62,-0.29,86.72,2.10,276.82,16.78,6.61,12.25,-5.31,-5.00,-10.00,0.00
-44.58,-0.29,86.70,1.05,273.68,16.78,6.58,12.17,-5.36,1.00,-8.00,-9.00
-44.55,-0.27,86.69,3.15,273.68,16.78,6.67,12.19,-5.36,1.00,-7.00,-12.00
-44.51,-0.30,86.67,2.10,273.68,16.78,6.69,12.22,-5.39,-3.00,-8.00,-7.00
-44.48,-0.31,86.65,3.15,273.68,17.83,6.67,12.22,-5.42,-7.00,-13.00,-8.00
-44.46,-0.33,86.60,2.10,274.73,15.73,6.64,12.22,-5.39,-12.00,-12.00,-9.00
-44.45,-0.33,86.60,2.10,274.73,17.83,6.64,12.17,-5.36,-13.00,-16.00,-8.00
-44.43,-0.33,86.55,2.10,273.68,17.83,6.64,12.25,-5.42,-12.00,-14.00,-11.00
-44.42,-0.34,86.51,2.10,274.73,13.63,6.58,12.11,-5.33,-17.00,-20.00,-5.00
-44.42,-0.35,86.57,1.05,273.68,15.73,6.67,12.28,-5.36,-4.00,-22.00,-1.00
-44.40,-0.34,86.58,2.10,274.73,16.78,6.67,12.25,-5.36,-4.00,-19.00,4.00
-44.38,-0.37,86.57,1.05,274.73,16.78,6.67,12.31,-5.44,-4.00,-13.00,15.00
-44.37,-0.38,86.56,1.05,275.78,15.73,6.58,12.25,-5.36,-6.00,-13.00,16.00
-44.35,-0.39,86.57,1.05,273.68,15.73,6.67,12.17,-5.44,-5.00,-9.00,13.00
-44.33,-0.39,86.58,1.05,273.68,15.73,6.58,12.19,-5.36,-6.00,-9.00,9.00
-44.31,-0.38,86.59,2.10,273.68,16.78,6.67,12.14,-5.39,-10.00,-4.00,8.00
-44.27,-0.41,86.56,1.05,273.68,15.73,6.69,12.19,-5.36,-15.00,2.00,13.00
-44.20,-0.43,86.56,1.05,275.78,15.73,6.61,12.22,-5.42,-13.00,15.00,27.00
-44.14,-0.46,86.58,1.05,275.78,15.73,6.67,12.22,-5.36,-3.00,26.00,38.00
-44.05,-0.48,86.61,1.05,274.73,15.73,6.72,12.14,-5.42,8.00,40.00,37.00
-43.94,-0.50,86.64,2.10,274.73,17.83,6.61,12.14,-5.44,10.00,59.00,36.00
-43.83,-0.54,86.62,3.15,273.68,15.73,6.69,12.19,-5.36,9.00,65.00,37.00
-43.71,-0.60,86.63,3.15,274.73,14.68,6.61,12.14,-5.36,2.00,62.00,38.00
-43.63,-0.65,86.67,6.29,272.63,13.63,6.69,12.17,-5.31,0.00,46.00,30.00
-43.56,-0.74,86.71,5.24,274.73,16.78,6.78,12.25,-5.33,-7.00,28.00,21.00
-43.51,-0.80,86.67,5.24,272.63,14.68,6.72,12.14,-5.36,-11.00,13.00,15.00
-43.49,-0.84,86.68,5.24,273.68,16.78,6.75,12.17,-5.36,-15.00,1.00,10.00
-43.49,-0.88,86.64,4.19,274.73,17.83,6.83,12.14,-5.39,-18.00,-10.00,6.00
-43.48,-0.88,86.58,3.15,274.73,17.83,6.81,12.14,-5.36,-20.00,-16.00,-1.00
-43.48,-0.86,86.54,3.15,274.73,15.73,6.75,12.11,-5.36,-17.00,-15.00,-2.00
-43.48,-0.84,86.54,3.15,274.73,15.73,6.72,12.17,-5.36,-13.00,-11.00,-2.00
-43.48,-0.82,86.55,3.15,274.73,15.73,6.81,12.17,-5.33,-11.00,-9.00,-3.00
-43.46,-0.80,86.56,3.15,274.73,14.68,6.83,12.17,-5.31,-5.00,-8.00,-3.00
-43.45,-0.79,86.61,4.19,274.73,14.68,6.72,12.17,-5.36,2.00,-9.00,0.00
-43.45,-0.80,86.64,6.29,274.73,16.78,6.78,12.19,-5.31,-3.00,-10.00,1.00
-43.44,-0.85,86.61,4.19,272.63,17.83,6.72,12.25,-5.31,-16.00,-15.00,4.00
-43.45,-0.86,86.54,3.15,272.63,14.68,6.75,12.17,-5.28,-28.00,-22.00,2.00
-43.46,-0.83,86.52,4.19,270.53,13.63,6.78,12.14,-5.39,-43.00,-25.00,-11.00
-43.50,-0.82,86.50,4.19,269.48,10.49,6.72,12.22,-5.33,-61.00,-39.00,-13.00
-43.56,-0.81,86.48,1.05,254.80,13.63,6.75,12.25,-5.28,-112.00,-54.00,-18.00
-43.59,-0.77,86.12,-3.15,239.08,17.83,6.72,12.28,-5.31,-288.00,-36.00,6.00
-43.53,-0.77,85.29,-7.34,230.69,18.87,6.75,12.22,-5.14,-581.00,18.00,84.00
-43.34,-0.82,84.02,-17.83,219.15,26.21,6.86,12.33,-5.03,-918.00,97.00,179.00
-42.87,-0.87,82.13,-22.02,216.01,31.46,6.89,12.44,-4.64,-1318.00,288.00,309.00
-42.08,-1.00,79.85,-11.53,230.69,39.85,7.00,12.50,-4.47,-1616.00,478.00,458.00
-41.18,-1.31,77.47,5.24,244.32,50.33,7.25,12.44,-3.94,-1719.00,551.00,556.00
-40.15,-1.85,75.04,20.97,252.71,61.87,7.28,12.44,-3.56,-1785.00,619.00,574.00
-39.19,-2.67,72.66,35.65,268.44,75.50,7.56,12.44,-2.97,-1766.00,571.00,583.00
-38.45,-3.57,70.71,46.14,306.18,88.08,7.61,12.47,-2.86,-1479.00,410.00,499.00
-38.16,-4.23,69.57,47.19,334.50,95.42,7.69,12.39,-2.47,-962.00,182.00,326.00
-38.20,-4.49,69.34,39.85,343.93,111.15,7.72,12.31,-2.44,-312.00,32.00,88.00
-38.41,-4.40,69.72,34.60,328.20,120.59,7.72,12.42,-2.64,206.00,-18.00,-117.00
-38.73,-4.15,70.49,30.41,299.89,122.68,7.64,12.42,-2.58,538.00,-35.00,-247.00
-39.04,-3.89,71.21,27.26,279.97,113.25,7.56,12.39,-2.78,637.00,-39.00,-272.00
-39.37,-3.62,72.07,23.07,268.44,104.86,7.50,12.47,-2.89,791.00,-52.00,-301.00
-39.68,-3.33,72.97,22.02,260.05,94.37,7.53,12.44,-3.17,858.00,-52.00,-299.00
-39.95,-3.09,73.90,16.78,247.46,83.89,7.44,12.53,-3.28,860.00,-34.00,-274.00
-40.20,-2.84,74.80,17.83,245.37,75.50,7.22,12.53,-3.53,828.00,-36.00,-243.00
-40.51,-2.73,75.66,12.58,248.51,68.16,7.33,12.50,-3.53,744.00,-89.00,-183.00
-40.82,-2.60,76.48,8.39,249.56,65.01,7.22,12.39,-3.81,652.00,-120.00,-133.00
-41.10,-2.41,77.16,7.34,254.80,58.72,7.19,12.42,-3.83,558.00,-111.00,-113.00
-41.36,-2.18,77.86,6.29,262.14,52.43,7.17,12.44,-4.08,506.00,-98.00,-129.00
-41.61,-1.93,78.64,5.24,262.14,49.28,7.14,12.44,-4.06,495.00,-80.00,-142.00
-41.82,-1.64,79.35,5.24,265.29,46.14,7.03,12.42,-4.19,454.00,-69.00,-163.00
-42.03,-1.39,80.02,5.24,268.44,45.09,7.06,12.47,-4.36,416.00,-75.00,-158.00
-42.25,-1.19,80.63,1.05,268.44,41.94,7.06,12.44,-4.39,404.00,-93.00,-142.00
-42.44,-0.93,81.23,1.05,267.39,35.65,7.03,12.44,-4.47,392.00,-87.00,-133.00
-42.59,-0.73,81.86,1.05,267.39,35.65,6.92,12.36,-4.53,363.00,-76.00,-103.00
-42.72,-0.60,82.39,3.15,268.44,32.51,6.94,12.36,-4.67,343.00,-70.00,-72.00
-42.81,-0.58,82.91,2.10,268.44,28.31,6.92,12.28,-4.69,315.00,-54.00,-27.00
-42.93,-0.57,83.44,3.15,267.39,29.36,6.97,12.33,-4.78,302.00,-87.00,-5.00
-43.05,-0.64,83.81,0.00,269.48,24.12,6.89,12.31,-4.83,244.00,-93.00,30.00
-43.06,-0.63,84.24,4.19,270.53,24.12,6.94,12.36,-4.92,226.00,-19.00,34.00
-43.16,-0.68,84.62,2.10,271.58,20.97,6.92,12.28,-4.97,223.00,-89.00,12.00
-43.24,-0.64,85.05,2.10,273.68,24.12,6.86,12.31,-4.94,236.00,-69.00,-21.00
-43.32,-0.58,85.35,2.10,268.44,20.97,6.94,12.22,-5.06,216.00,-70.00,-33.00
-43.38,-0.54,85.60,0.00,268.44,18.87,6.94,12.19,-5.06,169.00,-66.00,-29.00
-43.42,-0.45,85.84,1.05,269.48,18.87,6.86,12.17,-5.14,136.00,-60.00,-31.00
-43.48,-0.39,86.02,1.05,268.44,18.87,6.83,12.19,-5.14,118.00,-67.00,-33.00
-43.48,-0.35,86.11,0.00,270.53,16.78,6.83,12.17,-5.14,62.00,-30.00,-15.00
-43.46,-0.29,86.22,3.15,269.48,16.78,6.78,12.28,-5.11,52.00,-14.00,-22.00
-43.47,-0.30,86.30,0.00,271.58,17.83,6.86,12.19,-5.17,42.00,-41.00,-23.00
-43.47,-0.26,86.33,1.05,270.53,15.73,6.89,12.17,-5.17,23.00,-35.00,-9.00
-43.46,-0.24,86.41,1.05,272.63,17.83,6.81,12.25,-5.14,24.00,-34.00,-15.00
-43.44,-0.24,86.40,2.10,273.68,17.83,6.81,12.22,-5.14,4.00,-25.00,-5.00
-43.41,-0.24,86.39,1.05,273.68,18.87,6.92,12.19,-5.17,-2.00,-16.00,-11.00
-43.35,-0.24,86.35,2.10,273.68,17.83,6.86,12.22,-5.25,-12.00,0.00,-2.00
-43.28,-0.27,86.34,5.24,275.78,22.02,6.86,12.19,-5.22,-5.00,14.00,10.00
-43.23,-0.37,86.25,2.10,275.78,17.83,6.92,12.28,-5.06,-4.00,-1.00,18.00
-43.15,-0.41,86.27,2.10,274.73,16.78,6.89,12.25,-5.17,6.00,11.00,20.00
-43.09,-0.43,86.31,3.15,275.78,16.78,6.83,12.25,-5.22,9.00,10.00,16.00
-43.04,-0.46,86.35,3.15,274.73,17.83,6.89,12.25,-5.22,15.00,8.00,7.00
-43.01,-0.49,86.36,3.15,273.68,16.78,6.86,12.17,-5.28,5.00,-5.00,3.00
-42.99,-0.51,86.36,2.10,274.73,18.87,6.89,12.17,-5.14,-8.00,-9.00,4.00
-42.96,-0.51,86.33,3.15,274.73,16.78,6.81,12.22,-5.14,-8.00,-6.00,1.00
-42.93,-0.52,86.34,3.15,274.73,15.73,6.83,12.19,-5.17,-6.00,-9.00,-2.00
-42.92,-0.54,86.38,3.15,272.63,17.83,6.92,12.11,-5.22,-6.00,-17.00,4.00
-42.91,-0.56,86.36,2.10,274.73,18.87,6.92,12.17,-5.28,-7.00,-18.00,6.00
-42.90,-0.57,86.32,2.10,274.73,16.78,6.83,12.17,-5.14,-10.00,-16.00,10.00
-42.87,-0.58,86.33,2.10,273.68,19.92,6.97,12.19,-5.19,-8.00,-11.00,13.00
-42.83,-0.59,86.28,2.10,273.68,18.87,6.89,12.17,-5.28,-7.00,1.00,16.00
-42.80,-0.60,86.25,3.15,275.78,19.92,6.92,12.17,-5.14,-9.00,-2.00,22.00
-42.77,-0.64,86.21,1.05,275.78,16.78,6.83,12.17,-5.11,-6.00,-6.00,23.00
-42.75,-0.63,86.24,3.15,274.73,14.68,6.94,12.22,-5.28,0.00,-12.00,22.00
-42.75,-0.66,86.32,3.15,274.73,14.68,6.86,12.14,-5.17,2.00,-17.00,16.00
-42.74,-0.68,86.38,3.15,274.73,16.78,6.89,12.19,-5.22,-2.00,-15.00,13.00
-42.73,-0.69,86.39,4.19,273.68,17.83,6.94,12.14,-5.22,-5.00,-16.00,11.00
-42.73,-0.73,86.37,2.10,275.78,17.83,6.92,12.25,-5.22,-9.00,-20.00,11.00
-42.72,-0.72,86.36,3.15,273.68,14.68,6.83,12.17,-5.17,-8.00,-20.00,9.00
-42.72,-0.72,86.41,2.10,275.78,15.73,6.94,12.19,-5.25,-5.00,-14.00,7.00
-42.71,-0.71,86.44,4.19,275.78,15.73,6.94,12.17,-5.22,-5.00,-13.00,6.00
-42.69,-0.73,86.48,4.19,273.68,15.73,6.94,12.17,-5.17,1.00,-10.00,7.00
-42.66,-0.76,86.50,4.19,273.68,17.83,6.92,12.11,-5.25,-3.00,-12.00,11.00
-42.65,-0.80,86.48,5.24,274.73,16.78,6.86,12.19,-5.28,-1.00,-12.00,16.00
-42.65,-0.86,86.49,5.24,274.73,15.73,6.94,12.17,-5.22,5.00,-10.00,19.00
-42.63,-0.91,86.52,4.19,273.68,17.83,7.00,12.14,-5.19,1.00,-8.00,19.00
-42.60,-0.93,86.50,5.24,273.68,16.78,6.97,12.11,-5.22,-5.00,-10.00,18.00
-42.58,-0.97,86.49,4.19,273.68,17.83,6.97,12.17,-5.14,-7.00,-12.00,14.00
-42.56,-0.97,86.46,4.19,273.68,16.78,6.92,12.08,-5.28,-8.00,-12.00,10.00
-42.56,-0.97,86.46,4.19,272.63,15.73,6.94,12.14,-5.17,-8.00,-13.00,4.00
-42.55,-0.97,86.47,5.24,272.63,17.83,6.94,12.17,-5.25,-15.00,-14.00,6.00
-42.55,-1.00,86.43,5.24,274.73,15.73,6.92,12.08,-5.28,-18.00,-16.00,9.00
-42.56,-1.03,86.43,4.19,272.63,14.68,6.92,12.17,-5.25,-21.00,-17.00,12.00
-42.55,-1.03,86.44,2.10,270.53,15.73,6.94,12.14,-5.25,-30.00,-11.00,13.00
-42.53,-1.00,86.38,0.00,261.10,16.78,6.92,12.11,-5.17,-64.00,4.00,19.00
-42.41,-0.99,86.07,-6.29,243.27,18.87,6.97,12.14,-5.06,-222.00,60.00,69.00
-42.21,-0.97,85.54,-10.49,240.12,12.58,7.00,12.17,-5.03,-351.00,103.00,136.00
-41.89,-1.08,84.85,-8.39,241.17,8.39,7.06,12.17,-5.03,-582.00,185.00,292.00
-41.49,-1.39,83.97,-1.05,235.93,9.44,7.19,12.19,-4.72,-809.00,237.00,430.00
-40.98,-1.96,82.77,7.34,227.54,19.92,7.33,12.17,-4.56,-1052.00,280.00,538.00
-40.46,-2.79,81.02,15.73,233.83,35.65,7.53,12.19,-4.14,-1349.00,263.00,649.00
-39.89,-3.77,78.85,20.97,239.08,53.48,7.64,12.17,-3.92,-1560.00,256.00,711.00
-39.35,-4.77,76.32,28.31,248.51,63.96,8.08,12.11,-3.39,-1704.00,219.00,725.00
-38.80,-5.73,73.85,33.55,257.95,76.55,8.00,12.14,-3.22,-1690.00,200.00,656.00
-38.32,-6.61,71.47,46.14,283.12,90.18,8.22,12.03,-2.78,-1651.00,186.00,622.00
-38.01,-7.38,69.61,52.43,318.77,94.37,8.33,12.00,-2.67,-1361.00,105.00,484.00
-37.93,-7.83,68.61,54.53,321.91,105.91,8.42,11.92,-2.42,-863.00,44.00,291.00
-38.01,-8.04,68.28,56.62,315.62,117.44,8.42,12.00,-2.42,-353.00,-7.00,105.00
-38.22,-8.10,68.48,56.62,299.89,123.73,8.33,11.97,-2.47,83.00,-35.00,-30.00
-38.48,-8.12,68.92,50.33,279.97,122.68,8.39,12.03,-2.50,346.00,-58.00,-89.00
-38.71,-8.02,69.53,46.14,269.48,118.49,8.31,12.00,-2.67,560.00,-24.00,-164.00
-38.96,-7.84,70.19,44.04,263.19,112.20,8.28,12.06,-2.69,662.00,-23.00,-205.00
-39.18,-7.59,70.89,41.94,255.85,104.86,8.19,12.06,-2.92,692.00,-2.00,-252.00
-39.42,-7.34,71.67,41.94,248.51,97.52,8.17,12.08,-3.06,761.00,-4.00,-267.00
-39.67,-7.16,72.41,38.80,244.32,90.18,8.08,12.08,-3.17,735.00,-23.00,-263.00
-39.94,-7.00,73.11,38.80,245.37,85.98,8.11,12.14,-3.28,681.00,-48.00,-233.00
-40.20,-6.90,73.77,35.65,247.46,78.64,8.00,12.08,-3.39,639.00,-61.00,-211.00
-40.49,-6.76,74.50,35.65,252.71,70.25,7.89,12.08,-3.61,606.00,-73.00,-196.00
-40.78,-6.62,75.32,32.51,254.80,67.11,7.86,12.11,-3.72,575.00,-63.00,-196.00
-41.07,-6.42,76.07,32.51,257.95,61.87,7.81,12.08,-3.81,533.00,-71.00,-193.00
-41.37,-6.25,76.86,28.31,262.14,56.62,7.78,12.14,-3.92,521.00,-81.00,-188.00
-41.68,-6.02,77.66,26.21,259.00,56.62,7.75,12.14,-4.00,491.00,-102.00,-180.00
-41.96,-5.78,78.32,23.07,266.34,49.28,7.69,12.17,-4.14,453.00,-103.00,-167.00
-42.25,-5.51,79.08,22.02,267.39,46.14,7.67,12.14,-4.19,448.00,-105.00,-157.00
-42.51,-5.25,79.83,22.02,268.44,41.94,7.61,12.17,-4.33,447.00,-102.00,-145.00
-42.75,-5.05,80.60,20.97,268.44,36.70,7.64,12.14,-4.42,446.00,-100.00,-116.00
-42.97,-4.89,81.39,19.92,270.53,35.65,7.58,12.08,-4.47,445.00,-98.00,-91.00
-43.17,-4.73,82.14,16.78,266.34,31.46,7.58,12.06,-4.56,444.00,-106.00,-81.00
-43.33,-4.53,82.86,17.83,267.39,30.41,7.53,12.06,-4.67,430.00,-90.00,-73.00
-43.52,-4.36,83.49,13.63,265.29,29.36,7.44,12.03,-4.81,392.00,-115.00,-82.00
-43.57,-4.11,83.94,16.78,270.53,25.17,7.50,12.03,-4.78,304.00,-21.00,-82.00
-43.60,-3.88,84.46,16.78,267.39,25.17,7.44,11.97,-4.86,317.00,-22.00,-127.00
-43.66,-3.67,84.90,13.63,268.44,22.02,7.42,12.00,-4.89,294.00,-40.00,-138.00
-43.69,-3.40,85.32,15.73,269.48,18.87,7.36,12.08,-4.97,269.00,-31.00,-141.00
-43.76,-3.21,85.72,12.58,268.44,17.83,7.39,12.03,-5.06,229.00,-59.00,-139.00
-43.82,-2.99,86.05,12.58,271.58,15.73,7.25,11.97,-5.08,197.00,-63.00,-123.00
-43.89,-2.79,86.40,12.58,269.48,17.83,7.25,12.03,-5.11,197.00,-71.00,-125.00
-43.96,-2.64,86.60,11.53,270.53,13.63,7.25,11.94,-5.17,151.00,-79.00,-107.00
-43.96,-2.47,86.84,10.49,271.58,11.53,7.28,12.03,-5.22,128.00,-33.00,-110.00
-43.99,-2.31,87.09,10.49,271.58,11.53,7.22,12.00,-5.25,121.00,-56.00,-100.00
-44.01,-2.20,87.28,9.44,272.63,10.49,7.19,12.00,-5.31,100.00,-55.00,-76.00
-44.03,-2.12,87.46,9.44,272.63,9.44,7.14,11.97,-5.31,85.00,-58.00,-47.00
-44.02,-2.04,87.63,8.39,272.63,10.49,7.19,12.03,-5.28,81.00,-35.00,-47.00
-43.99,-1.98,87.72,9.44,272.63,11.53,7.17,12.03,-5.31,49.00,-36.00,-25.00
-43.95,-1.95,87.76,8.39,272.63,10.49,7.11,11.94,-5.33,29.00,-24.00,-28.00
-43.89,-1.90,87.78,8.39,273.68,10.49,7.14,12.00,-5.36,13.00,-8.00,-23.00
-43.82,-1.85,87.80,10.49,273.68,10.49,7.17,12.06,-5.42,8.00,1.00,-25.00
-43.75,-1.84,87.82,10.49,274.73,12.58,7.14,12.00,-5.42,12.00,1.00,-33.00
-43.68,-1.82,87.80,9.44,272.63,9.44,7.08,11.94,-5.33,7.00,6.00,-36.00
-43.62,-1.79,87.82,9.44,273.68,9.44,7.14,12.00,-5.31,-3.00,-1.00,-34.00
-43.55,-1.77,87.82,8.39,274.73,8.39,7.06,12.06,-5.31,-14.00,-3.00,-29.00
-43.50,-1.74,87.84,8.39,275.78,8.39,7.03,12.03,-5.33,-26.00,-13.00,-22.00
-43.47,-1.72,87.84,8.39,273.68,10.49,7.14,12.03,-5.33,-32.00,-14.00,-17.00
-43.41,-1.70,87.80,8.39,274.73,10.49,7.14,12.03,-5.33,-32.00,-9.00,-14.00
-43.36,-1.69,87.76,8.39,274.73,11.53,7.14,11.89,-5.31,-28.00,-16.00,-12.00
-43.30,-1.69,87.71,8.39,273.68,9.44,7.06,11.94,-5.33,-29.00,-10.00,-9.00
-43.26,-1.69,87.71,6.29,275.78,12.58,7.11,12.03,-5.25,-32.00,-10.00,-5.00
-43.20,-1.65,87.64,10.49,274.73,12.58,7.06,12.14,-5.31,-30.00,-5.00,-2.00
-43.14,-1.69,87.59,8.39,276.82,14.68,7.00,12.06,-5.33,-23.00,0.00,-6.00
-43.09,-1.69,87.50,8.39,274.73,12.58,7.00,11.97,-5.36,-21.00,6.00,-4.00
-43.04,-1.70,87.47,8.39,275.78,13.63,7.06,11.94,-5.33,-19.00,4.00,0.00
-43.00,-1.70,87.42,8.39,275.78,13.63,7.06,12.03,-5.33,-17.00,-2.00,-1.00
-42.96,-1.70,87.39,8.39,274.73,12.58,7.08,12.00,-5.28,-8.00,-3.00,-2.00
-42.90,-1.70,87.39,7.34,274.73,13.63,7.08,12.00,-5.36,-7.00,4.00,-5.00
-42.85,-1.68,87.35,8.39,273.68,14.68,7.06,12.00,-5.31,-14.00,8.00,-5.00
-42.80,-1.68,87.30,8.39,274.73,14.68,7.08,11.97,-5.33,-12.00,8.00,-7.00
-42.76,-1.67,87.25,8.39,272.63,13.63,7.14,12.03,-5.42,-13.00,3.00,-9.00
-42.72,-1.67,87.22,8.39,273.68,15.73,7.08,11.97,-5.28,-14.00,3.00,-11.00
-42.67,-1.66,87.16,8.39,272.63,10.49,7.08,12.06,-5.28,-15.00,3.00,-9.00
-42.64,-1.66,87.20,7.34,275.78,13.63,7.06,12.00,-5.22,-17.00,-1.00,-6.00
-42.60,-1.65,87.18,7.34,275.78,13.63,7.08,12.00,-5.28,-18.00,-5.00,-1.00
-42.57,-1.64,87.16,6.29,274.73,11.53,7.11,12.03,-5.22,-16.00,-6.00,-1.00
-42.54,-1.61,87.18,8.39,273.68,10.49,7.17,12.08,-5.28,-19.00,-4.00,-1.00
-42.49,-1.62,87.21,8.39,273.68,13.63,7.14,12.03,-5.28,-25.00,0.00,-2.00
-42.44,-1.64,87.16,6.29,270.53,14.68,7.03,12.00,-5.28,-36.00,11.00,5.00
-42.35,-1.63,87.06,4.19,271.58,15.73,7.08,12.08,-5.28,-57.00,39.00,20.00
-42.21,-1.63,86.91,4.19,269.48,14.68,7.11,12.08,-5.25,-79.00,77.00,55.00
-42.04,-1.66,86.77,4.19,269.48,10.49,7.19,11.92,-5.22,-103.00,97.00,77.00
-41.81,-1.73,86.66,5.24,265.29,7.34,7.25,12.06,-5.14,-147.00,131.00,114.00
-41.56,-1.85,86.54,4.19,255.85,9.44,7.22,12.08,-5.06,-215.00,149.00,136.00
-41.29,-1.94,86.18,2.10,232.78,18.87,7.31,12.03,-5.03,-348.00,164.00,137.00
-40.95,-2.07,85.19,0.00,220.20,16.78,7.31,12.06,-4.81,-665.00,202.00,189.00
-40.54,-2.34,83.77,4.19,231.74,15.73,7.36,12.17,-4.61,-1038.00,239.00,307.00
-40.07,-2.76,82.13,8.39,236.98,22.02,7.44,12.11,-4.50,-1280.00,269.00,407.00
-39.55,-3.29,80.24,15.73,241.17,37.75,7.67,12.14,-4.03,-1481.00,306.00,478.00
-38.97,-3.91,78.09,25.17,260.05,51.38,7.81,12.17,-3.86,-1576.00,314.00,501.00
-38.39,-4.67,75.87,36.70,276.82,65.01,7.89,12.22,-3.44,-1621.00,315.00,521.00
-37.95,-5.43,73.88,45.09,314.57,74.45,8.03,12.17,-3.17,-1465.00,226.00,453.00
-37.76,-6.00,72.61,44.04,334.50,82.84,8.08,12.08,-2.81,-1025.00,100.00,329.00
-37.77,-6.21,72.14,40.89,332.40,93.32,8.14,12.06,-2.81,-456.00,20.00,116.00
-37.90,-6.14,72.32,41.94,313.52,103.81,8.03,12.11,-2.86,47.00,12.00,-69.00
-38.10,-5.97,72.81,39.85,290.46,105.91,8.14,12.17,-2.89,368.00,0.00,-174.00
-38.29,-5.81,73.38,36.70,278.92,98.57,8.03,12.06,-3.00,553.00,-9.00,-204.00
-38.50,-5.64,74.03,32.51,268.44,91.23,7.94,12.14,-3.03,629.00,-29.00,-216.00
-38.74,-5.43,74.77,27.26,261.10,87.03,7.92,12.17,-3.25,703.00,-51.00,-233.00
-38.97,-5.11,75.49,25.17,250.61,81.79,7.89,12.14,-3.31,723.00,-33.00,-260.00
-39.17,-4.83,76.07,26.21,250.61,73.40,7.81,12.22,-3.50,664.00,-37.00,-244.00
-39.40,-4.67,76.68,27.26,253.76,69.21,7.67,12.25,-3.58,605.00,-57.00,-202.00
-39.65,-4.60,77.27,23.07,255.85,62.91,7.67,12.11,-3.75,548.00,-83.00,-165.00
-39.89,-4.45,77.86,23.07,253.76,60.82,7.58,12.25,-3.83,496.00,-79.00,-157.00
-40.13,-4.31,78.39,17.83,254.80,58.72,7.64,12.25,-3.89,464.00,-72.00,-164.00
-40.31,-4.06,78.83,17.83,256.90,51.38,7.61,12.17,-4.08,412.00,-47.00,-164.00
-40.49,-3.85,79.30,14.68,263.19,47.19,7.53,12.14,-4.11,338.00,-49.00,-148.00
-40.69,-3.62,79.78,13.63,266.34,44.04,7.47,12.14,-4.11,298.00,-60.00,-132.00
-40.88,-3.41,80.23,12.58,266.34,45.09,7.47,12.19,-4.22,257.00,-73.00,-116.00
-41.06,-3.21,80.57,13.63,267.39,45.09,7.47,12.31,-4.31,227.00,-71.00,-104.00
-41.21,-3.08,80.86,13.63,266.34,38.80,7.47,12.14,-4.31,212.00,-65.00,-81.00
-41.35,-3.00,81.25,10.49,269.48,36.70,7.44,12.19,-4.36,208.00,-67.00,-56.00
-41.49,-2.89,81.64,12.58,271.58,36.70,7.33,12.14,-4.47,205.00,-73.00,-35.00
-41.66,-2.86,81.99,11.53,268.44,33.55,7.39,12.14,-4.47,195.00,-92.00,-18.00
-41.77,-2.82,82.33,10.49,269.48,32.51,7.33,12.11,-4.53,176.00,-59.00,-9.00
-41.86,-2.76,82.64,12.58,269.48,32.51,7.36,12.06,-4.58,158.00,-56.00,-9.00
-41.98,-2.74,82.89,11.53,270.53,31.46,7.42,12.17,-4.56,140.00,-76.00,-13.00
-42.06,-2.66,83.15,9.44,272.63,29.36,7.42,12.11,-4.58,145.00,-54.00,-41.00
-42.12,-2.52,83.43,11.53,271.58,28.31,7.36,12.11,-4.67,147.00,-47.00,-64.00
-42.18,-2.41,83.69,10.49,271.58,28.31,7.36,12.14,-4.69,138.00,-38.00,-74.00
-42.24,-2.29,83.92,8.39,272.63,26.21,7.39,12.11,-4.69,137.00,-42.00,-81.00
-42.28,-2.13,84.17,6.29,270.53,27.26,7.33,12.11,-4.64,133.00,-43.00,-82.00
-42.30,-1.96,84.33,9.44,272.63,25.17,7.31,12.14,-4.78,107.00,-31.00,-70.00
-42.30,-1.88,84.51,8.39,272.63,24.12,7.33,12.11,-4.75,97.00,-18.00,-58.00
-42.31,-1.81,84.68,8.39,271.58,24.12,7.19,12.06,-4.81,87.00,-27.00,-48.00
-42.33,-1.74,84.84,9.44,273.68,24.12,7.22,12.14,-4.86,91.00,-35.00,-47.00
-42.36,-1.71,84.98,8.39,269.48,22.02,7.22,12.11,-4.89,85.00,-37.00,-44.00
-42.37,-1.68,85.12,9.44,271.58,20.97,7.22,12.11,-4.83,76.00,-29.00,-32.00
-42.37,-1.67,85.28,8.39,271.58,23.07,7.25,12.11,-4.92,76.00,-25.00,-29.00
-42.37,-1.64,85.38,8.39,271.58,24.12,7.14,12.08,-4.97,73.00,-25.00,-28.00
-42.38,-1.64,85.41,8.39,271.58,19.92,7.31,12.06,-4.89,52.00,-26.00,-15.00
-42.37,-1.65,85.51,6.29,272.63,19.92,7.28,12.03,-4.94,40.00,-31.00,-3.00
-42.34,-1.61,85.59,9.44,272.63,20.97,7.25,12.11,-4.94,33.00,-18.00,-6.00
-42.32,-1.64,85.63,7.34,271.58,17.83,7.19,12.08,-4.92,18.00,-12.00,-7.00
-42.27,-1.61,85.70,8.39,271.58,19.92,7.17,12.14,-4.94,5.00,4.00,-14.00
-42.23,-1.61,85.71,8.39,272.63,20.97,7.17,12.14,-5.00,-6.00,3.00,-16.00
-42.19,-1.59,85.69,8.39,273.68,19.92,7.17,12.14,-5.00,-7.00,2.00,-21.00
-42.17,-1.58,85.70,8.39,271.58,18.87,7.14,12.08,-4.94,-6.00,-2.00,-21.00
-42.14,-1.58,85.73,8.39,273.68,17.83,7.17,12.11,-5.03,-10.00,-7.00,-16.00
-42.13,-1.59,85.77,9.44,272.63,19.92,7.19,12.08,-4.89,-14.00,-13.00,-8.00
-42.12,-1.62,85.76,6.29,272.63,19.92,7.25,12.11,-4.97,-12.00,-23.00,-4.00
-42.11,-1.59,85.75,6.29,273.68,18.87,7.19,12.17,-5.00,-13.00,-25.00,-6.00
-42.10,-1.56,85.77,6.29,273.68,20.97,7.14,12.03,-4.92,-18.00,-19.00,-6.00
-42.07,-1.52,85.74,6.29,273.68,22.02,7.17,12.11,-4.97,-13.00,-8.00,-8.00
-42.05,-1.49,85.70,6.29,274.73,19.92,7.19,12.08,-5.06,-7.00,-7.00,-7.00
-42.03,-1.47,85.71,6.29,272.63,22.02,7.19,12.17,-4.97,-6.00,-7.00,-7.00
-42.00,-1.45,85.67,9.44,274.73,20.97,7.19,12.14,-4.83,-13.00,-3.00,-5.00
-41.95,-1.50,85.67,8.39,274.73,20.97,7.25,12.08,-4.94,-4.00,-3.00,-2.00
-41.91,-1.52,85.67,7.34,271.58,22.02,7.19,12.17,-5.00,4.00,-7.00,0.00
-41.89,-1.54,85.64,7.34,272.63,22.02,7.11,12.11,-5.03,-8.00,-7.00,7.00
-41.88,-1.55,85.60,8.39,274.73,23.07,7.11,12.17,-4.97,-16.00,-9.00,9.00
-41.87,-1.58,85.54,6.29,273.68,20.97,7.19,12.03,-4.97,-16.00,-6.00,7.00
-41.85,-1.55,85.54,6.29,273.68,23.07,7.22,12.14,-4.94,-11.00,-6.00,-4.00
-41.82,-1.52,85.49,7.34,275.78,23.07,7.11,12.06,-4.97,-12.00,-3.00,-7.00
-41.80,-1.51,85.46,7.34,272.63,20.97,7.14,12.14,-4.89,-12.00,1.00,-6.00
-41.76,-1.51,85.46,6.29,273.68,19.92,7.08,12.08,-4.94,-8.00,3.00,-2.00
-41.74,-1.49,85.50,7.34,275.78,20.97,7.25,12.14,-4.97,-1.00,4.00,-1.00
-41.71,-1.49,85.52,7.34,273.68,22.02,7.11,12.11,-5.00,0.00,3.00,-1.00
-41.69,-1.50,85.51,6.29,274.73,18.87,7.11,12.14,-4.92,-2.00,3.00,2.00
-41.66,-1.49,85.56,6.29,273.68,22.02,7.14,12.11,-4.97,-9.00,3.00,6.00
-41.65,-1.48,85.53,7.34,274.73,19.92,7.25,12.14,-4.94,-11.00,0.00,7.00
-41.61,-1.49,85.57,5.24,274.73,16.78,7.19,12.00,-4.86,1.00,3.00,3.00
-41.57,-1.45,85.67,7.34,273.68,16.78,7.17,12.06,-5.00,5.00,5.00,0.00
-41.54,-1.46,85.77,7.34,275.78,18.87,7.17,12.06,-4.94,9.00,11.00,-3.00
-41.49,-1.46,85.80,9.44,271.58,18.87,7.22,12.19,-4.92,-2.00,14.00,-3.00
-41.44,-1.50,85.81,9.44,273.68,18.87,7.17,12.14,-5.03,-13.00,10.00,-9.00
-41.42,-1.52,85.80,8.39,272.63,19.92,7.14,12.17,-4.97,-27.00,8.00,-20.00
-41.38,-1.50,85.74,8.39,269.48,19.92,7.19,12.08,-4.97,-54.00,13.00,-25.00
-41.34,-1.50,85.61,7.34,268.44,16.78,7.22,12.17,-4.89,-97.00,13.00,-23.00
-41.28,-1.48,85.51,5.24,248.51,18.87,7.14,12.06,-4.78,-132.00,23.00,-17.00
-41.19,-1.46,85.16,3.15,238.03,19.92,7.17,12.11,-4.81,-265.00,45.00,9.00
-41.08,-1.49,84.50,1.05,223.35,19.92,7.22,12.19,-4.67,-481.00,52.00,61.00
-40.90,-1.58,83.43,0.00,216.01,30.41,7.17,12.22,-4.61,-788.00,83.00,133.00
-40.68,-1.83,81.69,4.19,236.98,31.46,7.31,12.28,-4.31,-1192.00,112.00,260.00
-40.37,-2.22,79.74,18.87,261.10,41.94,7.47,12.31,-4.00,-1441.00,148.00,356.00
-40.12,-2.86,77.82,30.41,282.07,57.67,7.50,12.39,-3.61,-1456.00,87.00,350.00
-40.05,-3.54,76.13,32.51,313.52,67.11,7.61,12.36,-3.53,-1256.00,-26.00,286.00
-40.07,-4.05,74.79,31.46,332.40,77.59,7.67,12.33,-3.28,-1057.00,-64.00,245.00
-40.18,-4.34,74.14,28.31,328.20,87.03,7.58,12.36,-3.22,-553.00,-91.00,146.00
-40.35,-4.48,74.08,23.07,312.48,93.32,7.64,12.28,-3.28,-94.00,-87.00,58.00
-40.50,-4.43,74.38,17.83,296.75,88.08,7.69,12.36,-3.28,245.00,-43.00,-32.00
-40.63,-4.18,74.98,17.83,287.31,79.69,7.58,12.36,-3.39,474.00,-6.00,-119.00
-40.79,-3.89,75.85,20.97,277.87,76.55,7.53,12.36,-3.47,645.00,-9.00,-171.00
-40.95,-3.65,76.77,18.87,266.34,73.40,7.53,12.28,-3.81,736.00,-15.00,-200.00
-41.15,-3.44,77.58,18.87,254.80,67.11,7.50,12.33,-3.86,722.00,-44.00,-180.00
-41.32,-3.29,78.33,15.73,251.66,63.96,7.42,12.25,-3.94,698.00,-50.00,-170.00
-41.51,-3.13,78.93,16.78,253.76,58.72,7.44,12.33,-4.08,614.00,-69.00,-145.00
-41.68,-3.05,79.48,13.63,253.76,50.33,7.33,12.22,-4.19,526.00,-76.00,-117.00
-41.86,-2.94,80.05,11.53,257.95,45.09,7.33,12.36,-4.19,454.00,-72.00,-95.00
-42.01,-2.78,80.63,14.68,260.05,42.99,7.31,12.22,-4.42,406.00,-63.00,-90.00
-42.14,-2.74,81.08,8.39,263.19,38.80,7.33,12.25,-4.47,313.00,-54.00,-69.00
-42.22,-2.55,81.53,10.49,265.29,34.60,7.25,12.17,-4.47,286.00,-23.00,-76.00
-42.41,-2.47,82.01,13.63,269.48,31.46,7.25,12.19,-4.53,261.00,-105.00,-55.00
-42.59,-2.47,82.52,9.44,272.63,33.55,7.22,12.14,-4.69,258.00,-113.00,-39.00
-42.77,-2.40,82.92,10.49,269.48,32.51,7.19,12.08,-4.61,251.00,-106.00,-35.00
-42.92,-2.35,83.26,6.29,268.44,30.41,7.14,12.14,-4.72,223.00,-107.00,-32.00
-43.06,-2.25,83.58,7.34,270.53,28.31,7.22,12.17,-4.78,197.00,-98.00,-15.00
-43.19,-2.21,83.89,6.29,273.68,25.17,7.22,12.08,-4.83,188.00,-104.00,8.00
-43.27,-2.17,84.24,8.39,272.63,22.02,7.19,12.17,-4.86,183.00,-77.00,26.00
-43.34,-2.20,84.59,9.44,267.39,26.21,7.28,12.06,-4.92,168.00,-66.00,42.00
-43.39,-2.25,84.77,12.58,269.48,22.02,7.25,12.08,-4.97,137.00,-64.00,43.00
-43.42,-2.32,85.02,9.44,271.58,19.92,7.25,12.11,-5.00,131.00,-52.00,20.00
-43.44,-2.30,85.29,9.44,270.53,19.92,7.17,12.06,-4.94,133.00,-40.00,1.00
-43.46,-2.23,85.51,10.49,269.48,19.92,7.19,12.00,-5.03,117.00,-39.00,-29.00
-43.50,-2.18,85.66,10.49,271.58,18.87,7.19,12.06,-5.03,83.00,-49.00,-44.00
-43.54,-2.09,85.77,9.44,272.63,17.83,7.25,12.11,-5.00,49.00,-59.00,-66.00
-43.57,-1.97,85.86,8.39,271.58,18.87,7.17,12.11,-5.06,24.00,-60.00,-90.00
-43.62,-1.81,85.90,7.34,271.58,16.78,7.14,12.11,-5.19,11.00,-61.00,-106.00
-43.67,-1.65,85.97,6.29,268.44,17.83,7.06,12.11,-5.08,2.00,-59.00,-95.00
-43.71,-1.52,86.00,7.34,270.53,17.83,7.14,12.03,-5.14,-2.00,-52.00,-82.00
-43.71,-1.45,86.03,10.49,273.68,18.87,7.08,12.08,-5.14,1.00,-37.00,-55.00
-43.69,-1.48,86.04,8.39,275.78,23.07,7.08,12.08,-5.11,3.00,-22.00,-27.00
-43.64,-1.51,85.96,7.34,274.73,22.02,7.08,12.03,-5.17,-7.00,-13.00,-3.00
-43.59,-1.52,85.91,8.39,275.78,22.02,7.00,12.08,-5.14,-5.00,2.00,4.00
-43.52,-1.55,85.86,9.44,273.68,25.17,7.06,12.08,-5.08,-5.00,20.00,9.00
-43.43,-1.62,85.76,10.49,274.73,23.07,7.03,12.17,-5.14,1.00,21.00,21.00
-43.36,-1.71,85.73,11.53,275.78,20.97,7.08,12.06,-5.14,12.00,25.00,31.00
-43.28,-1.82,85.75,13.63,275.78,22.02,7.03,12.08,-5.17,18.00,22.00,34.00
-43.23,-1.97,85.76,10.49,271.58,18.87,7.08,12.03,-5.11,29.00,19.00,34.00
-43.17,-2.03,85.84,11.53,271.58,17.83,7.19,12.08,-5.17,37.00,19.00,27.00
-43.11,-2.11,85.93,11.53,273.68,16.78,7.11,12.06,-5.11,32.00,13.00,31.00
-43.07,-2.18,86.04,10.49,271.58,16.78,7.11,12.03,-5.22,35.00,5.00,31.00
-43.05,-2.23,86.12,11.53,273.68,17.83,7.11,12.11,-5.14,22.00,2.00,32.00
-43.03,-2.27,86.17,10.49,274.73,15.73,7.17,12.08,-5.14,25.00,-7.00,17.00
-43.00,-2.27,86.27,9.44,274.73,15.73,7.11,12.03,-5.19,29.00,-2.00,1.00
-42.98,-2.24,86.36,10.49,273.68,16.78,7.17,12.03,-5.11,27.00,2.00,4.00
-42.93,-2.25,86.42,10.49,273.68,17.83,7.11,12.08,-5.11,30.00,4.00,9.00
-42.89,-2.28,86.44,9.44,273.68,15.73,7.11,12.06,-5.11,22.00,5.00,21.00
-42.84,-2.28,86.48,10.49,272.63,15.73,7.22,11.97,-5.25,7.00,6.00,24.00
-42.81,-2.29,86.51,9.44,274.73,17.83,7.14,12.03,-5.17,-1.00,3.00,14.00
-42.78,-2.26,86.49,7.34,273.68,17.83,7.11,11.94,-5.17,-1.00,-4.00,0.00
-42.76,-2.19,86.48,8.39,274.73,16.78,7.19,11.94,-5.19,1.00,-3.00,-4.00
-42.71,-2.14,86.50,7.34,274.73,15.73,7.17,12.00,-5.14,7.00,10.00,-3.00
-42.65,-2.09,86.54,9.44,274.73,17.83,7.14,11.89,-5.19,10.00,17.00,9.00
-42.59,-2.10,86.55,7.34,274.73,13.63,7.19,11.94,-5.19,24.00,25.00,12.00
-42.51,-2.07,86.65,7.34,273.68,13.63,7.14,12.00,-5.19,29.00,31.00,20.00
-42.43,-2.05,86.75,9.44,273.68,14.68,7.22,12.00,-5.14,31.00,36.00,28.00
-42.33,-2.10,86.80,10.49,273.68,15.73,7.25,11.97,-5.19,22.00,46.00,43.00
-42.22,-2.19,86.82,10.49,274.73,11.53,7.22,11.97,-5.25,14.00,44.00,59.00
-42.12,-2.28,86.93,11.53,274.73,14.68,7.22,12.03,-5.19,26.00,50.00,64.00
-42.02,-2.37,86.96,13.63,272.63,13.63,7.25,12.00,-5.19,15.00,51.00,64.00
-41.91,-2.51,86.99,14.68,272.63,14.68,7.25,11.94,-5.25,9.00,54.00,66.00
-41.81,-2.65,86.98,15.73,274.73,13.63,7.25,11.92,-5.14,0.00,52.00,65.00
-41.71,-2.79,87.00,16.78,273.68,13.63,7.25,11.89,-5.17,-1.00,48.00,56.00
-41.63,-2.91,87.01,16.78,271.58,13.63,7.36,11.89,-5.11,-5.00,42.00,41.00
-41.55,-3.01,87.01,15.73,272.63,15.73,7.33,11.89,-5.22,-13.00,32.00,26.00
-41.51,-3.06,86.96,17.83,272.63,12.58,7.33,11.81,-5.17,-17.00,16.00,18.00
-41.49,-3.14,86.99,16.78,273.68,15.73,7.39,11.94,-5.08,-12.00,4.00,9.00
-41.46,-3.18,86.94,14.68,272.63,14.68,7.33,11.83,-5.19,-20.00,-5.00,-1.00
-41.46,-3.16,86.90,13.63,272.63,15.73,7.25,11.92,-5.14,-29.00,-7.00,-3.00
-41.47,-3.13,86.83,12.58,271.58,15.73,7.33,11.92,-5.08,-45.00,-10.00,-8.00
-41.46,-3.07,86.70,6.29,257.95,15.73,7.31,11.97,-5.11,-90.00,-4.00,-9.00
-41.41,-2.93,86.29,0.00,236.98,11.53,7.39,12.03,-5.03,-280.00,26.00,23.00
-41.24,-2.90,85.58,-2.10,233.83,6.29,7.44,11.94,-4.92,-561.00,96.00,140.00
-40.99,-3.06,84.56,0.00,235.93,7.34,7.47,12.06,-4.58,-880.00,133.00,303.00
-40.60,-3.36,83.31,1.05,243.27,13.63,7.61,11.97,-4.58,-1083.00,214.00,410.00
-40.13,-3.69,81.82,7.34,241.17,27.26,7.72,12.08,-4.25,-1258.00,273.00,456.00
-39.61,-4.10,80.03,16.78,248.51,39.85,7.78,11.97,-3.97,-1367.00,287.00,467.00
-39.01,-4.61,78.08,16.78,243.27,55.57,8.00,12.03,-3.53,-1433.00,333.00,466.00
-38.23,-5.07,75.80,30.41,250.61,66.06,8.11,12.03,-3.31,-1532.00,435.00,495.00
-37.52,-5.73,73.62,46.14,274.73,70.25,8.19,12.00,-2.92,-1481.00,398.00,485.00
-36.96,-6.42,72.13,55.57,303.04,81.79,8.19,12.03,-2.75,-1163.00,327.00,387.00
-36.60,-6.92,71.26,56.62,315.62,94.37,8.39,12.00,-2.56,-731.00,261.00,270.00
-36.34,-7.10,71.01,57.67,317.72,109.05,8.42,12.00,-2.47,-243.00,246.00,93.00
-36.34,-7.20,71.17,61.87,307.23,117.44,8.42,11.89,-2.47,121.00,89.00,1.00
-36.49,-7.31,71.64,47.19,286.26,109.05,8.39,11.89,-2.58,418.00,-7.00,-74.00
-36.67,-7.23,72.24,45.09,274.73,103.81,8.36,11.92,-2.72,555.00,-8.00,-148.00
-36.87,-7.01,73.07,39.85,260.05,98.57,8.28,11.94,-2.81,764.00,13.00,-260.00
-37.14,-6.73,73.89,32.51,254.80,89.13,8.25,11.94,-2.92,824.00,-43.00,-305.00
-37.46,-6.32,74.80,32.51,244.32,81.79,8.11,12.03,-3.17,855.00,-82.00,-340.00
-37.88,-6.06,75.60,28.31,243.27,73.40,8.06,12.11,-3.39,781.00,-153.00,-295.00
-38.32,-5.83,76.36,24.12,251.66,69.21,8.00,12.08,-3.50,685.00,-185.00,-241.00
-38.75,-5.51,77.11,20.97,250.61,63.96,7.94,12.00,-3.64,640.00,-191.00,-235.00
-39.15,-5.20,77.79,18.87,252.71,59.77,7.92,11.97,-3.78,565.00,-180.00,-206.00
-39.50,-4.88,78.44,17.83,262.14,54.53,7.89,12.08,-3.89,531.00,-155.00,-189.00
-39.83,-4.59,79.14,17.83,261.10,50.33,7.72,12.06,-4.03,495.00,-151.00,-162.00
-40.17,-4.36,79.81,16.78,265.29,46.14,7.72,12.06,-4.08,465.00,-162.00,-141.00
-40.48,-4.14,80.48,14.68,262.14,45.09,7.78,12.08,-4.22,444.00,-158.00,-132.00
-40.74,-3.92,81.01,15.73,266.34,40.89,7.67,12.00,-4.17,385.00,-139.00,-115.00
-40.98,-3.78,81.54,17.83,269.48,36.70,7.67,12.06,-4.39,349.00,-141.00,-81.00
-41.24,-3.73,82.11,17.83,267.39,37.75,7.64,12.06,-4.50,346.00,-155.00,-52.00
-41.49,-3.73,82.59,19.92,266.34,34.60,7.69,12.03,-4.56,336.00,-164.00,-25.00
-41.76,-3.81,83.01,14.68,269.48,25.17,7.61,12.08,-4.56,287.00,-194.00,-6.00
-41.97,-3.76,83.57,17.83,269.48,24.12,7.64,12.03,-4.67,272.00,-147.00,-6.00
-42.19,-3.77,84.08,19.92,269.48,25.17,7.58,11.94,-4.67,259.00,-151.00,-5.00
-42.38,-3.83,84.48,17.83,268.44,20.97,7.58,12.03,-4.83,235.00,-152.00,-6.00
-42.56,-3.81,84.92,15.73,269.48,18.87,7.56,11.89,-4.86,227.00,-136.00,-26.00
-42.70,-3.73,85.32,15.73,269.48,17.83,7.56,11.97,-4.92,197.00,-114.00,-32.00
-42.86,-3.65,85.67,17.83,271.58,18.87,7.53,11.86,-4.94,178.00,-127.00,-37.00
-42.99,-3.62,85.93,15.73,270.53,15.73,7.47,11.89,-5.03,147.00,-116.00,-42.00
-43.09,-3.54,86.20,17.83,272.63,15.73,7.50,11.83,-5.08,135.00,-99.00,-44.00
-43.20,-3.49,86.45,16.78,271.58,16.78,7.50,11.92,-5.00,129.00,-100.00,-53.00
-43.29,-3.42,86.62,14.68,270.53,15.73,7.47,11.92,-5.14,115.00,-110.00,-59.00
-43.36,-3.32,86.76,10.49,269.48,14.68,7.44,11.89,-5.14,85.00,-84.00,-56.00
-43.45,-3.14,86.88,13.63,271.58,13.63,7.39,11.81,-5.17,69.00,-105.00,-56.00
-43.52,-3.05,87.02,15.73,273.68,12.58,7.33,11.86,-5.19,70.00,-86.00,-53.00
-43.61,-3.03,87.16,13.63,273.68,14.68,7.33,11.86,-5.28,65.00,-101.00,-34.00
-43.64,-2.98,87.24,12.58,274.73,13.63,7.42,11.83,-5.19,68.00,-63.00,-27.00
-43.65,-2.93,87.34,13.63,276.82,11.53,7.31,11.86,-5.31,68.00,-59.00,-19.00
-43.66,-2.90,87.48,16.78,274.73,10.49,7.31,11.92,-5.31,78.00,-51.00,-12.00
-43.67,-2.94,87.63,15.73,273.68,13.63,7.33,11.86,-5.36,78.00,-44.00,-16.00
-43.66,-2.96,87.69,17.83,275.78,12.58,7.39,11.94,-5.28,69.00,-39.00,-16.00
-43.64,-3.00,87.77,16.78,273.68,11.53,7.36,11.81,-5.36,70.00,-39.00,-18.00
-43.64,-3.05,87.84,16.78,272.63,10.49,7.33,11.81,-5.36,59.00,-45.00,-8.00
-43.63,-3.09,87.92,15.73,271.58,8.39,7.36,11.92,-5.39,51.00,-42.00,-3.00
-43.62,-3.12,88.00,15.73,271.58,8.39,7.28,11.72,-5.33,31.00,-38.00,0.00
-43.61,-3.14,88.07,14.68,273.68,6.29,7.25,11.94,-5.39,24.00,-35.00,2.00
-43.60,-3.14,88.15,15.73,272.63,7.34,7.31,11.89,-5.39,14.00,-31.00,0.00
-43.57,-3.15,88.20,18.87,274.73,9.44,7.22,11.78,-5.44,6.00,-23.00,-1.00
-43.55,-3.23,88.19,15.73,274.73,9.44,7.33,11.81,-5.31,-4.00,-20.00,1.00
-43.49,-3.24,88.17,15.73,273.68,8.39,7.25,11.83,-5.36,-9.00,-11.00,1.00
-43.46,-3.25,88.16,16.78,273.68,5.24,7.31,11.81,-5.36,-13.00,-14.00,1.00
-43.41,-3.27,88.23,17.83,275.78,8.39,7.33,11.81,-5.44,-11.00,-10.00,0.00
-43.38,-3.31,88.22,17.83,272.63,10.49,7.28,11.86,-5.39,-11.00,-18.00,-2.00
-43.34,-3.35,88.17,16.78,275.78,9.44,7.33,11.83,-5.39,-13.00,-11.00,-2.00
-43.29,-3.36,88.15,15.73,272.63,9.44,7.31,11.81,-5.33,-13.00,-3.00,-5.00
-43.22,-3.35,88.12,16.78,273.68,9.44,7.28,11.86,-5.42,-13.00,8.00,-5.00
-43.16,-3.36,88.10,16.78,275.78,12.58,7.31,11.81,-5.36,-9.00,12.00,-3.00
-43.08,-3.37,88.03,16.78,276.82,9.44,7.33,11.83,-5.42,-8.00,20.00,-4.00
-43.02,-3.37,88.03,15.73,276.82,9.44,7.39,11.89,-5.42,-1.00,11.00,-5.00
-42.96,-3.35,88.07,17.83,272.63,9.44,7.28,11.78,-5.39,18.00,12.00,-3.00
-42.91,-3.40,88.08,17.83,274.73,8.39,7.39,11.81,-5.36,10.00,5.00,7.00
-42.86,-3.45,88.11,17.83,275.78,7.34,7.31,11.86,-5.36,7.00,2.00,11.00
-42.83,-3.49,88.17,17.83,274.73,7.34,7.33,11.86,-5.44,9.00,-7.00,10.00
-42.82,-3.52,88.22,17.83,274.73,8.39,7.31,11.81,-5.44,9.00,-15.00,4.00
-42.81,-3.54,88.24,15.73,273.68,9.44,7.31,11.81,-5.33,9.00,-14.00,2.00
-42.78,-3.52,88.23,15.73,273.68,7.34,7.31,11.86,-5.42,2.00,-12.00,3.00
-42.76,-3.50,88.26,17.83,275.78,8.39,7.36,11.83,-5.47,3.00,-12.00,1.00
-42.75,-3.52,88.27,15.73,274.73,10.49,7.28,11.78,-5.53,2.00,-10.00,-1.00
-42.74,-3.49,88.24,15.73,274.73,8.39,7.31,11.81,-5.42,0.00,-9.00,-4.00
-42.71,-3.47,88.24,16.78,274.73,8.39,7.31,11.78,-5.39,-2.00,-6.00,-4.00
-42.69,-3.47,88.25,16.78,275.78,7.34,7.28,11.83,-5.39,-2.00,-7.00,-5.00
-42.66,-3.46,88.28,16.78,275.78,7.34,7.36,11.86,-5.42,2.00,-7.00,-8.00
-42.64,-3.45,88.30,16.78,271.58,6.29,7.31,11.86,-5.44,-3.00,-10.00,-11.00
-42.63,-3.44,88.33,16.78,273.68,7.34,7.33,11.81,-5.42,-9.00,-10.00,-10.00
-42.62,-3.44,88.33,16.78,272.63,7.34,7.39,11.83,-5.44,-13.00,-18.00,-7.00
-42.61,-3.43,88.34,16.78,273.68,7.34,7.28,11.86,-5.50,-13.00,-21.00,-13.00
-42.62,-3.42,88.33,16.78,271.58,6.29,7.36,11.83,-5.39,-22.00,-22.00,-17.00
-42.61,-3.41,88.33,16.78,269.48,8.39,7.33,11.81,-5.44,-30.00,-20.00,-15.00
-42.59,-3.41,88.23,13.63,259.00,8.39,7.28,11.81,-5.44,-69.00,-12.00,-12.00
-42.54,-3.39,87.94,16.78,242.22,5.24,7.31,11.86,-5.39,-202.00,19.00,16.00
-42.44,-3.54,87.45,26.21,231.74,4.19,7.33,11.86,-5.31,-402.00,45.00,70.00
-42.45,-4.06,86.51,48.23,219.15,2.10,7.36,11.89,-5.14,-761.00,-41.00,224.00
-42.84,-5.06,85.21,28.31,232.78,7.34,7.42,11.97,-5.03,-1093.00,-331.00,316.00
-43.21,-5.72,83.65,3.15,246.42,22.02,7.44,12.06,-4.78,-1314.00,-316.00,343.00
-43.41,-5.79,81.78,1.05,259.00,38.80,7.56,12.11,-4.61,-1439.00,-188.00,331.00
-43.45,-5.68,79.75,2.10,272.63,52.43,7.53,12.11,-4.25,-1449.00,-86.00,314.00
-43.19,-5.51,77.77,11.53,278.92,66.06,7.61,12.14,-4.06,-1364.00,131.00,272.00
-42.71,-5.45,75.92,20.97,288.36,76.55,7.86,12.25,-3.75,-1231.00,301.00,245.00
-42.07,-5.50,74.45,32.51,306.18,79.69,7.81,12.17,-3.53,-972.00,413.00,234.00
-41.48,-5.58,73.67,42.99,316.67,84.93,7.86,12.22,-3.31,-571.00,424.00,167.00
-41.04,-5.65,73.51,47.19,316.67,91.23,7.92,12.19,-3.31,-142.00,352.00,68.00
-40.77,-5.68,73.81,49.28,308.28,97.52,7.86,12.22,-3.39,217.00,258.00,-17.00
-40.67,-5.71,74.36,46.14,291.50,96.47,7.94,12.22,-3.33,468.00,163.00,-77.00
-40.61,-5.76,74.92,40.89,279.97,91.23,7.89,12.14,-3.47,553.00,121.00,-91.00
-40.62,-5.76,75.61,36.70,271.58,85.98,7.89,12.22,-3.58,673.00,68.00,-117.00
-40.67,-5.69,76.37,32.51,267.39,77.59,7.81,12.06,-3.78,751.00,48.00,-146.00
-40.75,-5.56,77.22,28.31,261.10,71.30,7.81,12.17,-3.92,777.00,35.00,-163.00
-40.88,-5.37,78.08,26.21,261.10,66.06,7.72,12.19,-4.03,791.00,1.00,-169.00
-41.01,-5.18,78.88,24.12,254.80,61.87,7.75,12.11,-4.14,725.00,-7.00,-157.00
-41.13,-5.00,79.53,23.07,255.85,53.48,7.69,12.11,-4.25,647.00,-17.00,-138.00
-41.26,-4.86,80.18,20.97,260.05,37.75,7.67,12.08,-4.42,558.00,-27.00,-115.00
-41.44,-4.68,81.09,20.97,266.34,35.65,7.67,12.11,-4.56,528.00,-45.00,-111.00
-41.65,-4.52,81.91,19.92,264.24,31.46,7.64,12.06,-4.50,489.00,-75.00,-116.00
-41.88,-4.37,82.63,16.78,268.44,26.21,7.53,12.00,-4.72,412.00,-112.00,-102.00
-42.09,-4.16,83.37,22.02,269.48,26.21,7.58,12.06,-4.72,390.00,-98.00,-110.00
-42.35,-4.07,84.01,18.87,269.48,22.02,7.44,11.94,-4.86,371.00,-153.00,-114.00
-42.63,-3.94,84.65,15.73,269.48,18.87,7.53,12.00,-4.89,346.00,-164.00,-107.00
-42.87,-3.76,85.25,15.73,270.53,15.73,7.42,11.94,-5.00,325.00,-162.00,-99.00
-43.12,-3.63,85.86,17.83,270.53,15.73,7.33,11.97,-5.11,316.00,-170.00,-76.00
-43.37,-3.60,86.35,13.63,269.48,13.63,7.33,11.89,-5.11,283.00,-180.00,-47.00
-43.57,-3.49,86.81,14.68,268.44,10.49,7.39,11.94,-5.19,264.00,-161.00,-38.00
-43.72,-3.46,87.24,15.73,271.58,10.49,7.36,11.92,-5.31,223.00,-128.00,-5.00
-43.87,-3.46,87.60,15.73,272.63,7.34,7.39,11.86,-5.31,208.00,-134.00,7.00
-43.95,-3.46,88.00,15.73,272.63,8.39,7.36,11.86,-5.42,216.00,-100.00,3.00
-44.06,-3.43,88.32,14.68,268.44,8.39,7.28,11.78,-5.44,200.00,-115.00,-14.00
-44.13,-3.38,88.54,13.63,272.63,7.34,7.39,11.86,-5.44,157.00,-90.00,-14.00
-44.17,-3.32,88.70,14.68,271.58,5.24,7.28,11.81,-5.53,112.00,-81.00,-10.00
-44.20,-3.28,88.86,13.63,272.63,4.19,7.22,11.86,-5.50,91.00,-69.00,-14.00
-44.22,-3.22,89.01,14.68,271.58,4.19,7.28,11.83,-5.56,84.00,-56.00,-20.00
-44.20,-3.16,89.12,14.68,272.63,4.19,7.25,11.78,-5.56,62.00,-34.00,-30.00
-44.16,-3.11,89.18,15.73,271.58,4.19,7.22,11.72,-5.53,43.00,-25.00,-31.00
-44.15,-3.13,89.20,15.73,272.63,4.19,7.17,11.78,-5.64,9.00,-40.00,-5.00
-44.13,-3.12,89.21,14.68,272.63,4.19,7.33,11.83,-5.53,4.00,-32.00,-20.00
-44.07,-3.10,89.19,14.68,274.73,2.10,7.22,11.78,-5.58,-12.00,-17.00,-15.00
-44.03,-3.09,89.21,15.73,274.73,3.15,7.22,11.75,-5.58,-16.00,-22.00,0.00
-44.00,-3.12,89.20,14.68,276.82,4.19,7.19,11.83,-5.61,-21.00,-22.00,4.00
-43.95,-3.12,89.16,14.68,276.82,4.19,7.25,11.86,-5.61,-35.00,-7.00,8.00
-43.88,-3.12,89.11,13.63,274.73,4.19,7.19,11.78,-5.61,-33.00,1.00,1.00
-43.83,-3.08,89.08,14.68,274.73,4.19,7.25,11.75,-5.56,-33.00,-4.00,-7.00
-43.75,-3.07,89.03,16.78,276.82,6.29,7.22,11.86,-5.56,-43.00,11.00,-6.00
-43.67,-3.10,88.93,17.83,275.78,5.24,7.25,11.81,-5.58,-50.00,14.00,-4.00
-43.59,-3.15,88.88,15.73,275.78,7.34,7.31,11.89,-5.56,-43.00,10.00,-8.00
-43.51,-3.14,88.79,16.78,274.73,6.29,7.22,11.86,-5.53,-37.00,14.00,-16.00
-43.44,-3.15,88.74,14.68,274.73,6.29,7.25,11.83,-5.50,-36.00,14.00,-20.00
-43.37,-3.11,88.69,15.73,275.78,6.29,7.28,11.78,-5.53,-37.00,12.00,-23.00
-43.30,-3.09,88.63,15.73,275.78,8.39,7.22,11.89,-5.53,-44.00,10.00,-21.00
-43.23,-3.08,88.54,13.63,276.82,8.39,7.22,11.89,-5.56,-44.00,18.00,-23.00
-43.17,-3.03,88.47,16.78,276.82,8.39,7.22,11.83,-5.44,-33.00,17.00,-20.00
