-44.81,-1.29,85.02,6.29,274.73,24.12,6.50,12.06,-5.31,-17.00,12.00,3.00
-44.82,-1.29,85.00,6.29,272.63,23.07,6.50,12.06,-5.25,-16.00,5.00,0.00
-44.83,-1.29,85.01,5.24,272.63,23.07,6.50,12.03,-5.28,-13.00,2.00,-3.00
-44.85,-1.27,85.01,5.24,273.68,26.21,6.47,12.08,-5.31,-11.00,-5.00,-2.00
-44.88,-1.25,84.96,6.29,273.68,24.12,6.47,12.03,-5.19,-11.00,-10.00,0.00
-44.90,-1.27,84.95,5.24,272.63,22.02,6.53,11.94,-5.17,-14.00,-13.00,3.00
-44.91,-1.26,84.97,4.19,272.63,24.12,6.53,12.03,-5.25,-15.00,-12.00,5.00
-44.94,-1.23,84.96,6.29,273.68,24.12,6.47,12.06,-5.31,-15.00,-11.00,3.00
-44.96,-1.24,84.94,5.24,273.68,23.07,6.53,11.92,-5.19,-16.00,-8.00,4.00
-44.97,-1.23,84.96,5.24,271.58,23.07,6.56,12.03,-5.25,-11.00,-5.00,1.00
-44.97,-1.22,84.96,5.24,272.63,23.07,6.47,12.00,-5.33,-15.00,0.00,-1.00
-44.98,-1.21,84.98,7.34,273.68,24.12,6.56,12.00,-5.22,-9.00,5.00,1.00
-44.96,-1.25,84.97,6.29,273.68,26.21,6.44,12.08,-5.31,-6.00,11.00,5.00
-44.96,-1.26,84.91,6.29,272.63,24.12,6.50,12.03,-5.31,-18.00,11.00,5.00
-44.96,-1.26,84.89,5.24,270.53,23.07,6.50,12.06,-5.31,-23.00,12.00,1.00
-44.96,-1.25,84.88,6.29,272.63,25.17,6.53,12.00,-5.19,-27.00,7.00,-1.00
-44.95,-1.25,84.83,7.34,271.58,25.17,6.53,12.08,-5.28,-27.00,6.00,-3.00
-44.81,-1.29,85.02,6.29,274.73,24.12,6.50,12.06,-5.31,-17.00,12.00,3.00
-44.82,-1.29,85.00,6.29,272.63,23.07,6.50,12.06,-5.25,-16.00,5.00,0.00
-44.83,-1.29,85.01,5.24,272.63,23.07,6.50,12.03,-5.28,-13.00,2.00,-3.00
-44.85,-1.27,85.01,5.24,273.68,26.21,6.47,12.08,-5.31,-11.00,-5.00,-2.00
-44.88,-1.25,84.96,6.29,273.68,24.12,6.47,12.03,-5.19,-11.00,-10.00,0.00
-44.90,-1.27,84.95,5.24,272.63,22.02,6.53,11.94,-5.17,-14.00,-13.00,3.00
-44.91,-1.26,84.97,4.19,272.63,24.12,6.53,12.03,-5.25,-15.00,-12.00,5.00
-44.94,-1.23,84.96,6.29,273.68,24.12,6.47,12.06,-5.31,-15.00,-11.00,3.00
-44.96,-1.24,84.94,5.24,273.68,23.07,6.53,11.92,-5.19,-16.00,-8.00,4.00
-44.97,-1.23,84.96,5.24,271.58,23.07,6.56,12.03,-5.25,-11.00,-5.00,1.00
-44.97,-1.22,84.96,5.24,272.63,23.07,6.47,12.00,-5.33,-15.00,0.00,-1.00
-44.98,-1.21,84.98,7.34,273.68,24.12,6.56,12.00,-5.22,-9.00,5.00,1.00
-44.96,-1.25,84.97,6.29,273.68,26.21,6.44,12.08,-5.31,-6.00,11.00,5.00
-44.96,-1.26,84.91,6.29,272.63,24.12,6.50,12.03,-5.31,-18.00,11.00,5.00
-44.96,-1.26,84.89,5.24,270.53,23.07,6.50,12.06,-5.31,-23.00,12.00,1.00
-44.96,-1.25,84.88,6.29,272.63,25.17,6.53,12.00,-5.19,-27.00,7.00,-1.00
-44.95,-1.25,84.83,7.34,271.58,25.17,6.53,12.08,-5.28,-27.00,6.00,-3.00
-47.99,0.63,82.92,-3.15,270.53,33.55,5.92,12.31,-5.11,-8.00,-17.00,11.00
-48.00,0.62,82.91,-3.15,270.53,34.60,5.92,12.33,-5.03,-6.00,-13.00,11.00
-47.98,0.61,82.88,-3.15,271.58,35.65,5.94,12.28,-5.17,-6.00,-3.00,9.00
-47.96,0.61,82.84,-2.10,272.63,34.60,5.97,12.33,-5.25,-7.00,4.00,7.00
-47.95,0.58,82.82,-3.15,271.58,34.60,5.94,12.33,-5.11,-10.00,6.00,7.00
-47.93,0.58,82.79,-2.10,272.63,33.55,5.86,12.36,-5.19,-17.00,2.00,6.00
-47.95,0.56,82.81,-2.10,273.68,31.46,5.94,12.33,-5.11,2.00,-5.00,3.00
-47.95,0.55,82.88,-1.05,270.53,32.51,5.89,12.36,-5.19,2.00,-10.00,2.00
-47.97,0.50,82.90,-2.10,269.48,32.51,5.83,12.31,-5.14,-4.00,-11.00,13.00
-47.99,0.47,82.92,-2.10,271.58,31.46,5.89,12.33,-5.17,-3.00,-13.00,12.00
-48.00,0.47,82.96,-2.10,272.63,32.51,5.92,12.39,-5.22,-1.00,-12.00,0.00
-48.01,0.47,82.98,-3.15,271.58,33.55,5.89,12.28,-5.14,-3.00,-5.00,-6.00
-48.02,0.51,82.98,-1.05,271.58,32.51,5.89,12.33,-5.14,-3.00,-3.00,-11.00
-48.02,0.49,83.00,-1.05,270.53,32.51,5.86,12.33,-5.17,-2.00,-3.00,-9.00
-48.03,0.47,83.00,-1.05,270.53,34.60,5.94,12.31,-5.14,-6.00,-8.00,-3.00
-48.03,0.44,82.96,-2.10,272.63,34.60,5.92,12.25,-5.17,-9.00,-10.00,-1.00
-48.04,0.44,82.93,-3.15,271.58,32.51,5.94,12.28,-5.19,-10.00,-8.00,-1.00
-48.04,0.46,82.95,-3.15,271.58,32.51,5.97,12.39,-5.25,-8.00,-4.00,0.00
-48.04,0.48,82.96,-2.10,272.63,34.60,5.89,12.25,-5.14,-7.00,-2.00,0.00
-48.04,0.49,82.93,-1.05,271.58,33.55,5.97,12.28,-5.17,-6.00,-4.00,-5.00
-48.04,0.47,82.93,-3.15,272.63,32.51,5.94,12.28,-5.19,-5.00,-5.00,-7.00
-48.05,0.50,82.96,-1.05,271.58,32.51,5.89,12.36,-5.22,2.00,-10.00,-13.00
-48.08,0.50,82.99,1.05,272.63,33.55,5.86,12.28,-5.14,7.00,-16.00,-16.00
-48.11,0.44,83.00,0.00,271.58,32.51,5.89,12.36,-5.17,7.00,-25.00,-14.00
-48.14,0.41,83.03,-2.10,270.53,31.46,5.94,12.28,-5.14,10.00,-26.00,-14.00
-48.16,0.44,83.09,-3.15,271.58,33.55,5.92,12.28,-5.19,13.00,-24.00,-17.00
-48.19,0.48,83.11,-3.15,273.68,34.60,5.89,12.25,-5.19,22.00,-21.00,-21.00
-48.22,0.54,83.12,-1.05,273.68,34.60,5.78,12.36,-5.22,29.00,-24.00,-31.00
-48.28,0.56,83.14,1.05,277.87,32.51,5.86,12.31,-5.22,35.00,-28.00,-37.00
-48.34,0.54,83.25,7.34,292.55,32.51,5.86,12.33,-5.31,70.00,-45.00,-45.00
-48.52,0.46,83.55,7.34,322.96,30.41,5.83,12.39,-5.31,187.00,-115.00,-77.00
-48.80,0.60,84.36,13.63,336.59,35.65,5.72,12.28,-5.39,532.00,-178.00,-209.00
-49.22,1.09,85.68,11.53,324.01,40.89,5.58,12.17,-5.64,968.00,-255.00,-485.00
-49.67,1.84,87.29,11.53,318.77,34.60,5.50,12.14,-5.83,1301.00,-266.00,-698.00
-50.10,2.73,89.28,5.24,306.18,29.36,5.11,12.03,-6.33,1622.00,-272.00,-834.00
-50.52,3.69,91.38,-1.05,277.87,23.07,5.06,11.92,-6.47,1798.00,-265.00,-893.00
-50.88,4.64,93.27,-18.87,255.85,8.39,4.67,11.67,-6.97,1796.00,-277.00,-897.00
-51.26,5.84,95.10,-48.23,240.12,-8.39,4.53,11.58,-7.25,1698.00,-308.00,-865.00
-51.41,7.39,96.86,-70.25,227.54,-26.21,4.39,11.42,-7.50,1464.00,-193.00,-765.00
-51.28,8.90,98.40,-83.89,210.76,-41.94,4.31,11.31,-7.69,1114.00,-25.00,-557.00
-50.90,10.07,99.47,-90.18,208.67,-61.87,4.28,11.19,-7.89,605.00,140.00,-260.00
-50.28,10.89,100.27,-81.79,219.15,-72.35,4.36,11.19,-7.92,172.00,280.00,17.00
-49.58,11.21,100.67,-76.55,222.30,-73.40,4.39,11.19,-7.75,-229.00,330.00,234.00
-48.87,11.23,100.59,-67.11,229.64,-70.25,4.39,11.25,-7.61,-557.00,337.00,351.00
-48.12,11.01,100.24,-55.57,240.12,-61.87,4.64,11.33,-7.53,-700.00,361.00,390.00
-47.41,10.47,99.42,-42.99,248.51,-50.33,4.78,11.39,-7.36,-922.00,352.00,452.00
-46.78,9.64,98.17,-31.46,255.85,-38.80,5.06,11.61,-7.06,-1075.00,321.00,504.00
-46.25,8.62,96.63,-25.17,264.24,-25.17,5.08,11.67,-6.94,-1162.00,239.00,525.00
-45.90,7.57,94.88,-17.83,273.68,-18.87,5.19,11.81,-6.67,-1184.00,147.00,523.00
-45.61,6.52,93.22,-14.68,278.92,-11.53,5.33,11.83,-6.44,-1130.00,94.00,494.00
-45.40,5.54,91.69,-12.58,281.02,-3.15,5.47,11.92,-6.14,-1046.00,48.00,468.00
-45.21,4.65,90.26,-9.44,282.07,5.24,5.50,12.00,-6.08,-957.00,31.00,444.00
-45.12,3.79,88.87,-6.29,286.26,9.44,5.67,11.97,-5.92,-911.00,-12.00,438.00
-45.03,2.99,87.67,-7.34,290.46,13.63,5.72,12.08,-5.78,-812.00,-9.00,412.00
-44.97,2.34,86.66,-3.15,288.36,19.92,5.81,12.19,-5.56,-701.00,-14.00,370.00
-44.89,1.77,85.80,-5.24,293.60,22.02,5.92,12.14,-5.53,-580.00,9.00,303.00
-44.74,1.41,85.17,-3.15,288.36,27.26,6.00,12.19,-5.33,-454.00,82.00,218.00
-44.71,1.08,84.63,1.05,288.36,27.26,6.03,12.31,-5.31,-352.00,-2.00,191.00
-44.72,0.72,84.25,1.05,285.21,29.36,6.08,12.17,-5.31,-275.00,-19.00,176.00
-44.76,0.43,83.96,0.00,284.16,29.36,6.08,12.25,-5.28,-202.00,-27.00,143.00
-44.78,0.24,83.74,1.05,283.12,32.51,6.11,12.22,-5.22,-163.00,-3.00,113.00
-44.74,0.15,83.61,2.10,284.16,31.46,6.11,12.31,-5.31,-77.00,52.00,43.00
-44.70,0.08,83.56,2.10,278.92,33.55,6.08,12.17,-5.17,-44.00,66.00,18.00
-44.70,0.02,83.50,4.19,273.68,30.41,6.14,12.14,-5.17,-17.00,31.00,13.00
-44.74,-0.10,83.51,3.15,273.68,30.41,6.17,12.25,-5.22,-4.00,-1.00,23.00
-44.79,-0.17,83.53,2.10,272.63,28.31,6.08,12.25,-5.17,1.00,2.00,17.00
-44.84,-0.20,83.59,3.15,269.48,29.36,6.14,12.19,-5.19,4.00,3.00,2.00
-44.91,-0.25,83.59,2.10,271.58,29.36,6.14,12.19,-5.22,-12.00,-15.00,2.00
-44.98,-0.27,83.60,1.05,272.63,31.46,6.14,12.17,-5.14,-15.00,-14.00,1.00
-45.05,-0.27,83.56,1.05,272.63,29.36,6.11,12.31,-5.17,-13.00,-21.00,-4.00
-45.14,-0.25,83.58,0.00,272.63,30.41,6.17,12.22,-5.11,-6.00,-29.00,-11.00
-45.22,-0.19,83.59,0.00,271.58,32.51,6.19,12.22,-5.19,1.00,-24.00,-25.00
-45.28,-0.14,83.54,1.05,273.68,32.51,6.03,12.28,-5.22,-6.00,-17.00,-27.00
-45.36,-0.10,83.51,0.00,272.63,30.41,6.11,12.19,-5.22,-1.00,-16.00,-35.00
-45.43,-0.05,83.53,0.00,272.63,31.46,6.11,12.22,-5.19,1.00,-10.00,-34.00
-45.49,-0.01,83.52,-1.05,272.63,30.41,6.11,12.25,-5.19,-1.00,-13.00,-26.00
-45.56,0.05,83.54,0.00,271.58,30.41,6.08,12.28,-5.22,4.00,-26.00,-27.00
-45.66,0.07,83.56,0.00,273.68,26.21,6.06,12.25,-5.25,9.00,-34.00,-26.00
-45.74,0.10,83.67,0.00,273.68,28.31,6.08,12.25,-5.31,14.00,-28.00,-24.00
-45.80,0.12,83.74,-1.05,271.58,28.31,6.08,12.22,-5.25,19.00,-13.00,-26.00
-45.85,0.17,83.78,-2.10,272.63,29.36,6.08,12.25,-5.25,7.00,-7.00,-25.00
-45.89,0.22,83.80,-1.05,272.63,29.36,6.11,12.25,-5.28,3.00,-8.00,-19.00
-45.93,0.24,83.81,-3.15,271.58,29.36,6.06,12.19,-5.25,3.00,-11.00,-19.00
-45.98,0.31,83.82,-1.05,270.53,28.31,6.08,12.22,-5.22,3.00,-11.00,-20.00
-46.01,0.32,83.83,-1.05,271.58,28.31,6.00,12.22,-5.28,-7.00,-6.00,-15.00
-46.04,0.32,83.83,-1.05,272.63,29.36,6.03,12.25,-5.31,-16.00,-5.00,-5.00
-46.09,0.30,83.81,-1.05,273.68,27.26,6.03,12.28,-5.33,-17.00,-12.00,2.00
-46.14,0.29,83.84,-1.05,271.58,29.36,6.06,12.25,-5.22,-15.00,-16.00,1.00
-46.18,0.29,83.83,-2.10,271.58,30.41,6.00,12.28,-5.22,-11.00,-14.00,-4.00
-46.21,0.31,83.79,0.00,272.63,29.36,6.03,12.19,-5.25,-13.00,-8.00,-8.00
-46.23,0.29,83.77,-1.05,271.58,28.31,5.94,12.22,-5.19,-21.00,1.00,-7.00
-46.25,0.30,83.78,-2.10,272.63,28.31,6.11,12.31,-5.22,-10.00,7.00,-7.00
-46.24,0.32,83.81,0.00,270.53,30.41,6.08,12.31,-5.28,-3.00,9.00,-7.00
-46.25,0.30,83.78,0.00,271.58,30.41,5.97,12.31,-5.28,-7.00,10.00,-4.00
-46.28,0.26,83.74,0.00,273.68,30.41,6.00,12.31,-5.28,-15.00,0.00,9.00
-46.31,0.22,83.72,-1.05,272.63,28.31,6.11,12.28,-5.22,-10.00,-5.00,12.00
-46.33,0.21,83.75,-1.05,272.63,28.31,6.00,12.25,-5.22,-9.00,-7.00,2.00
-46.35,0.22,83.77,0.00,270.53,30.41,6.06,12.19,-5.22,-10.00,-3.00,-5.00
-46.37,0.21,83.73,0.00,272.63,29.36,6.03,12.14,-5.28,-13.00,-3.00,-10.00
-46.40,0.21,83.73,-1.05,270.53,29.36,6.03,12.22,-5.28,-14.00,-6.00,-14.00
-46.45,0.23,83.71,-1.05,270.53,30.41,6.08,12.31,-5.22,-18.00,-15.00,-16.00
-46.49,0.25,83.68,-2.10,273.68,31.46,5.94,12.22,-5.06,-16.00,-19.00,-17.00
-46.52,0.29,83.64,-2.10,272.63,29.36,6.08,12.19,-5.28,-11.00,-16.00,-18.00
-46.55,0.33,83.65,-1.05,272.63,31.46,6.00,12.31,-5.19,-12.00,-14.00,-19.00
-46.59,0.35,83.61,-1.05,271.58,30.41,5.97,12.17,-5.22,-11.00,-14.00,-22.00
-46.64,0.36,83.60,-1.05,271.58,29.36,6.03,12.28,-5.17,-10.00,-21.00,-21.00
-46.70,0.36,83.61,1.05,273.68,31.46,6.06,12.25,-5.28,-8.00,-37.00,-16.00
-46.77,0.32,83.59,0.00,271.58,29.36,6.03,12.31,-5.22,-9.00,-45.00,-13.00
-46.86,0.29,83.60,0.00,270.53,31.46,5.94,12.28,-5.25,-10.00,-58.00,-10.00
-46.98,0.27,83.56,0.00,270.53,31.46,6.03,12.31,-5.31,-11.00,-69.00,-10.00
-47.09,0.24,83.54,-2.10,273.68,30.41,6.06,12.22,-5.25,-5.00,-67.00,-9.00
-47.17,0.26,83.55,-4.19,272.63,30.41,5.94,12.22,-5.31,-2.00,-57.00,-5.00
-47.25,0.32,83.57,-3.15,272.63,30.41,5.94,12.33,-5.31,6.00,-43.00,-3.00
-47.31,0.35,83.59,-2.10,272.63,31.46,5.97,12.39,-5.31,9.00,-30.00,-3.00
-47.34,0.37,83.59,-1.05,274.73,30.41,5.89,12.19,-5.25,11.00,-16.00,-7.00
-47.37,0.37,83.62,0.00,273.68,31.46,6.00,12.33,-5.25,12.00,-10.00,-10.00
-47.38,0.36,83.62,3.15,275.78,32.51,5.94,12.19,-5.31,17.00,-2.00,-20.00
-47.41,0.31,83.66,7.34,291.50,34.60,5.97,12.31,-5.22,47.00,-15.00,-36.00
-47.53,0.25,83.86,16.78,324.01,33.55,5.89,12.28,-5.36,170.00,-79.00,-76.00
-47.92,0.33,84.61,20.97,351.27,35.65,5.78,12.17,-5.56,533.00,-240.00,-227.00
-48.58,0.81,86.14,10.49,347.08,39.85,5.69,12.17,-5.78,1116.00,-410.00,-489.00
-49.22,1.65,88.25,3.15,328.20,40.89,5.44,11.94,-6.14,1614.00,-400.00,-695.00
-49.79,2.73,90.64,0.00,311.43,31.46,5.28,11.89,-6.42,1973.00,-356.00,-868.00
-50.26,3.94,93.06,-8.39,279.97,17.83,4.89,11.64,-7.11,2106.00,-340.00,-1000.00
-50.71,5.22,95.46,-27.26,243.27,9.44,4.78,11.47,-7.33,2210.00,-337.00,-1035.00
-50.97,6.75,97.58,-51.38,224.40,-17.83,4.42,11.19,-7.75,2003.00,-267.00,-1000.00
-50.95,8.34,99.69,-67.11,209.72,-47.19,4.36,11.11,-8.00,1664.00,-108.00,-828.00
-50.67,9.67,101.59,-75.50,207.62,-73.40,4.22,10.97,-8.11,1214.00,29.00,-565.00
-50.26,10.67,103.20,-75.50,206.57,-90.18,4.22,10.75,-8.25,745.00,85.00,-274.00
-49.74,11.22,104.40,-75.50,212.86,-100.66,4.17,10.75,-8.36,288.00,153.00,-2.00
-49.26,11.48,105.16,-72.35,220.20,-98.57,4.19,10.72,-8.36,-117.00,136.00,198.00
-48.77,11.53,105.55,-68.16,226.49,-92.27,4.39,10.72,-8.33,-307.00,155.00,278.00
-48.29,11.35,105.31,-62.91,234.88,-81.79,4.56,10.83,-8.08,-624.00,174.00,374.00
-47.76,10.99,104.51,-56.62,245.37,-71.30,4.53,10.92,-8.11,-859.00,222.00,427.00
-47.25,10.42,103.27,-42.99,250.61,-56.62,4.72,11.14,-7.75,-1041.00,259.00,482.00
-46.72,9.54,101.61,-34.60,262.14,-46.14,4.89,11.19,-7.61,-1175.00,286.00,532.00
-46.23,8.50,99.76,-24.12,269.48,-38.80,5.00,11.47,-7.28,-1238.00,268.00,569.00
-45.75,7.37,97.95,-18.87,276.82,-31.46,5.08,11.47,-7.14,-1203.00,241.00,555.00
-45.35,6.30,96.27,-12.58,281.02,-24.12,5.33,11.56,-6.83,-1121.00,207.00,517.00
-44.98,5.25,94.65,-5.24,282.07,-15.73,5.44,11.64,-6.61,-1084.00,180.00,501.00
-44.71,4.19,93.15,-1.05,283.12,-7.34,5.61,11.81,-6.47,-990.00,114.00,478.00
-44.53,3.18,91.74,-1.05,281.02,1.05,5.64,11.83,-6.39,-905.00,57.00,462.00
-44.41,2.32,90.40,0.00,281.02,6.29,5.75,11.94,-6.08,-829.00,46.00,419.00
-44.35,1.54,89.18,4.19,284.16,10.49,5.86,11.97,-6.03,-764.00,3.00,407.00
-44.26,0.83,88.15,1.05,291.50,12.58,5.94,12.03,-5.92,-657.00,35.00,355.00
-44.13,0.35,87.33,1.05,288.36,15.73,6.00,12.00,-5.78,-552.00,80.00,284.00
-44.12,-0.06,86.66,4.19,286.26,19.92,6.06,12.03,-5.69,-452.00,9.00,259.00
-44.14,-0.47,86.04,2.10,289.41,23.07,6.19,12.06,-5.56,-405.00,-4.00,243.00
-44.10,-0.75,85.54,3.15,286.26,24.12,6.14,12.08,-5.53,-327.00,30.00,207.00
-44.05,-0.93,85.15,3.15,285.21,24.12,6.22,12.00,-5.44,-257.00,68.00,147.00
-43.89,-0.98,84.89,2.10,283.12,26.21,6.28,12.00,-5.36,-185.00,149.00,69.00
-43.73,-0.98,84.64,4.19,277.87,29.36,6.22,12.03,-5.42,-168.00,153.00,52.00
-43.62,-1.00,84.41,6.29,278.92,29.36,6.33,12.00,-5.33,-121.00,132.00,34.00
-43.54,-1.05,84.23,6.29,276.82,30.41,6.42,12.06,-5.25,-99.00,102.00,28.00
-43.42,-1.06,84.07,5.24,275.78,28.31,6.36,12.17,-5.28,-77.00,122.00,4.00
-43.33,-1.04,83.98,7.34,272.63,29.36,6.33,12.14,-5.31,-72.00,124.00,-5.00
-43.27,-1.06,83.86,6.29,272.63,28.31,6.39,12.06,-5.22,-76.00,106.00,-10.00
-43.22,-1.05,83.79,8.39,271.58,27.26,6.28,12.11,-5.22,-62.00,88.00,-14.00
-43.23,-1.10,83.76,6.29,277.87,29.36,6.39,12.11,-5.22,-54.00,58.00,-4.00
-43.29,-1.05,83.78,4.19,270.53,29.36,6.33,12.11,-5.17,-1.00,22.00,-49.00
-43.34,-1.05,83.72,5.24,275.78,28.31,6.33,12.08,-5.17,-45.00,17.00,12.00
-43.43,-1.04,83.76,3.15,275.78,28.31,6.31,12.17,-5.25,-5.00,-9.00,-8.00
-43.51,-0.96,83.80,3.15,274.73,29.36,6.42,12.22,-5.14,3.00,9.00,-27.00
-43.53,-0.87,83.83,3.15,273.68,29.36,6.31,12.11,-5.19,9.00,35.00,-41.00
-43.57,-0.80,83.83,4.19,271.58,29.36,6.42,12.08,-5.28,1.00,30.00,-34.00
-43.67,-0.77,83.84,3.15,271.58,27.26,6.31,12.11,-5.19,6.00,-24.00,-31.00
-43.79,-0.74,83.88,2.10,271.58,27.26,6.31,12.14,-5.14,-2.00,-37.00,-18.00
-43.89,-0.67,83.93,3.15,272.63,26.21,6.22,12.11,-5.22,3.00,-23.00,-27.00
-44.01,-0.64,84.00,4.19,271.58,25.17,6.25,12.14,-5.25,7.00,-34.00,-25.00
-44.13,-0.64,84.08,1.05,272.63,25.17,6.31,12.11,-5.22,7.00,-35.00,-22.00
-44.24,-0.57,84.14,1.05,273.68,26.21,6.19,12.08,-5.19,-1.00,-39.00,-27.00
-44.35,-0.50,84.18,2.10,272.63,26.21,6.33,12.11,-5.19,-1.00,-35.00,-29.00
-44.44,-0.45,84.22,1.05,270.53,28.31,6.31,12.14,-5.22,1.00,-33.00,-33.00
-44.52,-0.39,84.19,1.05,274.73,28.31,6.31,12.11,-5.31,-7.00,-27.00,-33.00
-44.61,-0.33,84.20,2.10,273.68,25.17,6.22,12.17,-5.14,10.00,-33.00,-30.00
-44.69,-0.30,84.28,1.05,273.68,28.31,6.31,12.11,-5.28,15.00,-27.00,-30.00
-44.75,-0.27,84.29,1.05,272.63,25.17,6.31,12.14,-5.22,18.00,-17.00,-21.00
-44.80,-0.25,84.37,1.05,273.68,26.21,6.25,12.17,-5.31,25.00,-22.00,-12.00
-44.88,-0.23,84.42,0.00,273.68,25.17,6.25,12.08,-5.25,26.00,-27.00,-15.00
-44.95,-0.19,84.49,1.05,271.58,25.17,6.33,12.11,-5.25,23.00,-30.00,-17.00
-44.99,-0.16,84.53,-2.10,270.53,23.07,6.28,12.11,-5.31,15.00,-20.00,-21.00
-45.03,-0.07,84.60,-1.05,271.58,24.12,6.22,12.08,-5.33,7.00,-7.00,-24.00
-45.07,-0.02,84.63,1.05,270.53,24.12,6.19,12.14,-5.36,-5.00,-5.00,-15.00
-45.12,-0.03,84.63,1.05,271.58,26.21,6.19,12.11,-5.28,-20.00,-13.00,-7.00
-45.15,-0.00,84.61,1.05,276.82,24.12,6.19,12.14,-5.22,-5.00,-4.00,-34.00
-45.21,0.00,84.61,3.15,270.53,24.12,6.14,12.14,-5.33,-34.00,-36.00,-22.00
-45.31,-0.00,84.61,2.10,273.68,26.21,6.19,12.25,-5.31,-24.00,-43.00,-49.00
-45.41,0.02,84.58,2.10,273.68,27.26,6.22,12.25,-5.22,-13.00,-52.00,-53.00
-45.49,0.06,84.56,1.05,273.68,26.21,6.06,12.17,-5.28,-1.00,-49.00,-64.00
-45.60,0.10,84.56,0.00,272.63,25.17,6.17,12.22,-5.36,4.00,-55.00,-53.00
-45.70,0.13,84.59,-2.10,272.63,25.17,6.11,12.14,-5.28,5.00,-54.00,-36.00
-45.79,0.18,84.62,0.00,273.68,25.17,6.08,12.19,-5.28,10.00,-56.00,-19.00
-45.86,0.19,84.66,-2.10,274.73,27.26,6.08,12.17,-5.36,19.00,-36.00,-23.00
-45.92,0.25,84.67,0.00,275.78,26.21,6.00,12.22,-5.33,29.00,-29.00,-25.00
-45.99,0.26,84.71,0.00,274.73,27.26,6.06,12.17,-5.33,35.00,-28.00,-26.00
-46.05,0.27,84.76,0.00,275.78,28.31,6.14,12.19,-5.33,57.00,-33.00,-33.00
-46.09,0.30,84.83,0.00,281.02,29.36,6.06,12.22,-5.42,90.00,-26.00,-37.00
-46.11,0.35,85.00,1.05,290.46,27.26,6.03,12.11,-5.39,178.00,6.00,-60.00
-46.18,0.49,85.51,5.24,309.33,19.92,6.06,12.11,-5.50,387.00,-29.00,-136.00
-46.46,0.82,86.75,16.78,339.74,15.73,5.94,12.08,-5.67,850.00,-165.00,-327.00
-46.88,1.40,88.59,18.87,333.45,25.17,5.81,12.08,-5.92,1304.00,-260.00,-567.00
-47.34,2.13,90.63,15.73,317.72,31.46,5.64,11.86,-6.31,1599.00,-300.00,-714.00
-47.76,2.94,92.77,0.00,295.70,7.34,5.50,11.86,-6.53,1868.00,-301.00,-814.00
-48.15,3.95,95.12,-18.87,264.24,4.19,5.17,11.50,-7.11,1970.00,-334.00,-880.00
-48.57,5.41,97.24,-41.94,248.51,-10.49,4.94,11.39,-7.36,1985.00,-369.00,-993.00
-48.69,7.18,99.31,-60.82,221.25,-26.21,4.72,11.17,-7.75,1816.00,-220.00,-974.00
-48.51,8.87,101.23,-73.40,199.23,-48.23,4.58,11.06,-7.94,1484.00,-38.00,-820.00
-48.09,10.12,102.69,-81.79,202.38,-75.50,4.39,10.89,-8.22,923.00,121.00,-501.00
-47.44,10.97,103.82,-78.64,214.96,-96.47,4.47,10.83,-8.22,382.00,289.00,-163.00
-46.68,11.39,104.69,-71.30,220.20,-98.57,4.50,10.78,-8.11,-57.00,337.00,94.00
-45.91,11.47,105.25,-66.06,223.35,-94.37,4.58,10.89,-8.17,-256.00,342.00,194.00
-45.21,11.27,105.16,-56.62,235.93,-81.79,4.78,10.92,-7.92,-597.00,338.00,324.00
-44.58,10.76,104.43,-46.14,241.17,-69.21,4.83,11.00,-7.81,-836.00,316.00,409.00
-43.99,9.96,103.18,-36.70,247.46,-57.67,5.06,11.17,-7.56,-1040.00,330.00,496.00
-43.43,8.94,101.56,-28.31,261.10,-50.33,5.14,11.28,-7.42,-1187.00,326.00,571.00
-42.95,7.79,99.80,-24.12,268.44,-38.80,5.39,11.44,-7.06,-1236.00,277.00,592.00
-42.52,6.72,97.95,-17.83,277.87,-29.36,5.47,11.58,-6.89,-1233.00,234.00,559.00
-42.16,5.74,96.17,-14.68,282.07,-22.02,5.67,11.69,-6.64,-1166.00,188.00,488.00
-41.84,4.85,94.45,-9.44,286.26,-15.73,5.69,11.69,-6.44,-1127.00,161.00,453.00
-41.62,4.04,92.91,-5.24,287.31,-8.39,5.86,11.89,-6.19,-1028.00,99.00,388.00
-41.47,3.29,91.52,-2.10,289.41,2.10,5.94,11.92,-6.11,-922.00,49.00,346.00
-41.39,2.56,90.17,-1.05,285.21,3.15,6.06,11.94,-5.83,-846.00,25.00,340.00
-41.32,1.95,89.05,-8.39,285.21,6.29,6.06,11.97,-5.78,-756.00,14.00,290.00
-41.19,1.59,88.12,0.00,286.26,13.63,6.14,12.03,-5.64,-656.00,83.00,244.00
-41.20,1.09,87.22,0.00,285.21,17.83,6.19,11.94,-5.61,-590.00,-7.00,256.00
-41.18,0.64,86.44,-1.05,285.21,18.87,6.28,12.08,-5.44,-509.00,27.00,250.00
-41.17,0.25,85.75,2.10,284.16,22.02,6.28,12.08,-5.36,-482.00,23.00,259.00
-41.16,-0.15,85.17,1.05,285.21,19.92,6.33,12.03,-5.22,-410.00,31.00,244.00
-41.14,-0.40,84.82,2.10,285.21,25.17,6.42,12.08,-5.28,-306.00,39.00,179.00
-41.09,-0.56,84.53,4.19,283.12,24.12,6.39,12.11,-5.11,-218.00,86.00,126.00
-41.06,-0.68,84.37,3.15,278.92,27.26,6.42,12.06,-5.22,-161.00,74.00,71.00
-41.10,-0.75,84.18,5.24,276.82,30.41,6.50,12.14,-5.03,-139.00,36.00,57.00
-41.13,-0.84,83.98,6.29,277.87,29.36,6.47,12.14,-5.08,-116.00,28.00,48.00
-41.20,-0.94,83.85,8.39,277.87,30.41,6.50,12.11,-5.06,-89.00,10.00,40.00
-41.30,-1.07,83.74,6.29,274.73,30.41,6.44,12.17,-5.08,-78.00,-10.00,37.00
-41.42,-1.13,83.65,5.24,272.63,30.41,6.50,12.08,-5.03,-63.00,-19.00,30.00
-41.53,-1.16,83.58,5.24,272.63,33.55,6.56,12.11,-5.06,-53.00,-20.00,21.00
-41.64,-1.17,83.46,5.24,272.63,32.51,6.58,12.03,-5.00,-47.00,-13.00,12.00
-41.72,-1.17,83.40,4.19,272.63,31.46,6.56,12.08,-5.08,-25.00,-5.00,5.00
-41.80,-1.13,83.38,2.10,272.63,35.65,6.47,12.14,-5.08,-14.00,8.00,-8.00
-41.92,-1.10,83.26,5.24,272.63,34.60,6.53,12.11,-4.97,-33.00,-22.00,24.00
-42.01,-1.10,83.19,4.19,274.73,32.51,6.42,12.11,-5.00,-16.00,-4.00,2.00
-42.10,-1.09,83.17,4.19,273.68,32.51,6.44,12.11,-5.08,-21.00,-1.00,4.00
-42.20,-1.05,83.17,3.15,273.68,32.51,6.56,12.06,-4.97,-9.00,0.00,-13.00
-42.28,-0.98,83.18,4.19,271.58,33.55,6.47,12.11,-5.06,6.00,-5.00,-25.00
-42.39,-0.94,83.17,4.19,271.58,31.46,6.56,12.14,-5.00,5.00,-8.00,-22.00
-42.46,-0.91,83.20,3.15,271.58,29.36,6.50,12.08,-5.00,3.00,-3.00,-16.00
-42.54,-0.86,83.27,4.19,271.58,30.41,6.53,12.17,-4.97,8.00,-6.00,-16.00
-42.63,-0.87,83.31,3.15,271.58,30.41,6.56,12.17,-5.08,-1.00,-16.00,0.00
-42.71,-0.85,83.34,3.15,270.53,31.46,6.50,12.08,-5.03,-1.00,-7.00,1.00
-42.77,-0.83,83.34,2.10,269.48,29.36,6.47,12.08,-5.03,-3.00,-2.00,0.00
-42.83,-0.79,83.36,3.15,274.73,28.31,6.44,12.17,-5.03,-20.00,6.00,-4.00
-42.89,-0.76,83.42,4.19,273.68,30.41,6.53,12.08,-5.00,-8.00,11.00,-6.00
-42.93,-0.77,83.44,4.19,274.73,29.36,6.50,12.17,-5.06,-6.00,3.00,1.00
-43.00,-0.80,83.49,3.15,272.63,29.36,6.50,12.14,-4.97,4.00,-8.00,13.00
-43.05,-0.80,83.55,2.10,273.68,28.31,6.53,12.08,-4.97,15.00,-6.00,7.00
-43.11,-0.76,83.63,4.19,273.68,30.41,6.50,12.17,-5.00,19.00,-10.00,-3.00
-43.18,-0.76,83.66,2.10,272.63,28.31,6.50,12.19,-5.03,16.00,-16.00,-7.00
-43.25,-0.72,83.72,3.15,270.53,27.26,6.56,12.17,-5.08,11.00,-16.00,-10.00
-43.32,-0.68,83.81,3.15,270.53,28.31,6.50,12.08,-5.00,24.00,-16.00,-24.00
-43.39,-0.68,83.84,3.15,270.53,28.31,6.47,12.14,-5.08,4.00,-29.00,-5.00
-43.46,-0.69,83.85,3.15,273.68,29.36,6.58,12.17,-5.08,-6.00,-21.00,6.00
-43.53,-0.67,83.88,3.15,270.53,29.36,6.47,12.06,-5.00,14.00,-25.00,-14.00
-43.60,-0.66,83.87,2.10,270.53,29.36,6.53,12.03,-5.08,-1.00,-34.00,-6.00
-43.65,-0.62,83.87,2.10,272.63,29.36,6.50,12.06,-5.08,4.00,-13.00,-16.00
-43.71,-0.59,83.87,2.10,273.68,29.36,6.44,12.17,-5.08,-3.00,-20.00,-15.00
-43.77,-0.55,83.87,1.05,272.63,29.36,6.50,12.03,-5.03,-1.00,-14.00,-16.00
-43.80,-0.49,83.88,1.05,271.58,29.36,6.39,12.17,-5.11,3.00,-5.00,-17.00
-43.83,-0.46,83.89,0.00,273.68,28.31,6.53,12.11,-5.03,7.00,11.00,-4.00
-43.81,-0.43,83.93,2.10,273.68,27.26,6.50,12.14,-5.06,14.00,23.00,10.00
-43.78,-0.43,84.01,0.00,271.58,28.31,6.47,12.11,-5.11,28.00,35.00,10.00
-43.75,-0.41,84.04,2.10,270.53,27.26,6.47,12.08,-5.08,22.00,40.00,18.00
-43.71,-0.43,84.09,3.15,272.63,28.31,6.56,12.14,-5.14,15.00,41.00,18.00
-43.68,-0.48,84.11,3.15,273.68,27.26,6.53,12.06,-5.00,17.00,38.00,20.00
-43.65,-0.52,84.16,4.19,272.63,28.31,6.53,12.14,-5.11,19.00,22.00,20.00
-43.66,-0.57,84.18,4.19,272.63,26.21,6.53,12.14,-5.11,22.00,6.00,11.00
-43.69,-0.59,84.25,4.19,271.58,27.26,6.50,12.06,-5.11,20.00,-4.00,-7.00
-43.73,-0.59,84.27,4.19,270.53,27.26,6.56,12.11,-5.11,14.00,-7.00,-18.00
-43.76,-0.60,84.28,4.19,271.58,25.17,6.58,12.08,-5.14,9.00,-10.00,-17.00
-43.79,-0.60,84.36,3.15,273.68,24.12,6.53,12.11,-5.11,21.00,-8.00,-15.00
-43.82,-0.58,84.45,3.15,273.68,26.21,6.47,12.03,-5.08,20.00,-7.00,-20.00
-43.84,-0.55,84.48,3.15,272.63,27.26,6.47,12.08,-5.14,18.00,0.00,-31.00
-43.87,-0.50,84.49,2.10,273.68,30.41,6.44,12.08,-5.14,18.00,-6.00,-38.00
-43.89,-0.46,84.45,2.10,279.97,29.36,6.53,12.14,-5.14,27.00,9.00,-27.00
-43.91,-0.40,84.61,4.19,293.60,27.26,6.42,12.08,-5.19,142.00,-2.00,-39.00
-43.99,-0.34,85.11,8.39,304.09,28.31,6.47,12.06,-5.22,349.00,-34.00,-76.00
-44.12,-0.22,86.00,12.58,329.25,20.97,6.39,12.00,-5.47,660.00,-64.00,-159.00
-44.41,0.14,87.70,17.83,346.03,22.02,6.36,11.92,-5.61,1209.00,-161.00,-349.00
-44.74,0.75,89.87,15.73,326.11,32.51,6.14,11.78,-6.06,1608.00,-205.00,-549.00
-45.07,1.46,91.98,13.63,295.70,31.46,6.08,11.67,-6.28,1770.00,-212.00,-661.00
-45.35,2.09,93.75,1.05,267.39,15.73,5.81,11.56,-6.72,1769.00,-213.00,-682.00
-45.59,2.73,95.14,-17.83,229.64,1.05,5.64,11.42,-6.83,1518.00,-186.00,-611.00
-45.67,3.46,96.26,-40.89,213.91,-30.41,5.64,11.33,-7.08,1072.00,-103.00,-432.00
-45.49,4.17,97.18,-52.43,210.76,-54.53,5.53,11.25,-7.14,580.00,76.00,-218.00
-45.21,4.72,97.79,-45.09,217.06,-69.21,5.58,11.28,-7.11,108.00,141.00,0.00
-44.94,4.90,98.12,-33.55,235.93,-70.25,5.64,11.25,-7.11,-258.00,106.00,184.00
-44.71,4.75,98.12,-29.36,241.17,-59.77,5.69,11.36,-7.00,-533.00,76.00,285.00
-44.49,4.48,97.72,-22.02,247.46,-42.99,5.81,11.33,-6.83,-660.00,67.00,321.00
-44.27,4.03,96.72,-14.68,260.05,-31.46,5.94,11.50,-6.67,-862.00,66.00,356.00
-44.03,3.46,95.40,-9.44,267.39,-22.02,5.94,11.58,-6.56,-961.00,78.00,347.00
-43.82,2.82,93.93,-4.19,275.78,-10.49,6.11,11.72,-6.28,-1014.00,62.00,356.00
-43.62,2.15,92.35,-2.10,283.12,-3.15,6.06,11.72,-6.14,-1015.00,51.00,352.00
-43.44,1.54,90.85,2.10,290.46,2.10,6.19,11.72,-5.97,-965.00,55.00,328.00
-43.33,0.93,89.53,2.10,290.46,6.29,6.31,11.89,-5.81,-869.00,18.00,315.00
-43.25,0.42,88.43,5.24,290.46,11.53,6.42,11.92,-5.67,-745.00,-1.00,283.00
-43.19,-0.08,87.42,7.34,289.41,17.83,6.42,11.92,-5.50,-679.00,-3.00,268.00
-43.17,-0.54,86.55,5.24,288.36,18.87,6.44,11.97,-5.53,-567.00,-18.00,241.00
-43.14,-0.87,85.91,8.39,287.31,22.02,6.47,11.97,-5.36,-446.00,11.00,206.00
-43.14,-1.18,85.41,8.39,285.21,20.97,6.50,12.00,-5.28,-343.00,-6.00,171.00
-43.15,-1.39,85.10,7.34,285.21,27.26,6.64,12.03,-5.31,-245.00,-2.00,121.00
-43.10,-1.54,84.78,10.49,279.97,27.26,6.56,11.97,-5.17,-199.00,50.00,102.00
-43.17,-1.70,84.54,8.39,279.97,25.17,6.58,12.00,-5.17,-148.00,-32.00,76.00
-43.22,-1.77,84.43,6.29,278.92,25.17,6.58,11.94,-5.19,-101.00,-12.00,50.00
-43.26,-1.77,84.38,6.29,278.92,24.12,6.67,12.03,-5.19,-69.00,2.00,28.00
-43.25,-1.73,84.37,5.24,276.82,27.26,6.61,12.03,-5.22,-52.00,39.00,12.00
-43.25,-1.65,84.31,8.39,271.58,26.21,6.69,11.97,-5.19,-45.00,45.00,-9.00
-43.21,-1.62,84.28,6.29,271.58,26.21,6.64,12.00,-5.22,-36.00,62.00,-22.00
-43.23,-1.61,84.22,10.49,269.48,28.31,6.67,11.94,-5.17,-56.00,20.00,11.00
-43.23,-1.71,84.12,9.44,274.73,27.26,6.64,11.94,-5.03,-58.00,27.00,35.00
-43.22,-1.76,84.08,8.39,270.53,27.26,6.67,12.08,-5.11,-47.00,33.00,20.00
-43.21,-1.81,84.00,7.34,272.63,28.31,6.69,12.03,-5.08,-70.00,30.00,44.00
-43.20,-1.84,83.91,6.29,273.68,29.36,6.69,12.00,-5.03,-67.00,36.00,39.00
-43.18,-1.82,83.83,8.39,271.58,29.36,6.64,12.03,-5.06,-58.00,35.00,26.00
-43.19,-1.85,83.75,10.49,272.63,28.31,6.67,12.00,-5.03,-61.00,26.00,32.00
-43.19,-1.91,83.72,9.44,273.68,30.41,6.67,12.03,-5.00,-45.00,26.00,24.00
-43.21,-1.95,83.66,9.44,272.63,30.41,6.69,11.94,-5.00,-37.00,16.00,24.00
-43.24,-1.97,83.63,11.53,273.68,28.31,6.75,12.00,-4.94,-21.00,7.00,14.00
-43.26,-2.02,83.67,9.44,273.68,29.36,6.78,12.06,-5.08,-7.00,2.00,4.00
-43.33,-2.01,83.69,10.49,274.73,28.31,6.72,12.08,-4.97,-1.00,-18.00,-2.00
-43.40,-2.02,83.74,10.49,273.68,27.26,6.78,11.94,-5.06,3.00,-22.00,-6.00
-43.48,-2.02,83.81,9.44,273.68,29.36,6.75,11.94,-5.08,5.00,-28.00,-13.00
-43.58,-1.99,83.85,10.49,273.68,25.17,6.72,12.00,-5.06,18.00,-45.00,-21.00
-43.70,-1.99,83.96,8.39,271.58,26.21,6.72,11.89,-5.03,16.00,-56.00,-21.00
-43.81,-1.96,84.03,10.49,269.48,27.26,6.78,11.97,-5.06,9.00,-54.00,-14.00
-43.90,-1.99,84.05,10.49,271.58,26.21,6.69,11.94,-5.06,-5.00,-56.00,2.00
-44.00,-2.03,84.09,9.44,271.58,27.26,6.72,12.00,-5.06,-3.00,-51.00,4.00
-44.09,-2.03,84.11,6.29,273.68,27.26,6.64,11.92,-5.08,-5.00,-48.00,-1.00
-44.18,-1.96,84.13,7.34,272.63,26.21,6.67,11.97,-5.00,-5.00,-48.00,-6.00
-44.26,-1.91,84.16,6.29,271.58,28.31,6.69,11.97,-5.08,-5.00,-41.00,-10.00
-44.32,-1.84,84.14,7.34,272.63,27.26,6.78,12.00,-5.08,-9.00,-34.00,-12.00
-44.37,-1.80,84.15,7.34,272.63,28.31,6.69,12.03,-5.14,-6.00,-28.00,-8.00
-44.42,-1.77,84.14,7.34,271.58,30.41,6.72,11.94,-5.06,-5.00,-22.00,-8.00
-44.44,-1.74,84.09,8.39,273.68,27.26,6.69,12.06,-5.11,-5.00,-17.00,-7.00
-44.48,-1.74,84.11,8.39,272.63,26.21,6.69,12.00,-5.17,-1.00,-19.00,-3.00
-44.55,-1.74,84.16,8.39,271.58,27.26,6.69,11.94,-5.14,5.00,-34.00,0.00
-44.61,-1.75,84.19,8.39,273.68,27.26,6.67,11.94,-5.06,6.00,-39.00,1.00
-44.68,-1.76,84.22,8.39,273.68,27.26,6.69,12.00,-5.08,9.00,-47.00,4.00
-44.74,-1.78,84.24,6.29,272.63,26.21,6.64,12.00,-5.06,7.00,-48.00,10.00
-44.80,-1.76,84.27,6.29,272.63,26.21,6.64,12.03,-5.17,0.00,-41.00,13.00
-44.86,-1.72,84.30,8.39,271.58,26.21,6.69,11.97,-5.19,4.00,-30.00,3.00
-44.90,-1.73,84.33,7.34,273.68,26.21,6.67,12.06,-5.14,2.00,-25.00,-2.00
-44.93,-1.70,84.35,7.34,271.58,27.26,6.61,11.97,-5.22,-1.00,-17.00,-9.00
-44.97,-1.67,84.34,8.39,271.58,25.17,6.61,11.94,-5.11,-2.00,-17.00,-8.00
-44.99,-1.67,84.39,10.49,273.68,27.26,6.75,12.03,-5.11,1.00,-16.00,-8.00
-45.00,-1.72,84.38,9.44,273.68,26.21,6.72,11.97,-5.17,1.00,-19.00,-5.00
-45.03,-1.73,84.41,10.49,271.58,26.21,6.67,11.89,-5.17,5.00,-22.00,-8.00
-45.07,-1.77,84.42,8.39,273.68,26.21,6.61,11.97,-5.14,1.00,-27.00,-8.00
-45.10,-1.77,84.45,7.34,272.63,27.26,6.64,12.00,-5.28,6.00,-21.00,-5.00
-45.13,-1.74,84.43,9.44,272.63,26.21,6.69,12.00,-5.17,-4.00,-14.00,-2.00
-45.14,-1.77,84.42,7.34,273.68,26.21,6.58,12.00,-5.17,-12.00,-10.00,2.00
-45.16,-1.74,84.42,7.34,272.63,24.12,6.69,11.97,-5.14,-13.00,-11.00,-1.00
-45.17,-1.72,84.46,8.39,272.63,25.17,6.67,11.97,-5.19,-12.00,-14.00,-5.00
-45.19,-1.71,84.48,8.39,271.58,27.26,6.53,12.06,-5.19,-7.00,-14.00,-10.00
-45.22,-1.71,84.46,8.39,273.68,24.12,6.67,12.00,-5.22,-1.00,-14.00,-6.00
-45.25,-1.71,84.54,11.53,282.07,22.02,6.64,11.97,-5.22,18.00,-19.00,-1.00
-45.35,-1.82,84.87,27.26,326.11,6.29,6.67,11.97,-5.19,167.00,-68.00,26.00
-45.69,-2.00,86.21,30.41,359.66,15.73,6.56,11.81,-5.36,768.00,-247.00,-24.00
-46.16,-1.82,87.96,11.53,306.18,46.14,6.61,11.81,-5.61,1209.00,-321.00,-206.00
-46.44,-1.42,89.20,2.10,274.73,48.23,6.50,11.72,-5.94,1244.00,-212.00,-314.00
-46.63,-0.88,90.02,4.19,272.63,29.36,6.39,11.61,-6.06,1209.00,-156.00,-320.00
-46.74,-0.41,91.04,4.19,275.78,3.15,6.33,11.47,-6.31,1159.00,-105.00,-336.00
-46.92,0.06,92.42,3.15,269.48,-12.58,6.25,11.36,-6.50,1110.00,-156.00,-361.00
-47.07,0.57,93.83,-6.29,250.61,-18.87,6.08,11.25,-6.78,998.00,-152.00,-411.00
-47.19,1.24,94.85,-13.63,219.15,-22.02,6.03,11.28,-6.75,698.00,-140.00,-416.00
-47.18,1.65,95.15,-17.83,218.10,-33.55,5.97,11.31,-6.94,183.00,-64.00,-196.00
-47.11,1.71,95.12,-18.87,235.93,-48.23,5.89,11.31,-6.97,-182.00,-2.00,89.00
-47.00,1.57,95.04,-18.87,242.22,-49.28,5.97,11.19,-6.83,-423.00,29.00,260.00
-46.86,1.40,94.88,-18.87,249.56,-39.85,6.06,11.36,-6.81,-515.00,43.00,292.00
-46.67,1.23,94.37,-16.78,256.90,-30.41,6.19,11.47,-6.56,-649.00,78.00,308.00
-46.37,1.05,93.55,-10.49,266.34,-23.07,6.17,11.47,-6.42,-760.00,126.00,301.00
-46.03,0.73,92.51,-2.10,271.58,-13.63,6.31,11.58,-6.31,-853.00,165.00,316.00
-45.66,0.27,91.33,3.15,276.82,-5.24,6.44,11.58,-6.14,-877.00,182.00,304.00
-45.30,-0.18,90.11,7.34,279.97,2.10,6.58,11.69,-5.97,-860.00,170.00,262.00
-44.97,-0.57,88.98,11.53,285.21,3.15,6.50,11.75,-5.75,-777.00,159.00,196.00
-44.69,-0.97,88.00,16.78,289.41,7.34,6.53,11.81,-5.56,-729.00,138.00,179.00
-44.46,-1.42,87.19,18.87,288.36,10.49,6.64,11.78,-5.64,-616.00,108.00,183.00
-44.32,-1.89,86.53,19.92,286.26,17.83,6.69,11.81,-5.36,-525.00,70.00,189.00
-44.19,-2.30,85.93,16.78,285.21,22.02,6.78,11.86,-5.33,-422.00,52.00,170.00
-44.08,-2.58,85.46,17.83,285.21,24.12,6.75,11.89,-5.28,-314.00,58.00,133.00
-43.98,-2.78,85.13,18.87,282.07,28.31,6.81,11.94,-5.28,-220.00,67.00,87.00
-43.94,-3.03,84.80,23.07,282.07,27.26,6.78,11.89,-5.11,-179.00,24.00,113.00
-43.99,-3.28,84.64,15.73,283.12,28.31,6.89,11.89,-5.19,-99.00,-29.00,70.00
-43.98,-3.29,84.54,16.78,278.92,26.21,6.81,11.89,-5.11,-52.00,21.00,20.00
-43.97,-3.29,84.51,15.73,276.82,28.31,6.86,11.92,-5.17,-27.00,28.00,-10.00
-43.96,-3.21,84.49,16.78,274.73,30.41,6.81,11.83,-5.17,4.00,36.00,-52.00
-44.02,-3.14,84.43,15.73,271.58,26.21,6.78,11.86,-5.25,11.00,-10.00,-65.00
-44.10,-3.09,84.43,16.78,270.53,26.21,6.83,11.83,-5.11,-4.00,-19.00,-51.00
-44.15,-3.03,84.47,15.73,269.48,27.26,6.83,11.92,-5.11,21.00,-12.00,-78.00
-44.24,-3.01,84.41,11.53,269.48,28.31,6.81,11.89,-5.17,-29.00,-44.00,-36.00
-44.34,-2.92,84.32,12.58,271.58,29.36,6.78,11.97,-5.17,-41.00,-50.00,-33.00
-44.40,-2.84,84.23,10.49,272.63,28.31,6.69,11.92,-5.06,-38.00,-17.00,-38.00
-44.47,-2.72,84.17,8.39,271.58,28.31,6.72,11.94,-5.11,-35.00,-27.00,-43.00
-44.52,-2.57,84.11,10.49,272.63,30.41,6.72,11.89,-5.14,-35.00,-12.00,-40.00
-44.58,-2.49,84.03,11.53,273.68,31.46,6.75,11.94,-5.22,-31.00,-16.00,-34.00
-44.63,-2.44,83.95,12.58,274.73,29.36,6.75,11.89,-5.14,-16.00,-18.00,-34.00
-44.68,-2.41,83.96,8.39,274.73,29.36,6.69,12.00,-5.22,1.00,-15.00,-35.00
-44.73,-2.30,83.97,11.53,272.63,28.31,6.69,11.89,-5.14,9.00,-8.00,-30.00
-44.78,-2.28,84.01,11.53,273.68,31.46,6.64,11.97,-5.08,18.00,-12.00,-24.00
-44.82,-2.27,83.99,11.53,273.68,28.31,6.64,12.03,-5.19,24.00,-13.00,-16.00
-44.87,-2.27,84.04,11.53,272.63,26.21,6.69,11.97,-5.14,29.00,-18.00,-15.00
-44.92,-2.26,84.16,10.49,270.53,26.21,6.69,11.97,-5.17,47.00,-20.00,-14.00
-44.97,-2.25,84.24,12.58,270.53,26.21,6.64,11.94,-5.19,34.00,-21.00,-6.00
-45.03,-2.31,84.29,11.53,271.58,26.21,6.75,12.00,-5.17,17.00,-24.00,13.00
-45.06,-2.34,84.33,11.53,272.63,24.12,6.64,11.89,-5.19,12.00,-18.00,11.00
-45.10,-2.35,84.42,9.44,272.63,25.17,6.69,11.92,-5.22,13.00,-18.00,-3.00
-45.14,-2.29,84.46,11.53,271.58,25.17,6.64,11.92,-5.19,10.00,-14.00,-16.00
-45.18,-2.27,84.50,12.58,272.63,25.17,6.69,11.92,-5.31,5.00,-14.00,-22.00
-45.23,-2.27,84.52,12.58,270.53,23.07,6.75,11.97,-5.22,-2.00,-17.00,-28.00
-45.26,-2.27,84.58,10.49,271.58,22.02,6.69,11.89,-5.28,-5.00,-21.00,-31.00
-45.31,-2.22,84.66,11.53,271.58,22.02,6.78,11.97,-5.25,-5.00,-17.00,-32.00
-45.33,-2.20,84.72,11.53,272.63,23.07,6.64,12.00,-5.28,-7.00,-18.00,-29.00
-45.38,-2.19,84.76,10.49,272.63,24.12,6.61,11.97,-5.19,-5.00,-19.00,-25.00
-45.41,-2.16,84.77,9.44,273.68,24.12,6.64,12.00,-5.28,-8.00,-18.00,-22.00
-45.44,-2.11,84.78,8.39,272.63,23.07,6.72,11.94,-5.28,-11.00,-13.00,-24.00
-45.45,-2.04,84.81,9.44,273.68,23.07,6.64,12.03,-5.22,-10.00,-8.00,-25.00
-45.47,-2.00,84.84,9.44,274.73,25.17,6.64,11.86,-5.22,-9.00,-7.00,-26.00
-45.47,-1.96,84.83,9.44,272.63,24.12,6.64,11.92,-5.22,-4.00,-7.00,-26.00
-45.48,-1.93,84.84,8.39,272.63,26.21,6.61,12.00,-5.22,-4.00,-9.00,-26.00
-45.50,-1.87,84.80,7.34,271.58,26.21,6.56,11.97,-5.31,-7.00,-10.00,-28.00
-45.53,-1.80,84.77,9.44,272.63,25.17,6.58,11.97,-5.22,-6.00,-11.00,-29.00
-45.55,-1.79,84.75,8.39,272.63,22.02,6.56,11.94,-5.28,-16.00,-20.00,-21.00
-45.59,-1.78,84.79,8.39,272.63,23.07,6.53,11.92,-5.22,-19.00,-23.00,-9.00
-45.63,-1.77,84.81,9.44,273.68,23.07,6.56,11.97,-5.22,-14.00,-28.00,-8.00
-45.66,-1.78,84.86,9.44,274.73,24.12,6.58,11.92,-5.33,8.00,-18.00,-11.00
-45.71,-1.79,84.89,11.53,272.63,22.02,6.67,12.00,-5.22,10.00,-33.00,-9.00
-45.76,-1.86,84.96,10.49,271.58,24.12,6.53,11.89,-5.19,12.00,-54.00,6.00
-45.84,-1.92,84.97,8.39,274.73,25.17,6.61,12.03,-5.33,3.00,-64.00,14.00
-45.90,-1.93,84.96,7.34,278.92,25.17,6.58,12.00,-5.31,3.00,-48.00,12.00
-45.93,-1.90,85.03,14.68,289.41,25.17,6.53,11.97,-5.31,51.00,-27.00,5.00
-46.02,-1.98,85.32,24.12,309.33,22.02,6.53,11.86,-5.39,203.00,-60.00,-12.00
-46.14,-2.11,85.84,32.51,326.11,24.12,6.56,11.97,-5.36,337.00,-85.00,-42.00
-46.43,-2.12,86.85,32.51,317.72,32.51,6.53,11.81,-5.56,720.00,-197.00,-169.00
-46.86,-1.93,88.17,31.46,308.28,30.41,6.39,11.78,-5.81,1068.00,-301.00,-332.00
-47.41,-1.56,89.74,25.17,298.84,24.12,6.17,11.69,-6.14,1317.00,-380.00,-479.00
-48.07,-0.93,91.43,7.34,275.78,12.58,6.11,11.56,-6.33,1465.00,-470.00,-634.00
-48.70,0.10,93.02,-15.73,238.03,3.15,5.83,11.42,-6.72,1424.00,-493.00,-756.00
-49.17,1.38,94.17,-39.85,211.81,-15.73,5.61,11.42,-6.92,1037.00,-379.00,-697.00
-49.37,2.49,94.98,-46.14,229.64,-40.89,5.44,11.36,-7.11,584.00,-196.00,-421.00
-49.41,3.54,95.93,-47.19,235.93,-50.33,5.44,11.36,-7.17,411.00,-104.00,-275.00
-49.22,4.19,96.54,-42.99,240.12,-54.53,5.42,11.39,-7.14,68.00,55.00,-17.00
-48.85,4.45,96.79,-35.65,243.27,-49.28,5.56,11.33,-7.08,-222.00,160.00,160.00
-48.38,4.38,96.61,-27.26,248.51,-41.94,5.69,11.39,-7.00,-447.00,227.00,265.00
-47.87,4.10,96.06,-15.73,254.80,-31.46,5.69,11.44,-6.92,-610.00,251.00,305.00
-47.38,3.56,95.16,-5.24,262.14,-23.07,5.81,11.50,-6.69,-728.00,244.00,329.00
-46.88,2.86,94.10,-1.05,268.44,-16.78,5.92,11.61,-6.53,-768.00,249.00,312.00
-46.44,2.15,92.96,2.10,277.87,-12.58,5.97,11.58,-6.36,-792.00,208.00,313.00
-46.04,1.51,91.87,4.19,284.16,-2.10,6.06,11.75,-6.22,-766.00,184.00,279.00
-45.71,0.94,90.74,1.05,287.31,0.00,6.17,11.67,-6.06,-716.00,155.00,259.00
-45.43,0.51,89.78,4.19,287.31,5.24,6.19,11.81,-6.03,-647.00,129.00,237.00
-45.19,0.07,88.89,3.15,286.26,8.39,6.25,11.72,-5.86,-591.00,118.00,227.00
-45.01,-0.29,88.10,6.29,284.16,9.44,6.28,11.86,-5.72,-532.00,91.00,220.00
-44.81,-0.64,87.48,6.29,285.21,13.63,6.42,11.89,-5.61,-449.00,108.00,195.00
-44.60,-0.90,86.95,8.39,281.02,16.78,6.39,11.86,-5.58,-365.00,120.00,149.00
-44.43,-1.15,86.47,9.44,279.97,19.92,6.42,11.86,-5.42,-321.00,107.00,130.00
-44.28,-1.37,86.02,10.49,282.07,20.97,6.50,11.92,-5.44,-291.00,97.00,118.00
-44.18,-1.58,85.67,13.63,282.07,20.97,6.58,11.92,-5.42,-233.00,67.00,104.00
-44.15,-1.80,85.44,11.53,281.02,19.92,6.58,11.94,-5.36,-171.00,26.00,83.00
-44.13,-1.92,85.31,7.34,276.82,23.07,6.61,11.97,-5.31,-128.00,20.00,49.00
-44.11,-1.91,85.16,9.44,276.82,22.02,6.56,11.94,-5.31,-110.00,31.00,27.00
-44.08,-1.93,85.06,9.44,277.87,23.07,6.64,11.94,-5.19,-92.00,43.00,12.00
-44.03,-1.92,84.98,8.39,274.73,23.07,6.58,11.97,-5.31,-69.00,49.00,-2.00
-44.00,-1.89,84.91,9.44,272.63,24.12,6.64,11.92,-5.22,-66.00,53.00,-3.00
-43.94,-1.90,84.83,9.44,275.78,23.07,6.56,11.94,-5.25,-66.00,55.00,1.00
-43.92,-1.91,84.78,11.53,270.53,25.17,6.67,12.00,-5.19,-64.00,44.00,12.00
-43.90,-2.01,84.67,10.49,270.53,25.17,6.67,11.97,-5.11,-76.00,32.00,34.00
-43.89,-2.07,84.56,9.44,271.58,26.21,6.58,11.92,-5.17,-83.00,11.00,34.00
-43.92,-2.12,84.43,9.44,273.68,27.26,6.64,11.94,-5.14,-92.00,3.00,41.00
-43.94,-2.13,84.31,9.44,272.63,27.26,6.69,11.94,-5.14,-82.00,6.00,20.00
-43.92,-2.12,84.21,7.34,271.58,28.31,6.64,11.94,-5.22,-69.00,30.00,3.00
-43.93,-2.06,84.11,10.49,274.73,29.36,6.69,11.92,-5.11,-61.00,27.00,2.00
-43.93,-2.07,84.02,10.49,274.73,29.36,6.75,12.06,-5.08,-58.00,22.00,1.00
-43.92,-2.08,83.93,10.49,272.63,29.36,6.69,12.00,-5.06,-54.00,18.00,1.00
-43.92,-2.09,83.86,9.44,272.63,29.36,6.69,12.00,-5.08,-52.00,19.00,3.00
-43.94,-2.09,83.79,10.49,273.68,29.36,6.58,11.94,-5.08,-48.00,13.00,6.00
-43.97,-2.11,83.74,10.49,273.68,27.26,6.72,11.97,-5.03,-46.00,10.00,10.00
-43.98,-2.13,83.75,9.44,272.63,26.21,6.64,11.92,-5.14,-37.00,9.00,13.00
-44.01,-2.12,83.78,10.49,270.53,28.31,6.64,11.92,-5.06,-33.00,14.00,5.00
-44.02,-2.13,83.77,11.53,273.68,28.31,6.67,12.00,-5.06,-27.00,20.00,5.00
-44.03,-2.17,83.77,10.49,273.68,28.31,6.67,11.97,-5.11,-23.00,16.00,7.00
-44.07,-2.18,83.80,10.49,272.63,28.31,6.69,12.00,-5.06,-10.00,1.00,9.00
-44.11,-2.19,83.82,9.44,271.58,31.46,6.69,12.03,-5.03,-2.00,-9.00,2.00
-44.15,-2.16,83.78,10.49,272.63,30.41,6.64,12.03,-5.06,-6.00,-13.00,-2.00
-44.21,-2.16,83.76,11.53,272.63,29.36,6.69,12.00,-5.11,-7.00,-17.00,-5.00
-44.28,-2.19,83.77,9.44,271.58,27.26,6.61,12.00,-5.08,-5.00,-26.00,-4.00
-44.36,-2.17,83.82,11.53,271.58,30.41,6.69,11.97,-5.11,-4.00,-28.00,-2.00
-44.43,-2.19,83.80,11.53,272.63,30.41,6.61,12.00,-5.08,-5.00,-27.00,-1.00
-44.50,-2.21,83.78,10.49,272.63,29.36,6.64,11.97,-5.06,-5.00,-26.00,-3.00
-44.56,-2.21,83.79,9.44,272.63,30.41,6.64,11.94,-5.08,-1.00,-26.00,-4.00
-44.62,-2.18,83.79,9.44,271.58,29.36,6.67,12.03,-5.06,5.00,-23.00,-6.00
-44.67,-2.15,83.80,9.44,272.63,30.41,6.69,12.03,-5.06,3.00,-20.00,-10.00
-44.71,-2.12,83.79,8.39,271.58,28.31,6.72,12.03,-5.08,-1.00,-15.00,-12.00
-44.75,-2.06,83.82,9.44,271.58,27.26,6.69,11.94,-5.14,0.00,-12.00,-16.00
-44.79,-2.05,83.87,9.44,272.63,28.31,6.61,12.03,-5.11,0.00,-17.00,-10.00
-44.85,-2.01,83.92,10.49,273.68,30.41,6.61,12.00,-5.08,17.00,-22.00,-20.00
-44.91,-2.02,83.91,8.39,270.53,30.41,6.58,11.92,-5.08,5.00,-30.00,-7.00
-44.97,-2.00,83.88,9.44,271.58,27.26,6.67,11.94,-5.11,-3.00,-27.00,-1.00
-45.01,-2.00,83.92,10.49,271.58,28.31,6.64,11.97,-5.11,-2.00,-23.00,-3.00
-45.06,-2.00,83.95,9.44,271.58,28.31,6.61,11.97,-5.08,11.00,-18.00,-15.00
-45.10,-1.99,83.98,9.44,271.58,28.31,6.67,12.03,-5.14,7.00,-20.00,-10.00
-45.13,-1.98,84.00,9.44,271.58,27.26,6.64,11.94,-5.17,6.00,-13.00,-9.00
-45.17,-1.97,84.03,9.44,270.53,27.26,6.67,11.97,-5.06,3.00,-19.00,-6.00
-45.19,-1.96,84.08,11.53,274.73,26.21,6.61,11.92,-5.11,11.00,-16.00,-11.00
-45.23,-1.98,84.15,8.39,272.63,26.21,6.64,12.00,-5.19,15.00,-16.00,-16.00
-45.26,-1.93,84.20,9.44,270.53,26.21,6.58,11.97,-5.14,7.00,-12.00,-21.00
-45.28,-1.90,84.23,8.39,272.63,29.36,6.61,11.97,-5.11,-3.00,-6.00,-25.00
-45.29,-1.83,84.20,9.44,272.63,27.26,6.58,12.00,-5.14,5.00,1.00,-40.00
-45.30,-1.77,84.24,9.44,274.73,26.21,6.64,11.97,-5.08,18.00,3.00,-57.00
-45.31,-1.69,84.32,10.49,272.63,25.17,6.53,11.97,-5.11,30.00,-4.00,-69.00
-45.36,-1.63,84.42,11.53,274.73,29.36,6.56,12.00,-5.17,42.00,-21.00,-79.00
-45.44,-1.59,84.46,12.58,274.73,28.31,6.61,12.08,-5.19,60.00,-45.00,-90.00
-45.52,-1.56,84.53,11.53,274.73,27.26,6.58,11.97,-5.19,70.00,-57.00,-95.00
-45.64,-1.49,84.66,11.53,276.82,26.21,6.58,12.06,-5.22,96.00,-75.00,-116.00
-45.79,-1.39,84.84,10.49,278.92,25.17,6.36,12.08,-5.28,131.00,-99.00,-145.00
-46.05,-1.21,85.19,15.73,295.70,19.92,6.39,12.00,-5.33,247.00,-161.00,-195.00
-46.52,-0.94,86.11,24.12,328.20,12.58,6.25,11.97,-5.50,590.00,-306.00,-326.00
-47.22,-0.39,87.66,25.17,329.25,18.87,6.19,11.92,-5.72,1035.00,-459.00,-563.00
-47.99,0.38,89.52,10.49,300.94,29.36,5.92,11.89,-6.08,1373.00,-529.00,-733.00
-48.74,1.39,91.16,-9.44,268.44,22.02,5.67,11.83,-6.39,1487.00,-535.00,-853.00
-49.40,2.70,92.65,-26.21,230.69,9.44,5.39,11.72,-6.69,1512.00,-492.00,-881.00
-49.85,4.12,93.99,-38.80,212.86,-6.29,5.28,11.61,-6.94,1233.00,-373.00,-806.00
-50.06,5.22,94.91,-49.28,221.25,-29.36,5.06,11.61,-6.94,765.00,-226.00,-529.00
-50.07,6.03,95.54,-50.33,233.83,-42.99,5.03,11.56,-7.11,338.00,-111.00,-226.00
-49.97,6.47,95.94,-51.38,245.37,-46.14,5.03,11.50,-7.08,5.00,-39.00,30.00
-49.72,6.69,96.04,-44.04,247.46,-40.89,5.06,11.50,-7.08,-247.00,48.00,193.00
-49.42,6.57,95.74,-38.80,252.71,-34.60,5.14,11.64,-6.86,-451.00,103.00,299.00
-49.05,6.27,95.14,-30.41,261.10,-25.17,5.25,11.61,-6.86,-588.00,130.00,356.00
-48.68,5.76,94.31,-24.12,267.39,-18.87,5.39,11.72,-6.75,-637.00,156.00,381.00
-48.22,5.17,93.38,-17.83,271.58,-11.53,5.42,11.72,-6.61,-669.00,213.00,374.00
-47.77,4.52,92.36,-9.44,277.87,-6.29,5.47,11.83,-6.42,-684.00,222.00,364.00
-47.34,3.79,91.35,-7.34,282.07,-1.05,5.61,11.78,-6.36,-663.00,207.00,344.00
-46.95,3.14,90.40,-4.19,286.26,1.05,5.64,11.83,-6.31,-619.00,195.00,311.00
-46.64,2.54,89.57,-3.15,285.21,2.10,5.86,11.89,-6.08,-570.00,165.00,288.00
-46.34,2.00,88.88,0.00,286.26,6.29,5.92,11.83,-6.00,-501.00,140.00,265.00
-46.13,1.48,88.27,1.05,283.12,8.39,5.97,12.00,-5.89,-437.00,98.00,249.00
-45.92,0.98,87.71,0.00,281.02,11.53,6.08,12.00,-5.86,-411.00,97.00,245.00
-45.73,0.60,87.21,2.10,277.87,13.63,6.06,11.97,-5.64,-361.00,104.00,218.00
-45.54,0.21,86.75,3.15,277.87,14.68,6.19,12.00,-5.64,-329.00,97.00,211.00
-45.39,-0.15,86.36,4.19,279.97,15.73,6.17,12.08,-5.64,-298.00,84.00,208.00
-45.30,-0.49,86.06,4.19,279.97,17.83,6.28,12.00,-5.53,-252.00,50.00,202.00
-45.24,-0.78,85.79,3.15,281.02,18.87,6.22,12.00,-5.42,-215.00,27.00,185.00
-45.19,-0.99,85.58,4.19,276.82,20.97,6.36,11.97,-5.47,-176.00,36.00,161.00
-45.13,-1.16,85.39,4.19,278.92,23.07,6.28,12.06,-5.42,-147.00,38.00,137.00
-45.07,-1.30,85.20,5.24,275.78,20.97,6.42,11.94,-5.39,-131.00,49.00,124.00
-44.98,-1.41,85.08,4.19,274.73,24.12,6.47,12.00,-5.44,-115.00,72.00,100.00
-44.87,-1.46,84.90,5.24,274.73,25.17,6.47,11.94,-5.28,-123.00,88.00,81.00
-44.75,-1.51,84.73,7.34,274.73,27.26,6.50,12.00,-5.28,-120.00,93.00,69.00
-44.64,-1.58,84.54,8.39,273.68,25.17,6.56,12.03,-5.28,-109.00,86.00,57.00
-44.56,-1.66,84.42,9.44,271.58,26.21,6.53,11.92,-5.25,-100.00,73.00,56.00
-44.49,-1.77,84.30,11.53,271.58,27.26,6.58,11.97,-5.25,-91.00,60.00,60.00
-44.44,-1.91,84.18,13.63,273.68,29.36,6.58,11.97,-5.19,-87.00,53.00,61.00
-44.41,-2.08,84.06,10.49,273.68,29.36,6.61,12.00,-5.19,-70.00,38.00,60.00
-44.39,-2.15,83.96,11.53,274.73,26.21,6.67,12.00,-5.17,-55.00,27.00,46.00
-44.39,-2.21,83.98,12.58,273.68,30.41,6.56,11.97,-5.08,-34.00,22.00,29.00
-44.39,-2.27,83.91,11.53,275.78,30.41,6.58,12.06,-5.08,-26.00,24.00,15.00
-44.39,-2.29,83.86,9.44,273.68,28.31,6.72,12.00,-5.22,-28.00,28.00,11.00
-44.38,-2.27,83.85,9.44,272.63,28.31,6.61,11.97,-5.11,-22.00,28.00,12.00
-44.39,-2.26,83.85,12.58,272.63,29.36,6.67,12.03,-5.08,-18.00,26.00,14.00
-44.38,-2.32,83.83,11.53,272.63,29.36,6.72,11.97,-5.19,-16.00,24.00,18.00
-44.38,-2.35,83.82,11.53,272.63,25.17,6.61,12.06,-5.17,-12.00,23.00,18.00
-44.41,-2.36,83.90,11.53,273.68,29.36,6.64,11.94,-5.17,-9.00,16.00,7.00
-44.44,-2.35,83.90,11.53,273.68,29.36,6.67,11.94,-5.19,-5.00,10.00,-7.00
-44.47,-2.34,83.89,12.58,271.58,29.36,6.58,12.03,-5.06,-8.00,6.00,-10.00
-44.51,-2.36,83.88,10.49,272.63,29.36,6.58,12.00,-5.11,-6.00,2.00,-8.00
-44.55,-2.34,83.87,9.44,272.63,27.26,6.64,12.03,-5.14,-6.00,-5.00,-4.00
-44.61,-2.30,83.91,10.49,272.63,29.36,6.61,12.03,-5.19,-8.00,-10.00,-5.00
-44.67,-2.28,83.90,10.49,271.58,28.31,6.67,12.00,-5.11,-8.00,-11.00,-10.00
-44.71,-2.25,83.91,9.44,272.63,30.41,6.61,12.00,-5.14,-8.00,-8.00,-13.00
-44.75,-2.21,83.88,11.53,271.58,29.36,6.61,12.06,-5.19,-5.00,-6.00,-15.00
-44.80,-2.21,83.87,10.49,272.63,27.26,6.69,12.06,-5.17,-8.00,-6.00,-12.00
-44.84,-2.20,83.91,9.44,272.63,29.36,6.58,12.03,-5.11,-4.00,-9.00,-8.00
-44.88,-2.17,83.91,8.39,272.63,26.21,6.61,11.92,-5.11,4.00,-9.00,-7.00
-44.92,-2.12,83.99,10.49,271.58,28.31,6.61,12.00,-5.14,9.00,-8.00,-8.00
-44.96,-2.12,84.01,10.49,272.63,27.26,6.58,12.00,-5.17,7.00,-8.00,-8.00
-45.00,-2.12,84.05,8.39,272.63,28.31,6.64,12.00,-5.17,7.00,-8.00,-8.00
-45.04,-2.08,84.07,8.39,271.58,27.26,6.61,12.00,-5.08,5.00,-11.00,-6.00
-45.06,-2.03,84.11,9.44,272.63,29.36,6.64,12.03,-5.14,11.00,-5.00,-9.00
-45.10,-2.03,84.09,9.44,272.63,27.26,6.58,12.03,-5.17,-2.00,-22.00,1.00
-45.14,-2.03,84.11,9.44,271.58,26.21,6.58,11.92,-5.14,-1.00,-14.00,1.00
-45.17,-2.02,84.15,7.34,270.53,28.31,6.58,11.92,-5.19,1.00,-7.00,-3.00
-45.19,-1.96,84.15,9.44,271.58,28.31,6.61,11.97,-5.08,2.00,-1.00,-14.00
-45.21,-1.95,84.14,8.39,274.73,27.26,6.64,11.94,-5.17,0.00,-8.00,-5.00
-45.23,-1.93,84.18,10.49,273.68,28.31,6.61,11.97,-5.22,6.00,-9.00,-5.00
-45.27,-1.96,84.18,9.44,272.63,30.41,6.67,12.00,-5.14,3.00,-14.00,1.00
-45.28,-1.96,84.13,8.39,274.73,30.41,6.64,11.94,-5.17,-1.00,-7.00,-1.00
-45.30,-1.93,84.09,8.39,272.63,27.26,6.67,12.00,-5.14,0.00,-13.00,-3.00
-45.33,-1.91,84.12,10.49,270.53,26.21,6.64,11.94,-5.19,1.00,-19.00,-5.00
-45.37,-1.95,84.16,9.44,270.53,24.12,6.64,12.00,-5.17,0.00,-20.00,0.00
-45.40,-1.96,84.24,10.49,272.63,28.31,6.61,12.00,-5.17,2.00,-16.00,4.00
-45.43,-1.99,84.24,9.44,271.58,27.26,6.61,11.97,-5.19,5.00,-20.00,5.00
-45.47,-2.00,84.25,9.44,272.63,27.26,6.44,11.94,-5.17,5.00,-26.00,3.00
-45.54,-2.00,84.27,10.49,272.63,28.31,6.61,12.06,-5.17,5.00,-31.00,-1.00
-45.58,-2.01,84.27,10.49,273.68,28.31,6.58,12.03,-5.22,9.00,-28.00,-12.00
-45.62,-2.00,84.28,9.44,271.58,27.26,6.58,12.03,-5.25,12.00,-21.00,-19.00
-45.66,-1.96,84.31,9.44,275.78,27.26,6.58,12.06,-5.19,23.00,-15.00,-32.00
-45.70,-1.90,84.42,13.63,279.97,27.26,6.56,11.97,-5.25,69.00,-21.00,-45.00
-45.77,-1.88,84.68,12.58,293.60,26.21,6.64,12.00,-5.19,183.00,-31.00,-73.00
-45.85,-1.75,85.25,16.78,308.28,18.87,6.61,12.00,-5.31,389.00,-51.00,-137.00
-46.01,-1.45,86.46,25.17,335.54,15.73,6.53,11.94,-5.44,794.00,-94.00,-295.00
-46.36,-1.05,87.99,28.31,338.69,17.83,6.36,11.89,-5.81,1058.00,-225.00,-415.00
-46.83,-0.34,89.97,26.21,318.77,24.12,6.22,11.78,-6.00,1458.00,-310.00,-653.00
-47.33,0.54,92.02,17.83,289.41,23.07,5.97,11.58,-6.33,1682.00,-372.00,-839.00
-47.82,1.50,93.70,3.15,261.10,13.63,5.83,11.58,-6.56,1632.00,-392.00,-921.00
-48.26,2.52,94.93,-3.15,233.83,4.19,5.44,11.42,-7.00,1384.00,-405.00,-861.00
-48.68,3.33,95.77,-24.12,216.01,-11.53,5.25,11.39,-7.17,930.00,-357.00,-642.00
-48.88,4.03,96.26,-42.99,219.15,-36.70,5.08,11.28,-7.36,467.00,-209.00,-359.00
-49.00,4.81,96.84,-48.23,229.64,-48.23,5.17,11.33,-7.31,282.00,-159.00,-230.00
-49.00,5.35,97.16,-50.33,239.08,-55.57,5.08,11.31,-7.31,-40.00,-84.00,4.00
-48.87,5.65,97.27,-52.43,245.37,-54.53,5.11,11.44,-7.25,-301.00,1.00,186.00
-48.61,5.84,97.10,-38.80,255.85,-40.89,5.19,11.44,-7.14,-484.00,80.00,283.00
-48.26,5.64,96.48,-29.36,265.29,-34.60,5.25,11.39,-7.06,-601.00,154.00,323.00
-47.82,5.22,95.69,-20.97,269.48,-25.17,5.39,11.53,-6.89,-658.00,221.00,334.00
-47.37,4.63,94.71,-12.58,273.68,-18.87,5.47,11.64,-6.72,-697.00,233.00,351.00
-46.97,3.93,93.67,-8.39,279.97,-16.78,5.64,11.72,-6.67,-705.00,194.00,353.00
-46.58,3.24,92.70,-3.15,284.16,-11.53,5.72,11.69,-6.56,-692.00,187.00,343.00
-46.31,2.56,91.77,-2.10,283.12,-5.24,5.72,11.83,-6.33,-651.00,122.00,315.00
-46.10,1.98,90.88,-1.05,282.07,-2.10,5.86,11.78,-6.22,-597.00,85.00,269.00
-45.95,1.45,90.07,-2.10,279.97,1.05,5.97,11.83,-6.17,-556.00,55.00,263.00
-45.81,0.99,89.33,-1.05,282.07,3.15,5.92,11.83,-6.11,-518.00,48.00,264.00
-45.70,0.56,88.68,-1.05,282.07,4.19,6.11,11.86,-5.97,-471.00,50.00,256.00
-45.55,0.20,88.14,0.00,281.02,7.34,6.11,11.83,-5.97,-422.00,75.00,240.00
-45.43,-0.17,87.62,2.10,279.97,11.53,6.17,11.83,-5.75,-407.00,69.00,254.00
-45.29,-0.50,87.12,0.00,282.07,12.58,6.22,11.97,-5.78,-357.00,79.00,227.00
-45.12,-0.74,86.69,2.10,282.07,14.68,6.22,11.92,-5.56,-336.00,115.00,213.00
-44.96,-0.97,86.31,3.15,281.02,15.73,6.42,11.89,-5.61,-295.00,101.00,188.00
-44.82,-1.15,86.01,4.19,277.87,17.83,6.42,11.94,-5.53,-254.00,95.00,161.00
-44.68,-1.29,85.74,7.34,282.07,20.97,6.44,11.92,-5.50,-213.00,103.00,126.00
-44.51,-1.41,85.50,5.24,281.02,18.87,6.50,11.89,-5.44,-176.00,133.00,88.00
-44.30,-1.43,85.36,6.29,277.87,18.87,6.44,11.92,-5.44,-142.00,160.00,47.00
-44.13,-1.45,85.26,7.34,276.82,22.02,6.50,11.94,-5.33,-123.00,152.00,33.00
-43.96,-1.48,85.12,10.49,273.68,23.07,6.53,11.94,-5.36,-115.00,140.00,34.00
-43.85,-1.60,84.97,10.49,273.68,24.12,6.58,11.92,-5.31,-114.00,101.00,43.00
-43.78,-1.72,84.82,10.49,274.73,23.07,6.61,12.03,-5.31,-108.00,71.00,54.00
-43.74,-1.84,84.73,11.53,271.58,23.07,6.58,11.97,-5.19,-93.00,53.00,55.00
-43.70,-1.97,84.66,11.53,273.68,24.12,6.58,11.97,-5.22,-83.00,46.00,57.00
-43.69,-2.08,84.59,9.44,274.73,26.21,6.61,11.97,-5.19,-68.00,36.00,54.00
-43.69,-2.12,84.51,10.49,273.68,26.21,6.61,12.00,-5.25,-58.00,22.00,40.00
-43.72,-2.17,84.44,9.44,273.68,27.26,6.67,12.03,-5.22,-58.00,13.00,31.00
-43.75,-2.19,84.35,9.44,273.68,28.31,6.67,11.97,-5.17,-60.00,9.00,27.00
-43.78,-2.20,84.24,10.49,273.68,26.21,6.61,11.94,-5.19,-60.00,5.00,24.00
-43.82,-2.23,84.20,9.44,272.63,25.17,6.64,11.92,-5.19,-54.00,3.00,19.00
-43.86,-2.22,84.19,10.49,271.58,28.31,6.61,11.94,-5.22,-46.00,6.00,12.00
-43.90,-2.23,84.11,10.49,271.58,27.26,6.72,12.00,-5.11,-50.00,8.00,10.00
-43.93,-2.25,84.06,9.44,270.53,28.31,6.61,11.92,-5.14,-54.00,3.00,14.00
-43.96,-2.25,83.99,10.49,270.53,28.31,6.75,11.92,-5.17,-50.00,4.00,21.00
-43.99,-2.27,83.93,11.53,272.63,28.31,6.67,11.97,-5.17,-49.00,6.00,21.00
-44.02,-2.31,83.88,10.49,273.68,28.31,6.72,12.03,-5.14,-49.00,10.00,20.00
-44.04,-2.32,83.85,10.49,273.68,29.36,6.75,12.00,-5.08,-41.00,8.00,16.00
-44.06,-2.33,83.81,9.44,272.63,28.31,6.72,11.97,-5.08,-35.00,5.00,11.00
-44.10,-2.30,83.80,11.53,273.68,28.31,6.72,12.00,-5.11,-30.00,-4.00,9.00
-44.15,-2.32,83.80,11.53,273.68,28.31,6.75,11.97,-5.14,-23.00,-9.00,6.00
-44.19,-2.33,83.80,11.53,272.63,29.36,6.75,11.94,-5.22,-21.00,-7.00,-1.00
-44.24,-2.34,83.79,11.53,271.58,28.31,6.72,11.94,-5.08,-18.00,-5.00,-4.00
-44.29,-2.33,83.80,10.49,273.68,28.31,6.64,11.97,-5.06,-13.00,-8.00,-9.00
-44.34,-2.31,83.82,11.53,272.63,27.26,6.61,11.94,-5.14,-13.00,-13.00,-9.00
-44.42,-2.31,83.87,11.53,273.68,29.36,6.69,12.00,-5.14,-2.00,-19.00,-12.00
-44.48,-2.29,83.87,10.49,272.63,27.26,6.64,11.89,-5.00,-2.00,-19.00,-17.00
-44.53,-2.26,83.92,9.44,273.68,30.41,6.69,11.97,-5.06,2.00,-21.00,-17.00
-44.57,-2.22,83.91,9.44,270.53,28.31,6.72,11.97,-5.14,3.00,-13.00,-11.00
-44.61,-2.19,83.91,9.44,272.63,29.36,6.67,11.97,-5.11,-8.00,-10.00,-8.00
-44.66,-2.16,83.90,9.44,272.63,28.31,6.67,11.94,-5.06,-13.00,-14.00,-7.00
-44.72,-2.12,83.91,7.34,272.63,29.36,6.64,12.06,-5.08,-10.00,-28.00,-19.00
-44.78,-2.04,83.89,8.39,271.58,27.26,6.61,12.03,-5.11,-13.00,-25.00,-19.00
-44.83,-1.99,83.92,7.34,272.63,28.31,6.67,12.00,-5.11,-12.00,-18.00,-24.00
-44.86,-1.92,83.92,9.44,272.63,28.31,6.61,12.06,-5.11,-10.00,-5.00,-20.00
-44.89,-1.90,83.93,9.44,272.63,29.36,6.69,11.92,-5.19,-7.00,-7.00,-14.00
-44.93,-1.90,83.92,8.39,270.53,28.31,6.58,12.00,-5.17,-8.00,-16.00,-8.00
-44.98,-1.89,83.92,8.39,271.58,27.26,6.64,12.06,-5.06,-10.00,-19.00,-4.00
-45.01,-1.87,83.95,8.39,272.63,29.36,6.67,11.94,-5.08,-13.00,-15.00,-2.00
-45.03,-1.86,83.92,8.39,271.58,28.31,6.67,12.00,-5.11,-16.00,-11.00,-3.00
-45.06,-1.85,83.92,8.39,274.73,27.26,6.61,11.94,-5.03,-16.00,-13.00,-3.00
-45.08,-1.84,83.97,9.44,269.48,30.41,6.64,11.94,-5.17,4.00,-11.00,-3.00
-45.11,-1.85,83.93,8.39,271.58,29.36,6.61,12.06,-5.14,-1.00,-14.00,-3.00
-45.14,-1.85,83.92,10.49,273.68,27.26,6.61,12.08,-5.08,-5.00,-13.00,5.00
-45.17,-1.90,83.96,8.39,273.68,28.31,6.67,12.03,-5.14,-2.00,-17.00,7.00
-45.21,-1.88,83.98,8.39,271.58,28.31,6.58,12.06,-5.19,-1.00,-23.00,0.00
-45.26,-1.86,83.99,10.49,271.58,29.36,6.61,11.97,-5.17,-1.00,-19.00,-9.00
-45.30,-1.88,83.98,9.44,271.58,31.46,6.67,12.00,-5.06,-1.00,-17.00,-13.00
-45.31,-1.87,83.93,10.49,271.58,29.36,6.61,11.97,-5.14,-2.00,-15.00,-13.00
-45.34,-1.90,83.92,8.39,271.58,27.26,6.67,12.03,-5.14,-5.00,-15.00,-8.00
-45.37,-1.87,83.95,8.39,272.63,28.31,6.56,12.00,-5.19,-6.00,-13.00,-9.00
-45.41,-1.84,83.96,8.39,272.63,28.31,6.61,12.06,-5.11,-4.00,-10.00,-16.00
-45.42,-1.81,83.97,7.34,272.63,28.31,6.53,11.94,-5.11,-8.00,-6.00,-21.00
-45.44,-1.76,83.97,6.29,272.63,28.31,6.61,12.00,-5.19,-9.00,-2.00,-18.00
-45.45,-1.70,83.97,8.39,272.63,27.26,6.67,12.06,-5.14,-14.00,2.00,-12.00
-45.44,-1.69,83.98,9.44,271.58,27.26,6.64,11.94,-5.17,-17.00,7.00,-9.00
-45.43,-1.70,83.99,8.39,270.53,27.26,6.64,12.00,-5.06,-19.00,9.00,-10.00
-45.41,-1.70,83.99,8.39,271.58,27.26,6.61,12.03,-5.08,-18.00,8.00,-9.00
-45.40,-1.69,84.00,7.34,273.68,29.36,6.61,12.06,-5.06,-17.00,6.00,-10.00
-45.39,-1.65,83.97,9.44,271.58,28.31,6.64,11.92,-5.14,-14.00,4.00,-15.00
-45.39,-1.65,83.98,8.39,273.68,29.36,6.56,12.00,-5.08,-8.00,2.00,-22.00
-45.40,-1.62,83.99,9.44,274.73,30.41,6.53,12.00,-5.08,9.00,-5.00,-35.00
-45.46,-1.57,84.04,12.58,281.02,32.51,6.61,12.03,-5.14,58.00,-29.00,-57.00
-45.55,-1.56,84.22,14.68,287.31,31.46,6.53,12.00,-5.17,164.00,-63.00,-81.00
-45.69,-1.55,84.52,17.83,300.94,27.26,6.53,12.03,-5.28,236.00,-86.00,-101.00
-45.98,-1.46,85.26,25.17,322.96,25.17,6.44,12.00,-5.33,508.00,-184.00,-193.00
-46.46,-1.17,86.57,24.12,328.20,27.26,6.33,11.94,-5.64,919.00,-304.00,-370.00
-47.00,-0.62,88.20,19.92,312.48,30.41,6.22,11.92,-5.86,1219.00,-341.00,-536.00
-47.50,0.06,89.86,11.53,295.70,28.31,5.94,11.78,-6.17,1390.00,-340.00,-656.00
-47.96,0.85,91.33,2.10,271.58,17.83,5.89,11.69,-6.36,1386.00,-321.00,-699.00
-48.36,1.65,92.48,-10.49,250.61,4.19,5.64,11.61,-6.64,1192.00,-313.00,-650.00
-48.73,2.43,93.60,-25.17,234.88,-7.34,5.50,11.53,-6.75,1032.00,-297.00,-502.00
-48.87,3.28,94.45,-38.80,230.69,-22.02,5.47,11.44,-7.00,710.00,-155.00,-405.00
-48.81,3.96,94.98,-40.89,238.03,-44.04,5.44,11.47,-7.00,329.00,-18.00,-162.00
-48.59,4.29,95.46,-35.65,248.51,-48.23,5.50,11.53,-6.97,5.00,78.00,95.00
-48.31,4.27,95.66,-31.46,250.61,-46.14,5.56,11.44,-6.94,-234.00,106.00,260.00
-48.00,4.06,95.56,-23.07,257.95,-37.75,5.64,11.53,-6.72,-410.00,127.00,334.00
-47.67,3.68,95.13,-15.73,263.19,-30.41,5.64,11.47,-6.78,-524.00,120.00,337.00
-47.38,3.19,94.44,-10.49,267.39,-23.07,5.81,11.58,-6.53,-605.00,119.00,324.00
-47.07,2.67,93.60,-2.10,271.58,-15.73,5.86,11.64,-6.50,-650.00,111.00,300.00
-46.82,2.04,92.66,0.00,273.68,-10.49,5.89,11.75,-6.42,-660.00,88.00,294.00
-46.63,1.44,91.69,0.00,278.92,-2.10,5.97,11.69,-6.22,-665.00,52.00,290.00
-46.50,0.93,90.69,2.10,285.21,0.00,6.11,11.78,-6.19,-642.00,16.00,274.00
-46.39,0.45,89.81,1.05,285.21,2.10,6.17,11.83,-6.06,-584.00,11.00,256.00
-46.31,0.05,89.07,2.10,286.26,7.34,6.08,11.83,-5.97,-526.00,-5.00,244.00
-46.26,-0.32,88.38,3.15,283.12,10.49,6.11,11.86,-5.86,-463.00,-6.00,233.00
-46.19,-0.64,87.78,2.10,284.16,11.53,6.17,11.86,-5.81,-401.00,13.00,211.00
-46.12,-0.89,87.30,5.24,284.16,11.53,6.28,11.86,-5.67,-343.00,31.00,192.00
-46.03,-1.15,86.90,6.29,282.07,12.58,6.28,11.86,-5.72,-312.00,36.00,181.00
-45.94,-1.38,86.60,8.39,278.92,15.73,6.36,11.86,-5.64,-254.00,54.00,161.00
-45.87,-1.63,86.30,8.39,277.87,16.78,6.42,11.86,-5.61,-232.00,35.00,158.00
-45.80,-1.85,86.02,10.49,276.82,16.78,6.47,11.92,-5.47,-223.00,42.00,150.00
-45.74,-2.05,85.78,9.44,274.73,15.73,6.44,11.89,-5.50,-206.00,31.00,127.00
-45.70,-2.17,85.60,8.39,274.73,17.83,6.56,12.00,-5.39,-198.00,28.00,95.00
-45.65,-2.21,85.42,10.49,276.82,20.97,6.50,11.92,-5.44,-183.00,31.00,60.00
-45.62,-2.26,85.20,11.53,276.82,18.87,6.56,11.92,-5.31,-174.00,29.00,41.00
-45.60,-2.32,85.08,9.44,275.78,20.97,6.56,11.97,-5.33,-154.00,16.00,38.00
-45.59,-2.33,84.95,9.44,274.73,25.17,6.56,11.92,-5.33,-132.00,13.00,34.00
-45.58,-2.35,84.78,11.53,275.78,27.26,6.56,11.92,-5.31,-113.00,15.00,39.00
-45.57,-2.41,84.62,10.49,273.68,28.31,6.56,12.00,-5.28,-94.00,13.00,42.00
-45.55,-2.45,84.45,10.49,272.63,28.31,6.53,11.97,-5.31,-85.00,21.00,46.00
-45.53,-2.49,84.32,12.58,273.68,30.41,6.64,12.00,-5.28,-71.00,28.00,45.00
-45.49,-2.55,84.18,13.63,273.68,28.31,6.64,11.94,-5.19,-59.00,36.00,42.00
-45.45,-2.63,84.11,13.63,274.73,29.36,6.69,11.92,-5.19,-48.00,38.00,38.00
-45.40,-2.68,84.03,13.63,272.63,28.31,6.61,11.97,-5.19,-40.00,40.00,26.00
-45.37,-2.71,83.98,13.63,272.63,28.31,6.67,11.94,-5.17,-41.00,40.00,19.00
-45.33,-2.74,83.95,14.68,272.63,29.36,6.61,11.97,-5.08,-33.00,39.00,16.00
-45.30,-2.79,83.89,14.68,271.58,28.31,6.67,11.97,-5.25,-35.00,36.00,12.00
-45.29,-2.83,83.86,12.58,272.63,28.31,6.72,11.92,-5.19,-35.00,33.00,10.00
-45.28,-2.81,83.84,13.63,272.63,30.41,6.64,11.92,-5.14,-33.00,27.00,5.00
-45.27,-2.81,83.78,13.63,271.58,30.41,6.72,11.97,-5.19,-31.00,22.00,-3.00
-45.26,-2.80,83.73,13.63,271.58,30.41,6.69,12.00,-5.14,-27.00,29.00,-8.00
-45.25,-2.79,83.69,13.63,271.58,30.41,6.72,11.94,-5.11,-26.00,29.00,-6.00
-45.23,-2.80,83.67,13.63,273.68,28.31,6.72,11.89,-5.17,-13.00,24.00,1.00
-45.25,-2.81,83.71,14.68,272.63,30.41,6.67,12.03,-5.19,-4.00,9.00,9.00
-45.29,-2.85,83.71,12.58,272.63,30.41,6.69,11.97,-5.14,1.00,-2.00,12.00
-45.32,-2.85,83.71,13.63,271.58,27.26,6.72,11.92,-5.11,3.00,-9.00,9.00
-45.36,-2.85,83.78,13.63,271.58,30.41,6.64,12.00,-5.19,3.00,-10.00,3.00
-45.42,-2.85,83.78,14.68,271.58,28.31,6.67,12.00,-5.17,7.00,-15.00,-3.00
-45.47,-2.86,83.83,14.68,271.58,28.31,6.72,12.00,-5.19,16.00,-16.00,-11.00
-45.53,-2.87,83.89,13.63,270.53,28.31,6.64,11.92,-5.17,18.00,-25.00,-15.00
-45.60,-2.86,83.93,13.63,272.63,28.31,6.75,11.97,-5.22,15.00,-27.00,-10.00
-45.67,-2.86,83.97,13.63,272.63,28.31,6.69,11.94,-5.17,17.00,-35.00,-6.00
-45.74,-2.85,84.02,11.53,270.53,25.17,6.67,12.03,-5.17,19.00,-36.00,-9.00
-45.81,-2.80,84.11,12.58,270.53,27.26,6.67,11.94,-5.19,12.00,-34.00,-12.00
-45.85,-2.77,84.14,12.58,270.53,25.17,6.69,11.97,-5.25,7.00,-20.00,-15.00
-45.91,-2.74,84.20,14.68,271.58,27.26,6.67,11.94,-5.17,2.00,-22.00,-15.00
-45.94,-2.76,84.22,12.58,270.53,27.26,6.61,12.00,-5.14,0.00,-21.00,-12.00
-45.98,-2.74,84.22,11.53,270.53,26.21,6.69,11.92,-5.28,-6.00,-17.00,-6.00
-46.00,-2.71,84.24,11.53,271.58,27.26,6.69,11.81,-5.14,-9.00,-10.00,-6.00
-46.00,-2.67,84.23,11.53,272.63,28.31,6.67,11.97,-5.22,-14.00,-3.00,-4.00
-46.01,-2.64,84.19,12.58,271.58,26.21,6.69,12.00,-5.19,-19.00,1.00,-3.00
-46.01,-2.64,84.20,11.53,272.63,26.21,6.72,12.03,-5.22,-19.00,2.00,-2.00
-46.02,-2.61,84.21,12.58,271.58,27.26,6.64,11.94,-5.14,-17.00,-1.00,-4.00
-46.02,-2.60,84.20,13.63,273.68,29.36,6.58,12.00,-5.14,-13.00,1.00,-10.00
-46.02,-2.61,84.16,12.58,271.58,26.21,6.64,11.92,-5.22,-13.00,-1.00,-12.00
-46.04,-2.59,84.18,11.53,271.58,27.26,6.67,12.03,-5.19,-16.00,-3.00,-14.00
-46.05,-2.56,84.17,12.58,270.53,26.21,6.67,11.97,-5.14,-19.00,-5.00,-14.00
-46.06,-2.55,84.17,11.53,272.63,26.21,6.64,12.00,-5.19,-21.00,-7.00,-14.00
-46.08,-2.52,84.18,12.58,272.63,27.26,6.69,11.97,-5.17,-21.00,-8.00,-16.00
-46.09,-2.51,84.17,11.53,271.58,28.31,6.61,11.92,-5.22,-19.00,-7.00,-16.00
-46.11,-2.48,84.14,11.53,271.58,28.31,6.67,11.97,-5.08,-19.00,-9.00,-16.00
-46.11,-2.45,84.11,12.58,272.63,28.31,6.61,11.94,-5.28,-20.00,-6.00,-17.00
-46.13,-2.45,84.09,12.58,270.53,28.31,6.64,12.00,-5.22,-16.00,-7.00,-17.00
-46.15,-2.44,84.07,12.58,271.58,28.31,6.64,11.97,-5.17,-17.00,-3.00,-22.00
-46.16,-2.43,84.05,11.53,273.68,26.21,6.67,11.94,-5.22,-13.00,-7.00,-21.00
-46.18,-2.40,84.11,13.63,274.73,28.31,6.67,11.97,-5.22,4.00,-10.00,-20.00
-46.21,-2.42,84.16,17.83,282.07,27.26,6.61,11.94,-5.17,28.00,-20.00,-21.00
-46.29,-2.47,84.42,18.87,303.04,29.36,6.58,11.94,-5.22,157.00,-55.00,-44.00
-46.41,-2.28,85.00,14.68,317.72,33.55,6.58,11.94,-5.31,411.00,-60.00,-206.00
-46.52,-1.62,85.98,16.78,325.06,36.70,6.42,11.92,-5.42,750.00,-39.00,-498.00
-46.62,-0.83,87.09,24.12,314.57,33.55,6.33,11.86,-5.56,903.00,-25.00,-629.00
-46.69,0.02,88.51,25.17,307.23,26.21,6.14,11.92,-5.92,1179.00,-15.00,-798.00
-46.81,0.86,90.26,22.02,301.99,13.63,6.03,11.83,-6.08,1444.00,-61.00,-861.00
-46.99,1.68,92.20,5.24,272.63,12.58,5.72,11.72,-6.50,1557.00,-143.00,-882.00
-47.25,2.59,93.75,-8.39,253.76,1.05,5.58,11.72,-6.67,1463.00,-205.00,-838.00
-47.35,3.54,95.09,-29.36,238.03,-12.58,5.25,11.50,-7.00,1234.00,-133.00,-721.00
-47.36,4.54,96.17,-40.89,223.35,-19.92,5.31,11.39,-7.14,887.00,-49.00,-523.00
-47.21,5.22,96.65,-50.33,210.76,-34.60,5.25,11.36,-7.17,383.00,50.00,-224.00
-46.97,5.77,97.07,-52.43,229.64,-57.67,5.22,11.44,-7.28,182.00,88.00,-74.00
-46.69,6.09,97.52,-48.23,243.27,-63.96,5.25,11.39,-7.22,-88.00,114.00,147.00
-46.41,6.19,97.80,-47.19,247.46,-62.91,5.31,11.44,-7.17,-297.00,103.00,247.00
-46.14,6.19,97.81,-40.89,252.71,-54.53,5.44,11.42,-7.11,-459.00,87.00,298.00
-45.89,6.03,97.44,-32.51,256.90,-45.09,5.47,11.44,-6.97,-591.00,67.00,317.00
-45.67,5.67,96.73,-26.21,262.14,-32.51,5.47,11.61,-6.86,-700.00,52.00,334.00
-45.53,5.21,95.69,-22.02,265.29,-26.21,5.64,11.58,-6.75,-771.00,8.00,338.00
-45.45,4.72,94.58,-12.58,278.92,-15.73,5.64,11.78,-6.53,-791.00,-39.00,325.00
-45.39,4.09,93.37,-10.49,286.26,-7.34,5.72,11.86,-6.42,-776.00,-52.00,313.00
-45.36,3.51,92.20,-8.39,285.21,0.00,5.83,11.81,-6.19,-717.00,-63.00,293.00
-45.34,2.96,91.07,-7.34,284.16,2.10,5.78,11.86,-6.25,-662.00,-72.00,276.00
-45.35,2.46,90.09,-6.29,284.16,7.34,5.92,11.92,-6.03,-607.00,-62.00,266.00
-45.36,1.94,89.13,-6.29,288.36,10.49,5.97,11.83,-5.94,-588.00,-63.00,291.00
-45.29,1.56,88.35,-7.34,288.36,11.53,6.03,11.92,-5.89,-484.00,-4.00,231.00
-45.21,1.28,87.75,-1.05,284.16,14.68,6.03,11.94,-5.81,-397.00,19.00,195.00
-45.17,0.94,87.23,-1.05,284.16,14.68,6.14,12.03,-5.69,-334.00,8.00,178.00
-45.11,0.62,86.79,0.00,282.07,16.78,6.06,12.06,-5.75,-304.00,11.00,179.00
-45.10,0.32,86.43,1.05,284.16,16.78,6.11,11.92,-5.58,-253.00,1.00,177.00
-45.05,0.05,86.19,1.05,282.07,14.68,6.22,12.06,-5.58,-188.00,25.00,156.00
-44.99,-0.14,86.09,0.00,277.87,17.83,6.25,11.97,-5.61,-134.00,43.00,121.00
-44.91,-0.26,85.95,2.10,276.82,18.87,6.19,12.00,-5.56,-117.00,57.00,102.00
-44.85,-0.40,85.83,2.10,275.78,18.87,6.28,11.97,-5.50,-103.00,55.00,94.00
-44.78,-0.52,85.71,3.15,275.78,18.87,6.39,12.03,-5.47,-106.00,58.00,90.00
-44.70,-0.65,85.61,3.15,273.68,18.87,6.39,12.03,-5.50,-105.00,61.00,84.00
-44.62,-0.74,85.50,4.19,272.63,20.97,6.36,12.03,-5.44,-108.00,64.00,67.00
-44.56,-0.83,85.37,5.24,275.78,18.87,6.42,11.92,-5.33,-108.00,54.00,59.00
-44.50,-0.91,85.31,7.34,274.73,20.97,6.36,12.00,-5.47,-94.00,50.00,45.00
-44.49,-1.02,85.23,9.44,273.68,19.92,6.39,12.00,-5.39,-82.00,31.00,37.00
-44.51,-1.14,85.21,6.29,276.82,20.97,6.42,12.00,-5.39,-62.00,6.00,23.00
-44.54,-1.16,85.20,6.29,274.73,22.02,6.39,11.86,-5.31,-44.00,2.00,1.00
-44.57,-1.16,85.18,7.34,274.73,22.02,6.44,12.08,-5.33,-35.00,-5.00,-9.00
-44.61,-1.17,85.17,5.24,274.73,23.07,6.47,11.97,-5.31,-30.00,-6.00,-18.00
-44.63,-1.15,85.13,5.24,274.73,23.07,6.39,12.06,-5.28,-31.00,-3.00,-14.00
-44.68,-1.13,85.10,4.19,272.63,22.02,6.42,11.97,-5.31,-33.00,-13.00,-10.00
-44.72,-1.09,85.10,4.19,272.63,22.02,6.47,12.00,-5.39,-23.00,-14.00,-11.00
-44.75,-1.06,85.12,5.24,273.68,23.07,6.39,12.00,-5.33,-10.00,-5.00,-10.00
-44.80,-1.06,85.13,5.24,272.63,22.02,6.44,12.00,-5.33,-1.00,-11.00,-7.00
-44.83,-1.07,85.16,4.19,271.58,24.12,6.42,12.11,-5.39,-6.00,-13.00,2.00
-44.88,-1.06,85.12,4.19,274.73,22.02,6.39,12.00,-5.42,-14.00,-14.00,9.00
-44.92,-1.05,85.13,3.15,273.68,20.97,6.42,11.97,-5.28,-16.00,-9.00,5.00
-44.93,-1.02,85.16,3.15,271.58,24.12,6.42,12.03,-5.33,-17.00,1.00,2.00
-44.94,-0.99,85.10,3.15,273.68,22.02,6.42,12.06,-5.39,-30.00,6.00,3.00
-44.95,-0.98,85.11,4.19,274.73,24.12,6.50,11.97,-5.33,-19.00,5.00,16.00
-44.95,-1.01,85.07,4.19,272.63,22.02,6.39,12.00,-5.28,-27.00,7.00,30.00
-44.94,-1.05,85.07,4.19,273.68,20.97,6.39,11.92,-5.33,-25.00,14.00,40.00
-44.93,-1.08,85.10,5.24,274.73,22.02,6.47,12.08,-5.31,-19.00,18.00,35.00
-44.91,-1.11,85.12,5.24,274.73,23.07,6.39,11.97,-5.22,-11.00,16.00,24.00
-44.90,-1.14,85.12,5.24,273.68,25.17,6.42,12.00,-5.25,-9.00,15.00,22.00
-44.88,-1.16,85.07,5.24,270.53,20.97,6.47,12.06,-5.28,-14.00,18.00,21.00
-44.87,-1.18,85.11,6.29,271.58,22.02,6.50,12.00,-5.31,-16.00,16.00,18.00
-44.85,-1.22,85.11,7.34,274.73,23.07,6.39,12.08,-5.28,-19.00,17.00,20.00
-44.85,-1.27,85.09,6.29,272.63,22.02,6.47,12.06,-5.36,-24.00,16.00,16.00
-44.84,-1.29,85.10,5.24,273.68,23.07,6.50,11.94,-5.31,-23.00,19.00,8.00
-44.83,-1.27,85.08,5.24,273.68,23.07,6.44,12.03,-5.33,-20.00,21.00,4.00
-44.83,-1.26,85.07,7.34,273.68,25.17,6.53,12.03,-5.19,-19.00,15.00,4.00
-44.81,-1.29,85.02,6.29,274.73,24.12,6.50,12.06,-5.31,-17.00,12.00,3.00
-44.82,-1.29,85.00,6.29,272.63,23.07,6.50,12.06,-5.25,-16.00,5.00,0.00
-44.83,-1.29,85.01,5.24,272.63,23.07,6.50,12.03,-5.28,-13.00,2.00,-3.00
-44.85,-1.27,85.01,5.24,273.68,26.21,6.47,12.08,-5.31,-11.00,-5.00,-2.00
-44.88,-1.25,84.96,6.29,273.68,24.12,6.47,12.03,-5.19,-11.00,-10.00,0.00
-44.90,-1.27,84.95,5.24,272.63,22.02,6.53,11.94,-5.17,-14.00,-13.00,3.00
-44.91,-1.26,84.97,4.19,272.63,24.12,6.53,12.03,-5.25,-15.00,-12.00,5.00
-44.94,-1.23,84.96,6.29,273.68,24.12,6.47,12.06,-5.31,-15.00,-11.00,3.00
-44.96,-1.24,84.94,5.24,273.68,23.07,6.53,11.92,-5.19,-16.00,-8.00,4.00
-44.97,-1.23,84.96,5.24,271.58,23.07,6.56,12.03,-5.25,-11.00,-5.00,1.00
-44.97,-1.22,84.96,5.24,272.63,23.07,6.47,12.00,-5.33,-15.00,0.00,-1.00
-44.98,-1.21,84.98,7.34,273.68,24.12,6.56,12.00,-5.22,-9.00,5.00,1.00
-44.96,-1.25,84.97,6.29,273.68,26.21,6.44,12.08,-5.31,-6.00,11.00,5.00
-44.96,-1.26,84.91,6.29,272.63,24.12,6.50,12.03,-5.31,-18.00,11.00,5.00
-44.96,-1.26,84.89,5.24,270.53,23.07,6.50,12.06,-5.31,-23.00,12.00,1.00
-44.96,-1.25,84.88,6.29,272.63,25.17,6.53,12.00,-5.19,-27.00,7.00,-1.00
-44.95,-1.25,84.83,7.34,271.58,25.17,6.53,12.08,-5.28,-27.00,6.00,-3.00
-44.81,-1.29,85.02,6.29,274.73,24.12,6.50,12.06,-5.31,-17.00,12.00,3.00
-44.82,-1.29,85.00,6.29,272.63,23.07,6.50,12.06,-5.25,-16.00,5.00,0.00
-44.83,-1.29,85.01,5.24,272.63,23.07,6.50,12.03,-5.28,-13.00,2.00,-3.00
-44.85,-1.27,85.01,5.24,273.68,26.21,6.47,12.08,-5.31,-11.00,-5.00,-2.00
-44.88,-1.25,84.96,6.29,273.68,24.12,6.47,12.03,-5.19,-11.00,-10.00,0.00
-44.90,-1.27,84.95,5.24,272.63,22.02,6.53,11.94,-5.17,-14.00,-13.00,3.00
-44.91,-1.26,84.97,4.19,272.63,24.12,6.53,12.03,-5.25,-15.00,-12.00,5.00
-44.94,-1.23,84.96,6.29,273.68,24.12,6.47,12.06,-5.31,-15.00,-11.00,3.00
-44.96,-1.24,84.94,5.24,273.68,23.07,6.53,11.92,-5.19,-16.00,-8.00,4.00
-44.97,-1.23,84.96,5.24,271.58,23.07,6.56,12.03,-5.25,-11.00,-5.00,1.00
-44.97,-1.22,84.96,5.24,272.63,23.07,6.47,12.00,-5.33,-15.00,0.00,-1.00
-44.98,-1.21,84.98,7.34,273.68,24.12,6.56,12.00,-5.22,-9.00,5.00,1.00
-44.96,-1.25,84.97,6.29,273.68,26.21,6.44,12.08,-5.31,-6.00,11.00,5.00
-44.96,-1.26,84.91,6.29,272.63,24.12,6.50,12.03,-5.31,-18.00,11.00,5.00
-44.96,-1.26,84.89,5.24,270.53,23.07,6.50,12.06,-5.31,-23.00,12.00,1.00
-44.96,-1.25,84.88,6.29,272.63,25.17,6.53,12.00,-5.19,-27.00,7.00,-1.00
-44.95,-1.25,84.83,7.34,271.58,25.17,6.53,12.08,-5.28,-27.00,6.00,-3.00
-44.81,-1.29,85.02,6.29,274.73,24.12,6.50,12.06,-5.31,-17.00,12.00,3.00
-44.82,-1.29,85.00,6.29,272.63,23.07,6.50,12.06,-5.25,-16.00,5.00,0.00
-44.83,-1.29,85.01,5.24,272.63,23.07,6.50,12.03,-5.28,-13.00,2.00,-3.00
-44.85,-1.27,85.01,5.24,273.68,26.21,6.47,12.08,-5.31,-11.00,-5.00,-2.00
-44.88,-1.25,84.96,6.29,273.68,24.12,6.47,12.03,-5.19,-11.00,-10.00,0.00
-44.90,-1.27,84.95,5.24,272.63,22.02,6.53,11.94,-5.17,-14.00,-13.00,3.00
-44.91,-1.26,84.97,4.19,272.63,24.12,6.53,12.03,-5.25,-15.00,-12.00,5.00
-44.94,-1.23,84.96,6.29,273.68,24.12,6.47,12.06,-5.31,-15.00,-11.00,3.00
-44.96,-1.24,84.94,5.24,273.68,23.07,6.53,11.92,-5.19,-16.00,-8.00,4.00
-44.97,-1.23,84.96,5.24,271.58,23.07,6.56,12.03,-5.25,-11.00,-5.00,1.00
-44.97,-1.22,84.96,5.24,272.63,23.07,6.47,12.00,-5.33,-15.00,0.00,-1.00
-44.98,-1.21,84.98,7.34,273.68,24.12,6.56,12.00,-5.22,-9.00,5.00,1.00
-44.96,-1.25,84.97,6.29,273.68,26.21,6.44,12.08,-5.31,-6.00,11.00,5.00
-44.96,-1.26,84.91,6.29,272.63,24.12,6.50,12.03,-5.31,-18.00,11.00,5.00
-44.96,-1.26,84.89,5.24,270.53,23.07,6.50,12.06,-5.31,-23.00,12.00,1.00
-44.96,-1.25,84.88,6.29,272.63,25.17,6.53,12.00,-5.19,-27.00,7.00,-1.00
-44.95,-1.25,84.83,7.34,271.58,25.17,6.53,12.08,-5.28,-27.00,6.00,-3.00
-44.81,-1.29,85.02,6.29,274.73,24.12,6.50,12.06,-5.31,-17.00,12.00,3.00
-44.82,-1.29,85.00,6.29,272.63,23.07,6.50,12.06,-5.25,-16.00,5.00,0.00
-44.83,-1.29,85.01,5.24,272.63,23.07,6.50,12.03,-5.28,-13.00,2.00,-3.00
-44.85,-1.27,85.01,5.24,273.68,26.21,6.47,12.08,-5.31,-11.00,-5.00,-2.00
-44.88,-1.25,84.96,6.29,273.68,24.12,6.47,12.03,-5.19,-11.00,-10.00,0.00
-44.90,-1.27,84.95,5.24,272.63,22.02,6.53,11.94,-5.17,-14.00,-13.00,3.00
-44.91,-1.26,84.97,4.19,272.63,24.12,6.53,12.03,-5.25,-15.00,-12.00,5.00
-44.94,-1.23,84.96,6.29,273.68,24.12,6.47,12.06,-5.31,-15.00,-11.00,3.00
-44.96,-1.24,84.94,5.24,273.68,23.07,6.53,11.92,-5.19,-16.00,-8.00,4.00
-44.97,-1.23,84.96,5.24,271.58,23.07,6.56,12.03,-5.25,-11.00,-5.00,1.00
-44.97,-1.22,84.96,5.24,272.63,23.07,6.47,12.00,-5.33,-15.00,0.00,-1.00
-44.98,-1.21,84.98,7.34,273.68,24.12,6.56,12.00,-5.22,-9.00,5.00,1.00
-44.96,-1.25,84.97,6.29,273.68,26.21,6.44,12.08,-5.31,-6.00,11.00,5.00
-44.96,-1.26,84.91,6.29,272.63,24.12,6.50,12.03,-5.31,-18.00,11.00,5.00
-44.96,-1.26,84.89,5.24,270.53,23.07,6.50,12.06,-5.31,-23.00,12.00,1.00
-44.96,-1.25,84.88,6.29,272.63,25.17,6.53,12.00,-5.19,-27.00,7.00,-1.00
-44.95,-1.25,84.83,7.34,271.58,25.17,6.53,12.08,-5.28,-27.00,6.00,-3.00
-44.81,-1.29,85.02,6.29,274.73,24.12,6.50,12.06,-5.31,-17.00,12.00,3.00
-44.82,-1.29,85.00,6.29,272.63,23.07,6.50,12.06,-5.25,-16.00,5.00,0.00
-44.83,-1.29,85.01,5.24,272.63,23.07,6.50,12.03,-5.28,-13.00,2.00,-3.00
-44.85,-1.27,85.01,5.24,273.68,26.21,6.47,12.08,-5.31,-11.00,-5.00,-2.00
-44.88,-1.25,84.96,6.29,273.68,24.12,6.47,12.03,-5.19,-11.00,-10.00,0.00
-44.90,-1.27,84.95,5.24,272.63,22.02,6.53,11.94,-5.17,-14.00,-13.00,3.00
-44.91,-1.26,84.97,4.19,272.63,24.12,6.53,12.03,-5.25,-15.00,-12.00,5.00
-44.94,-1.23,84.96,6.29,273.68,24.12,6.47,12.06,-5.31,-15.00,-11.00,3.00
-44.96,-1.24,84.94,5.24,273.68,23.07,6.53,11.92,-5.19,-16.00,-8.00,4.00
-44.97,-1.23,84.96,5.24,271.58,23.07,6.56,12.03,-5.25,-11.00,-5.00,1.00
-44.97,-1.22,84.96,5.24,272.63,23.07,6.47,12.00,-5.33,-15.00,0.00,-1.00
-44.98,-1.21,84.98,7.34,273.68,24.12,6.56,12.00,-5.22,-9.00,5.00,1.00
-44.96,-1.25,84.97,6.29,273.68,26.21,6.44,12.08,-5.31,-6.00,11.00,5.00
-44.96,-1.26,84.91,6.29,272.63,24.12,6.50,12.03,-5.31,-18.00,11.00,5.00
-44.96,-1.26,84.89,5.24,270.53,23.07,6.50,12.06,-5.31,-23.00,12.00,1.00
-44.96,-1.25,84.88,6.29,272.63,25.17,6.53,12.00,-5.19,-27.00,7.00,-1.00
-44.95,-1.25,84.83,7.34,271.58,25.17,6.53,12.08,-5.28,-27.00,6.00,-3.00