18.84,-13.66,94.91,68.16,269.48,-25.17,9.22,9.89,1.50,-6.00,-2.00,-5.00
18.85,-13.69,94.95,67.11,269.48,-24.12,9.31,9.97,1.44,0.00,0.00,-11.00
18.84,-13.70,94.96,66.06,268.44,-25.17,9.17,9.89,1.50,-7.00,-3.00,-12.00
18.84,-13.67,94.99,66.06,268.44,-23.07,9.25,9.89,1.50,-10.00,-6.00,-25.00
18.84,-13.63,94.98,68.16,273.68,-24.12,9.22,9.89,1.50,-3.00,-12.00,-30.00
18.83,-13.62,94.99,66.06,269.48,-24.12,9.17,9.83,1.44,-1.00,-18.00,-31.00
18.82,-13.58,94.99,65.01,268.44,-22.02,9.25,9.89,1.47,-10.00,-16.00,-29.00
18.82,-13.56,94.95,65.01,269.48,-23.07,9.22,9.81,1.44,-15.00,-11.00,-15.00
18.79,-13.54,94.94,66.06,271.58,-24.12,9.22,9.89,1.39,-9.00,-19.00,-11.00
18.75,-13.54,94.96,65.01,270.53,-23.07,9.19,9.83,1.53,2.00,-26.00,-2.00
18.72,-13.53,94.98,65.01,269.48,-25.17,9.25,9.86,1.42,7.00,-34.00,0.00
18.66,-13.52,95.02,65.01,269.48,-23.07,9.22,9.81,1.44,-4.00,-32.00,-1.00
18.62,-13.51,95.01,63.96,270.53,-24.12,9.22,9.83,1.47,-6.00,-33.00,-6.00
18.59,-13.47,95.02,63.96,269.48,-25.17,9.22,9.83,1.47,-10.00,-32.00,-8.00
18.56,-13.43,95.04,62.91,271.58,-22.02,9.28,9.92,1.36,-11.00,-26.00,-12.00
18.53,-13.37,94.99,61.87,269.48,-24.12,9.22,9.86,1.39,-13.00,-23.00,-15.00
18.51,-13.30,94.99,61.87,269.48,-25.17,9.31,9.83,1.39,-14.00,-11.00,-17.00
18.49,-13.24,95.01,63.96,269.48,-25.17,9.31,9.89,1.53,-13.00,-4.00,-15.00
18.51,-13.23,95.02,65.01,271.58,-23.07,9.14,9.92,1.44,-15.00,3.00,-12.00
18.53,-13.23,94.98,63.96,270.53,-23.07,9.22,9.94,1.47,-15.00,3.00,-11.00
18.55,-13.21,94.95,63.96,269.48,-25.17,9.22,9.89,1.39,-14.00,0.00,-14.00
18.53,-13.20,94.97,62.91,270.53,-23.07,9.28,9.89,1.44,-15.00,-6.00,-16.00
18.52,-13.16,94.94,65.01,269.48,-23.07,9.25,9.86,1.33,-16.00,-8.00,-15.00
18.49,-13.17,94.91,65.01,270.53,-24.12,9.22,9.94,1.47,-21.00,-9.00,-14.00
18.48,-13.18,94.91,63.96,270.53,-24.12,9.33,9.83,1.47,-21.00,-13.00,-11.00
18.46,-13.17,94.91,61.87,271.58,-24.12,9.25,9.83,1.39,-15.00,-15.00,-13.00
18.44,-13.12,94.91,62.91,270.53,-25.17,9.19,9.81,1.47,-14.00,-11.00,-13.00
18.42,-13.10,94.93,61.87,269.48,-24.12,9.28,9.94,1.42,-17.00,-9.00,-3.00
18.41,-13.08,94.93,63.96,269.48,-23.07,9.19,9.83,1.44,-16.00,-5.00,2.00
18.41,-13.12,94.91,65.01,269.48,-23.07,9.17,9.92,1.50,-14.00,-1.00,9.00
18.43,-13.17,94.89,65.01,270.53,-23.07,9.28,9.81,1.47,-15.00,0.00,11.00
18.43,-13.22,94.87,63.96,270.53,-25.17,9.19,9.75,1.44,-10.00,-1.00,13.00
18.42,-13.24,94.91,65.01,268.44,-23.07,9.22,9.86,1.47,-7.00,-1.00,14.00
18.43,-13.30,94.90,66.06,269.48,-23.07,9.25,9.83,1.39,-7.00,2.00,18.00
18.43,-13.36,94.88,65.01,270.53,-22.02,9.25,9.86,1.44,-14.00,2.00,17.00
18.44,-13.38,94.83,65.01,269.48,-24.12,9.33,9.89,1.39,-21.00,5.00,7.00
18.43,-13.39,94.84,65.01,272.63,-24.12,9.22,9.83,1.47,-16.00,0.00,1.00
18.42,-13.39,94.84,66.06,271.58,-24.12,9.22,9.83,1.50,-13.00,-8.00,-2.00
18.42,-13.41,94.85,66.06,269.48,-23.07,9.28,9.86,1.42,-13.00,-9.00,-2.00
18.40,-13.43,94.84,66.06,269.48,-23.07,9.19,9.83,1.44,-16.00,-7.00,-1.00
18.40,-13.46,94.81,63.96,269.48,-24.12,9.17,9.81,1.42,-22.00,-4.00,-3.00
18.39,-13.43,94.82,66.06,269.48,-23.07,9.19,9.83,1.44,-17.00,-7.00,-6.00
18.39,-13.46,94.82,66.06,270.53,-19.92,9.28,9.81,1.44,-12.00,-5.00,-2.00
18.40,-13.48,94.75,65.01,270.53,-23.07,9.19,9.92,1.44,-9.00,-5.00,3.00
18.40,-13.49,94.75,65.01,269.48,-23.07,9.22,9.81,1.47,-11.00,-3.00,5.00
18.40,-13.49,94.75,63.96,269.48,-22.02,9.22,9.94,1.50,-14.00,-2.00,1.00
18.42,-13.47,94.73,65.01,270.53,-23.07,9.17,9.86,1.47,-9.00,0.00,-3.00
18.43,-13.46,94.73,66.06,270.53,-27.26,9.28,9.86,1.47,-8.00,0.00,-5.00
18.40,-13.48,94.84,65.01,269.48,-23.07,9.25,9.89,1.42,2.00,-7.00,1.00
18.39,-13.49,94.83,63.96,268.44,-23.07,9.25,9.94,1.44,-13.00,-1.00,0.00
18.40,-13.47,94.81,66.06,271.58,-22.02,9.25,9.83,1.50,-16.00,-3.00,-4.00
18.40,-13.47,94.79,65.01,270.53,-22.02,9.25,9.81,1.42,-12.00,-11.00,-10.00
18.38,-13.45,94.77,65.01,271.58,-22.02,9.28,9.83,1.47,-9.00,-13.00,-15.00
18.37,-13.42,94.75,65.01,268.44,-23.07,9.22,9.89,1.47,-8.00,-13.00,-13.00
18.36,-13.42,94.76,65.01,270.53,-22.02,9.19,9.86,1.44,-9.00,-13.00,-12.00
18.36,-13.41,94.74,65.01,269.48,-25.17,9.36,9.89,1.42,-7.00,-12.00,-12.00
18.33,-13.41,94.79,65.01,269.48,-24.12,9.17,9.86,1.42,-10.00,-8.00,-7.00
18.32,-13.41,94.81,65.01,270.53,-22.02,9.25,9.78,1.42,-7.00,-5.00,-7.00
18.31,-13.40,94.79,63.96,269.48,-23.07,9.14,9.92,1.47,-6.00,-4.00,-10.00
18.33,-13.37,94.79,63.96,269.48,-24.12,9.19,9.78,1.44,-7.00,-1.00,-11.00
18.32,-13.36,94.82,65.01,271.58,-22.02,9.25,9.89,1.42,-7.00,-3.00,-6.00
18.32,-13.36,94.79,65.01,269.48,-23.07,9.22,9.86,1.42,-9.00,-6.00,-5.00
18.31,-13.37,94.79,65.01,270.53,-23.07,9.25,9.86,1.44,-10.00,-7.00,-5.00
18.30,-13.37,94.79,65.01,269.48,-24.12,9.25,9.89,1.47,-10.00,-12.00,-6.00
18.28,-13.37,94.81,63.96,269.48,-24.12,9.19,9.83,1.44,-10.00,-15.00,-7.00
18.26,-13.35,94.83,63.96,271.58,-24.12,9.28,9.81,1.42,-12.00,-14.00,-5.00
18.24,-13.33,94.84,62.91,271.58,-24.12,9.28,9.86,1.44,-14.00,-11.00,-3.00
18.23,-13.30,94.85,62.91,270.53,-23.07,9.19,9.89,1.42,-12.00,-6.00,-1.00
18.23,-13.27,94.84,65.01,270.53,-24.12,9.22,9.81,1.44,-10.00,-6.00,-1.00
18.23,-13.29,94.86,65.01,271.58,-24.12,9.31,9.78,1.44,-9.00,-2.00,1.00
18.22,-13.31,94.87,63.96,270.53,-23.07,9.22,9.89,1.42,-6.00,-3.00,2.00
18.22,-13.31,94.86,63.96,269.48,-24.12,9.25,9.78,1.44,-9.00,-2.00,3.00
18.22,-13.31,94.88,66.06,269.48,-23.07,9.28,9.83,1.39,-7.00,0.00,4.00
18.21,-13.36,94.87,65.01,270.53,-24.12,9.28,9.81,1.42,-8.00,-5.00,6.00
18.19,-13.37,94.89,63.96,268.44,-23.07,9.31,9.83,1.42,-5.00,-9.00,3.00
18.18,-13.37,94.88,66.06,269.48,-24.12,9.22,9.83,1.44,-10.00,-6.00,1.00
18.18,-13.41,94.90,66.06,269.48,-23.07,9.25,9.86,1.42,-11.00,-7.00,4.00
18.18,-13.44,94.87,65.01,269.48,-24.12,9.28,9.92,1.47,-20.00,-5.00,0.00
18.18,-13.44,94.86,63.96,270.53,-24.12,9.19,9.89,1.50,-23.00,-2.00,-5.00
18.20,-13.40,94.86,65.01,272.63,-23.07,9.28,9.83,1.47,-17.00,-1.00,-14.00
18.21,-13.38,94.85,66.06,272.63,-24.12,9.33,9.86,1.47,-11.00,-4.00,-13.00
18.21,-13.38,94.86,65.01,270.53,-23.07,9.19,9.86,1.44,-8.00,-6.00,-12.00
18.22,-13.38,94.84,65.01,269.48,-23.07,9.33,9.86,1.44,-17.00,-3.00,-8.00
18.22,-13.38,94.82,63.96,269.48,-23.07,9.25,9.89,1.42,-20.00,-4.00,-8.00
18.21,-13.36,94.81,65.01,271.58,-24.12,9.19,9.83,1.44,-19.00,-5.00,-7.00
18.21,-13.36,94.81,63.96,270.53,-25.17,9.33,9.86,1.44,-17.00,-6.00,-3.00
18.19,-13.35,94.84,65.01,270.53,-20.97,9.25,9.89,1.42,-16.00,-6.00,-1.00
18.21,-13.37,94.78,65.01,270.53,-22.02,9.22,9.92,1.44,-15.00,0.00,2.00
18.23,-13.38,94.75,65.01,272.63,-23.07,9.22,9.86,1.42,-15.00,4.00,1.00
18.23,-13.37,94.74,63.96,269.48,-22.02,9.31,9.86,1.42,-12.00,5.00,-4.00
18.24,-13.37,94.73,65.01,269.48,-24.12,9.22,9.75,1.44,-7.00,3.00,-1.00
18.23,-13.38,94.75,65.01,267.39,-23.07,9.25,9.83,1.50,-10.00,-2.00,1.00
18.24,-13.40,94.74,66.06,268.44,-22.02,9.22,9.97,1.47,-25.00,4.00,-1.00
18.26,-13.43,94.71,65.01,270.53,-23.07,9.25,9.83,1.56,-21.00,-3.00,-7.00
18.27,-13.42,94.70,65.01,272.63,-23.07,9.28,9.86,1.47,-18.00,-6.00,-7.00
18.26,-13.40,94.70,63.96,271.58,-23.07,9.19,9.83,1.50,-15.00,-10.00,-10.00
18.26,-13.37,94.70,63.96,270.53,-22.02,9.25,9.92,1.53,-10.00,-6.00,-8.00
18.28,-13.36,94.68,63.96,268.44,-20.97,9.28,9.83,1.44,-15.00,-4.00,-5.00
18.28,-13.35,94.64,65.01,270.53,-20.97,9.28,9.89,1.47,-17.00,-1.00,-4.00
18.30,-13.36,94.60,63.96,270.53,-19.92,9.25,9.81,1.44,-17.00,4.00,-2.00
18.31,-13.35,94.54,65.01,268.44,-23.07,9.19,9.86,1.44,-17.00,6.00,-1.00
18.32,-13.38,94.55,63.96,270.53,-24.12,9.25,9.81,1.47,-15.00,8.00,2.00
18.32,-13.37,94.58,65.01,270.53,-23.07,9.22,9.86,1.44,-15.00,8.00,3.00
18.32,-13.39,94.59,65.01,269.48,-23.07,9.25,9.81,1.53,-16.00,10.00,3.00
18.34,-13.40,94.60,63.96,270.53,-23.07,9.25,9.86,1.42,-14.00,6.00,0.00
18.33,-13.38,94.61,66.06,268.44,-24.12,9.25,9.83,1.44,-13.00,3.00,-4.00
18.32,-13.41,94.64,65.01,269.48,-22.02,9.22,9.81,1.56,-13.00,1.00,-5.00
18.33,-13.42,94.63,65.01,268.44,-24.12,9.31,9.83,1.47,-11.00,-2.00,-3.00
18.32,-13.43,94.67,65.01,268.44,-24.12,9.28,9.83,1.50,-10.00,-4.00,-1.00
18.31,-13.44,94.70,65.01,270.53,-19.92,9.22,9.81,1.53,-9.00,-4.00,-3.00
18.33,-13.44,94.65,63.96,270.53,-23.07,9.25,9.78,1.47,-9.00,-4.00,-3.00
18.33,-13.42,94.66,63.96,269.48,-23.07,9.19,9.89,1.50,-9.00,-3.00,-3.00
18.33,-13.40,94.68,65.01,269.48,-22.02,9.22,9.78,1.44,-7.00,-4.00,-5.00
18.32,-13.40,94.67,65.01,269.48,-22.02,9.22,9.83,1.44,-8.00,-4.00,-5.00
18.32,-13.41,94.66,65.01,270.53,-22.02,9.19,9.83,1.47,-8.00,-3.00,-6.00
18.32,-13.41,94.65,65.01,269.48,-22.02,9.17,9.83,1.47,-8.00,-5.00,-2.00
18.33,-13.42,94.65,65.01,268.44,-20.97,9.22,9.97,1.44,-5.00,-6.00,-1.00
18.33,-13.43,94.63,65.01,270.53,-23.07,9.22,9.89,1.50,-7.00,-5.00,-1.00
18.33,-13.44,94.65,63.96,270.53,-22.02,9.25,9.83,1.47,-7.00,-4.00,0.00
18.32,-13.42,94.64,63.96,269.48,-23.07,9.19,9.86,1.50,-7.00,-7.00,2.00
18.33,-13.41,94.65,63.96,272.63,-19.92,9.22,9.86,1.44,-17.00,-3.00,-3.00
18.33,-13.37,94.59,65.01,270.53,-24.12,9.22,9.83,1.36,-13.00,-4.00,-10.00
18.30,-13.36,94.63,63.96,271.58,-23.07,9.31,9.89,1.42,-10.00,-8.00,-13.00
18.27,-13.33,94.64,63.96,269.48,-23.07,9.28,9.78,1.53,-8.00,-10.00,-11.00
18.27,-13.32,94.66,62.91,269.48,-20.97,9.25,9.86,1.44,-10.00,-7.00,-6.00
18.26,-13.29,94.62,63.96,270.53,-22.02,9.31,9.83,1.42,-16.00,-7.00,-5.00
18.25,-13.28,94.61,63.96,270.53,-20.97,9.25,9.86,1.53,-16.00,-7.00,-3.00
18.26,-13.28,94.58,63.96,270.53,-23.07,9.33,9.89,1.47,-13.00,-6.00,-1.00
18.24,-13.28,94.60,65.01,269.48,-19.92,9.22,9.92,1.47,-9.00,-5.00,4.00
18.26,-13.32,94.55,65.01,270.53,-22.02,9.17,9.86,1.50,-10.00,3.00,10.00
18.27,-13.35,94.54,63.96,270.53,-23.07,9.25,9.83,1.50,-11.00,3.00,7.00
18.28,-13.34,94.56,62.91,269.48,-22.02,9.25,9.81,1.42,-10.00,5.00,3.00
18.27,-13.33,94.57,65.01,270.53,-24.12,9.25,9.81,1.56,-2.00,2.00,5.00
18.27,-13.35,94.62,66.06,271.58,-23.07,9.25,9.83,1.47,-7.00,-5.00,6.00
18.27,-13.38,94.62,65.01,268.44,-20.97,9.22,9.89,1.50,-13.00,0.00,3.00
18.28,-13.40,94.59,65.01,269.48,-25.17,9.28,9.78,1.44,-19.00,-1.00,2.00
18.24,-13.41,94.65,66.06,272.63,-23.07,9.19,9.86,1.53,-12.00,-12.00,0.00
18.23,-13.42,94.68,66.06,272.63,-24.12,9.31,9.86,1.47,2.00,-21.00,-5.00
18.16,-13.42,94.75,66.06,274.73,-23.07,9.19,9.81,1.44,18.00,-43.00,-8.00
18.02,-13.39,94.88,71.30,281.02,-26.21,9.22,9.89,1.47,59.00,-107.00,-15.00
17.69,-13.38,95.28,78.64,298.84,-29.36,9.25,9.89,1.42,200.00,-236.00,-37.00
17.03,-13.33,96.14,93.32,327.16,-31.46,9.28,10.00,1.14,492.00,-477.00,-59.00
16.19,-13.23,97.32,96.47,343.93,-26.21,9.33,10.06,1.00,726.00,-608.00,-92.00
15.05,-12.97,99.07,102.76,336.59,-14.68,9.33,10.25,0.53,1144.00,-853.00,-122.00
13.74,-12.69,101.17,97.52,317.72,-8.39,9.42,10.31,0.28,1495.00,-999.00,-149.00
12.47,-12.39,103.31,91.23,288.36,-19.92,9.44,10.50,-0.33,1719.00,-1066.00,-178.00
11.17,-12.26,105.43,83.89,265.29,-42.99,9.36,10.56,-0.61,1824.00,-1111.00,-123.00
9.93,-12.25,107.55,36.70,241.17,-69.21,9.50,10.64,-1.28,1712.00,-1063.00,-46.00
8.77,-11.35,109.90,36.70,241.17,-69.21,9.39,10.72,-1.44,1613.00,-967.00,-77.00
7.66,-10.55,111.74,-1.05,202.38,-106.95,9.42,10.67,-1.78,1408.00,-1016.00,-12.00
6.70,-9.33,114.13,6.29,196.08,-127.93,9.42,10.64,-2.28,1287.00,-842.00,-31.00
5.96,-8.30,116.18,0.00,191.89,-144.70,9.33,10.64,-2.36,917.00,-667.00,-65.00
5.75,-7.37,117.74,6.29,190.84,-150.99,9.39,10.61,-2.44,480.00,-313.00,-73.00
5.72,-6.74,118.70,3.15,199.23,-149.95,9.39,10.69,-2.56,45.00,-185.00,-36.00
6.08,-6.15,119.04,8.39,204.47,-146.80,9.31,10.69,-2.56,-275.00,61.00,-94.00
6.63,-5.92,118.74,15.73,220.20,-136.31,9.39,10.75,-2.33,-632.00,232.00,0.00
7.33,-5.99,117.80,24.12,232.78,-125.83,9.28,10.67,-2.08,-865.00,359.00,70.00
8.14,-6.23,116.42,28.31,244.32,-112.20,9.42,10.67,-1.92,-1004.00,404.00,60.00
9.02,-6.48,114.73,36.70,249.56,-102.76,9.42,10.72,-1.67,-1047.00,446.00,20.00
9.96,-7.06,112.75,46.14,259.00,-92.27,9.42,10.67,-1.47,-1203.00,537.00,138.00
10.77,-7.78,110.65,48.23,265.29,-80.74,9.42,10.61,-1.14,-1251.00,471.00,200.00
11.55,-8.45,108.50,51.38,265.29,-72.35,9.47,10.50,-0.89,-1242.00,452.00,214.00
12.25,-9.12,106.42,59.77,269.48,-67.11,9.56,10.36,-0.56,-1230.00,414.00,227.00
12.80,-9.80,104.50,65.01,274.73,-60.82,9.53,10.36,-0.50,-1178.00,317.00,215.00
13.31,-10.44,102.73,57.67,282.07,-50.33,9.58,10.17,-0.17,-1097.00,314.00,188.00
14.12,-10.69,101.15,58.72,282.07,-45.09,9.67,10.17,-0.03,-879.00,495.00,27.00
14.78,-10.94,99.67,63.96,284.16,-37.75,9.58,10.14,0.22,-854.00,427.00,50.00
15.34,-11.20,98.32,68.16,285.21,-36.70,9.61,10.00,0.33,-778.00,359.00,27.00
15.74,-11.56,97.18,62.91,290.46,-29.36,9.58,10.00,0.53,-705.00,288.00,96.00
16.18,-11.74,96.17,66.06,281.02,-26.21,9.58,10.00,0.64,-572.00,321.00,56.00
16.54,-11.92,95.36,61.87,281.02,-19.92,9.47,9.92,0.75,-471.00,280.00,6.00
16.89,-12.06,94.58,66.06,282.07,-17.83,9.61,9.86,0.92,-425.00,278.00,48.00
17.17,-12.26,93.92,62.91,283.12,-19.92,9.58,9.83,0.97,-362.00,233.00,56.00
17.37,-12.36,93.50,69.21,283.12,-13.63,9.58,9.75,1.00,-264.00,211.00,45.00
17.57,-12.54,93.09,69.21,281.02,-15.73,9.56,9.78,1.17,-207.00,208.00,30.00
17.75,-12.70,92.84,68.16,284.16,-14.68,9.50,9.78,1.14,-141.00,193.00,21.00
17.77,-12.83,92.69,68.16,277.87,-13.63,9.53,9.72,1.25,-99.00,95.00,38.00
17.84,-12.95,92.62,71.30,277.87,-14.68,9.53,9.75,1.14,-30.00,117.00,22.00
17.76,-13.13,92.64,70.25,272.63,-15.73,9.44,9.75,1.19,-4.00,42.00,32.00
17.68,-13.29,92.70,69.21,269.48,-14.68,9.50,9.72,1.25,7.00,34.00,28.00
17.59,-13.43,92.74,67.11,267.39,-14.68,9.44,9.75,1.19,0.00,11.00,25.00
17.47,-13.52,92.78,68.16,267.39,-14.68,9.42,9.67,1.19,-6.00,-9.00,22.00
17.35,-13.63,92.80,68.16,269.48,-14.68,9.50,9.69,1.19,-13.00,-10.00,24.00
17.19,-13.70,92.84,69.21,269.48,-17.83,9.50,9.72,1.17,-3.00,-41.00,15.00
17.04,-13.78,92.94,65.01,268.44,-17.83,9.47,9.72,1.25,0.00,-24.00,11.00
16.91,-13.78,93.02,66.06,268.44,-15.73,9.53,9.78,1.19,-9.00,-25.00,14.00
16.81,-13.79,93.04,66.06,268.44,-17.83,9.58,9.61,1.25,-16.00,-15.00,4.00
16.72,-13.80,93.09,66.06,269.48,-18.87,9.56,9.69,1.22,-21.00,-5.00,5.00
16.61,-13.80,93.16,67.11,270.53,-15.73,9.50,9.69,1.17,-13.00,-12.00,1.00
16.52,-13.80,93.18,66.06,271.58,-17.83,9.47,9.72,1.17,-5.00,-15.00,-2.00
16.42,-13.79,93.23,66.06,270.53,-17.83,9.50,9.72,1.25,-5.00,-12.00,0.00
16.34,-13.78,93.29,66.06,270.53,-17.83,9.56,9.69,1.17,-1.00,-16.00,-3.00
16.25,-13.76,93.35,65.01,270.53,-17.83,9.50,9.69,1.28,3.00,-12.00,-6.00
16.19,-13.72,93.40,66.06,270.53,-18.87,9.56,9.72,1.19,7.00,-11.00,-8.00
16.11,-13.70,93.49,65.01,268.44,-20.97,9.53,9.69,1.17,18.00,-16.00,-12.00
16.02,-13.68,93.62,66.06,269.48,-19.92,9.47,9.75,1.17,22.00,-14.00,-10.00
15.94,-13.67,93.72,66.06,270.53,-17.83,9.50,9.69,1.17,24.00,-16.00,-7.00
15.88,-13.66,93.76,66.06,269.48,-18.87,9.56,9.75,1.19,20.00,-17.00,-8.00
15.81,-13.66,93.82,65.01,269.48,-23.07,9.42,9.78,1.17,16.00,-19.00,-8.00
15.73,-13.63,93.95,65.01,269.48,-20.97,9.53,9.72,1.22,14.00,-22.00,-10.00
15.66,-13.61,94.02,65.01,270.53,-20.97,9.47,9.75,1.31,10.00,-28.00,-10.00
15.62,-13.58,94.09,65.01,269.48,-22.02,9.53,9.75,1.14,7.00,-29.00,-9.00
15.54,-13.56,94.16,65.01,270.53,-22.02,9.56,9.72,1.03,1.00,-29.00,-7.00
15.45,-13.54,94.22,65.01,269.48,-19.92,9.58,9.81,1.17,4.00,-23.00,-12.00
15.39,-13.52,94.23,66.06,270.53,-20.97,9.53,9.75,1.22,-4.00,-34.00,-8.00
15.31,-13.52,94.27,65.01,269.48,-20.97,9.56,9.72,1.17,4.00,-53.00,-12.00
15.24,-13.50,94.31,63.96,269.48,-22.02,9.56,9.75,1.11,-2.00,-43.00,-8.00
15.15,-13.47,94.35,65.01,270.53,-22.02,9.50,9.75,1.17,-4.00,-44.00,-8.00
15.08,-13.46,94.39,63.96,271.58,-19.92,9.50,9.75,1.11,-4.00,-42.00,-8.00
15.03,-13.42,94.38,62.91,270.53,-20.97,9.58,9.75,1.06,-9.00,-34.00,-10.00
14.97,-13.36,94.39,63.96,269.48,-20.97,9.58,9.75,1.11,0.00,-31.00,-12.00
14.93,-13.34,94.41,63.96,269.48,-19.92,9.50,9.81,1.06,3.00,-24.00,-11.00
14.89,-13.33,94.40,63.96,270.53,-18.87,9.58,9.75,1.08,-1.00,-19.00,-6.00
14.88,-13.32,94.36,61.87,269.48,-18.87,9.53,9.81,1.06,-6.00,-9.00,-5.00
14.87,-13.28,94.32,62.91,269.48,-20.97,9.50,9.72,1.06,-11.00,-5.00,-3.00
14.85,-13.26,94.31,62.91,269.48,-22.02,9.58,9.72,1.11,-16.00,2.00,2.00
14.84,-13.26,94.33,63.96,270.53,-19.92,9.53,9.75,1.06,-14.00,4.00,5.00
14.84,-13.27,94.30,63.96,269.48,-22.02,9.58,9.78,1.08,-11.00,8.00,6.00
14.83,-13.28,94.32,62.91,269.48,-19.92,9.47,9.89,1.06,-12.00,11.00,5.00
14.83,-13.27,94.29,63.96,270.53,-19.92,9.47,9.69,1.11,-14.00,10.00,5.00
14.85,-13.28,94.26,65.01,270.53,-19.92,9.53,9.78,1.08,-15.00,11.00,1.00
14.85,-13.30,94.25,66.06,269.48,-19.92,9.47,9.78,1.17,-10.00,8.00,2.00
14.86,-13.34,94.23,65.01,268.44,-19.92,9.56,9.72,1.03,-9.00,4.00,0.00
14.85,-13.36,94.20,66.06,269.48,-18.87,9.50,9.67,1.11,-22.00,10.00,-3.00
14.86,-13.40,94.15,66.06,270.53,-19.92,9.56,9.75,1.11,-22.00,9.00,-4.00
14.85,-13.42,94.14,65.01,271.58,-20.97,9.58,9.72,1.08,-15.00,2.00,-6.00
14.82,-13.41,94.16,65.01,271.58,-20.97,9.53,9.69,1.14,-8.00,-3.00,-7.00
14.80,-13.40,94.18,65.01,270.53,-18.87,9.50,9.72,1.08,-7.00,-4.00,-7.00
14.79,-13.41,94.15,66.06,269.48,-18.87,9.53,9.72,1.11,-8.00,-5.00,-3.00
14.77,-13.44,94.13,63.96,268.44,-18.87,9.53,9.78,1.06,-9.00,-7.00,-2.00
14.75,-13.43,94.12,65.01,269.48,-18.87,9.58,9.75,1.03,-8.00,-5.00,-3.00
14.71,-13.44,94.10,63.96,271.58,-18.87,9.42,9.78,1.14,-11.00,-9.00,-1.00
14.70,-13.41,94.08,66.06,270.53,-18.87,9.56,9.75,1.11,-6.00,-10.00,-4.00
14.68,-13.43,94.08,65.01,269.48,-17.83,9.56,9.75,1.08,-2.00,-10.00,-3.00
14.65,-13.44,94.07,67.11,270.53,-18.87,9.58,9.78,1.08,6.00,-16.00,-1.00
14.60,-13.47,94.09,66.06,272.63,-20.97,9.56,9.75,1.17,11.00,-30.00,-9.00
14.48,-13.42,94.23,69.21,279.97,-20.97,9.50,9.78,1.03,60.00,-84.00,-36.00
14.19,-13.36,94.53,75.50,291.50,-19.92,9.61,9.81,0.97,163.00,-195.00,-59.00
13.80,-13.28,94.90,83.89,307.23,-22.02,9.58,9.86,0.83,240.00,-273.00,-106.00
13.08,-13.16,95.74,93.32,331.35,-24.12,9.61,9.94,0.72,524.00,-510.00,-137.00
11.95,-12.86,97.24,103.81,338.69,-14.68,9.67,10.06,0.44,950.00,-824.00,-204.00
10.57,-12.41,99.26,104.86,313.52,-8.39,9.61,10.19,0.00,1366.00,-1042.00,-293.00
9.13,-12.00,101.49,102.76,284.16,-20.97,9.53,10.33,-0.36,1705.00,-1153.00,-356.00
7.54,-11.80,103.93,89.13,254.80,-38.80,9.61,10.47,-0.97,1902.00,-1310.00,-312.00
5.82,-11.63,106.53,68.16,240.12,-54.53,9.53,10.61,-1.39,1957.00,-1411.00,-260.00
4.18,-10.97,109.20,31.46,223.35,-65.01,9.42,10.58,-2.06,1925.00,-1425.00,-305.00
2.68,-9.61,111.87,8.39,203.42,-85.98,9.33,10.64,-2.39,1868.00,-1370.00,-338.00
1.26,-8.04,114.35,-24.12,201.33,-114.29,9.31,10.67,-3.03,1578.00,-1354.00,-296.00
0.38,-6.13,116.54,-27.26,199.23,-138.41,9.19,10.64,-3.19,1220.00,-954.00,-283.00
-0.04,-4.35,118.43,-31.46,207.62,-157.29,9.08,10.75,-3.50,838.00,-638.00,-284.00
0.06,-2.63,120.09,-28.31,197.13,-163.58,9.06,10.69,-3.47,546.00,-296.00,-320.00
0.54,-1.39,121.22,-29.36,196.08,-164.63,9.06,10.81,-3.64,139.00,-26.00,-307.00
1.22,-0.59,121.71,-15.73,207.62,-160.43,8.94,10.78,-3.50,-259.00,209.00,-156.00
2.03,-0.30,121.59,-11.53,222.30,-153.09,8.92,10.81,-3.36,-524.00,320.00,-96.00
2.90,-0.22,121.04,-6.29,228.59,-141.56,9.03,10.89,-3.22,-613.00,385.00,-67.00
3.88,-0.46,119.99,3.15,242.22,-134.22,9.03,10.92,-2.97,-802.00,537.00,27.00
4.89,-1.07,118.56,8.39,252.71,-122.68,9.00,10.89,-2.75,-955.00,620.00,156.00
5.94,-1.81,116.88,17.83,253.76,-111.15,9.06,10.89,-2.36,-1010.00,692.00,211.00
7.05,-2.78,115.02,28.31,254.80,-98.57,9.08,10.83,-2.25,-1087.00,759.00,282.00
8.02,-3.87,113.04,34.60,263.19,-92.27,9.25,10.86,-1.72,-1124.00,683.00,331.00
8.94,-4.89,111.11,41.94,267.39,-85.98,9.31,10.78,-1.67,-1096.00,618.00,321.00
9.84,-5.86,109.25,45.09,267.39,-80.74,9.36,10.67,-1.22,-1072.00,611.00,275.00
10.73,-6.73,107.53,51.38,270.53,-72.35,9.44,10.61,-1.11,-1023.00,587.00,239.00
11.60,-7.59,105.80,47.19,267.39,-63.96,9.47,10.61,-0.78,-1011.00,596.00,223.00
12.58,-8.28,104.07,51.38,270.53,-58.72,9.42,10.44,-0.61,-998.00,658.00,197.00
13.46,-8.90,102.48,54.53,275.78,-54.53,9.50,10.36,-0.31,-940.00,612.00,170.00
14.27,-9.45,101.03,57.67,277.87,-50.33,9.39,10.22,-0.17,-871.00,570.00,150.00
14.99,-9.93,99.77,56.62,276.82,-39.85,9.47,10.28,-0.06,-775.00,518.00,120.00
15.90,-10.11,98.63,50.33,275.78,-36.70,9.44,10.22,0.33,-599.00,641.00,-70.00
16.55,-10.43,97.56,50.33,287.31,-33.55,9.42,10.17,0.33,-620.00,492.00,157.00
17.20,-10.70,96.72,60.82,296.75,-32.51,9.39,10.08,0.56,-454.00,516.00,166.00
17.68,-11.06,96.05,68.16,297.80,-27.26,9.42,10.06,0.72,-383.00,406.00,171.00
18.17,-11.34,95.60,57.67,286.26,-20.97,9.42,10.03,0.83,-202.00,401.00,61.00
18.66,-11.47,95.07,66.06,274.73,-18.87,9.31,10.06,0.89,-211.00,401.00,51.00
19.05,-11.77,94.63,63.96,276.82,-20.97,9.39,10.03,0.94,-177.00,332.00,55.00
19.25,-12.04,94.27,67.11,276.82,-18.87,9.42,9.94,1.03,-190.00,229.00,94.00
19.47,-12.29,93.98,67.11,275.78,-19.92,9.33,9.94,1.06,-135.00,238.00,61.00
19.63,-12.50,93.77,66.06,272.63,-20.97,9.33,9.89,1.11,-123.00,207.00,48.00
19.78,-12.67,93.61,65.01,272.63,-20.97,9.39,9.86,1.22,-109.00,207.00,35.00
19.86,-12.79,93.51,65.01,271.58,-20.97,9.44,9.78,1.14,-98.00,148.00,28.00
19.87,-12.91,93.45,69.21,272.63,-20.97,9.33,9.83,1.19,-78.00,124.00,30.00
19.83,-13.08,93.42,66.06,269.48,-19.92,9.31,9.78,1.28,-70.00,78.00,31.00
19.77,-13.20,93.38,65.01,268.44,-15.73,9.36,9.83,1.33,-74.00,49.00,35.00
19.73,-13.29,93.25,63.96,270.53,-16.78,9.36,9.89,1.33,-83.00,46.00,33.00
19.68,-13.34,93.16,62.91,269.48,-17.83,9.33,9.83,1.33,-80.00,41.00,31.00
19.61,-13.37,93.11,65.01,270.53,-17.83,9.39,9.78,1.31,-69.00,35.00,36.00
19.52,-13.44,93.08,66.06,270.53,-16.78,9.33,9.86,1.31,-65.00,25.00,38.00
19.40,-13.50,93.06,63.96,272.63,-15.73,9.25,9.75,1.31,-47.00,3.00,28.00
19.28,-13.51,93.03,62.91,271.58,-14.68,9.44,9.89,1.33,-42.00,-8.00,26.00
19.14,-13.49,93.01,65.01,271.58,-14.68,9.44,9.75,1.36,-29.00,-28.00,20.00
18.99,-13.52,93.00,66.06,272.63,-16.78,9.36,9.81,1.36,-23.00,-34.00,20.00
18.83,-13.55,93.05,63.96,270.53,-16.78,9.39,9.83,1.31,-13.00,-43.00,18.00
18.66,-13.54,93.09,62.91,271.58,-17.83,9.42,9.78,1.36,-17.00,-46.00,15.00
18.49,-13.50,93.16,65.01,272.63,-16.78,9.39,9.81,1.33,-10.00,-50.00,8.00
18.32,-13.49,93.21,65.01,271.58,-14.68,9.39,9.81,1.28,-7.00,-55.00,3.00
18.16,-13.49,93.22,65.01,269.48,-16.78,9.39,9.75,1.31,-1.00,-56.00,1.00
17.99,-13.49,93.28,62.91,269.48,-17.83,9.42,9.83,1.25,4.00,-64.00,0.00
17.82,-13.45,93.35,62.91,268.44,-16.78,9.42,9.81,1.28,-1.00,-56.00,-2.00
17.67,-13.42,93.39,63.96,270.53,-15.73,9.36,9.75,1.28,-2.00,-50.00,1.00
17.55,-13.41,93.40,61.87,269.48,-17.83,9.33,9.78,1.25,1.00,-44.00,4.00
17.42,-13.36,93.46,62.91,270.53,-17.83,9.47,9.75,1.31,1.00,-38.00,3.00
17.31,-13.34,93.50,63.96,270.53,-17.83,9.50,9.81,1.25,2.00,-33.00,5.00
17.19,-13.34,93.54,62.91,270.53,-16.78,9.44,9.75,1.25,0.00,-35.00,4.00
17.10,-13.31,93.56,63.96,268.44,-17.83,9.47,9.75,1.25,5.00,-26.00,-1.00
17.00,-13.32,93.59,66.06,270.53,-20.97,9.44,9.81,1.22,-1.00,-22.00,1.00
16.87,-13.35,93.71,65.01,270.53,-16.78,9.44,9.75,1.28,11.00,-41.00,-1.00
16.79,-13.36,93.71,63.96,269.48,-16.78,9.44,9.75,1.28,1.00,-29.00,-2.00
16.72,-13.36,93.69,62.91,269.48,-18.87,9.42,9.78,1.19,-9.00,-23.00,-1.00
16.64,-13.33,93.71,63.96,270.53,-19.92,9.44,9.78,1.28,-13.00,-22.00,-5.00
16.55,-13.29,93.76,63.96,271.58,-19.92,9.53,9.81,1.22,-9.00,-31.00,-20.00
16.45,-13.23,93.81,63.96,270.53,-17.83,9.44,9.81,1.11,-4.00,-33.00,-40.00
16.34,-13.16,93.82,62.91,270.53,-17.83,9.47,9.81,1.25,-1.00,-42.00,-49.00
16.25,-13.07,93.83,62.91,267.39,-16.78,9.53,9.83,1.22,-4.00,-47.00,-57.00
16.17,-13.01,93.79,61.87,269.48,-15.73,9.44,9.86,1.17,-20.00,-39.00,-52.00
16.08,-12.94,93.73,62.91,272.63,-18.87,9.42,9.81,1.17,-25.00,-45.00,-46.00
15.97,-12.87,93.75,63.96,271.58,-17.83,9.42,9.81,1.11,-16.00,-54.00,-47.00
15.84,-12.84,93.75,61.87,269.48,-15.73,9.33,9.92,1.14,-13.00,-58.00,-46.00
15.74,-12.79,93.71,61.87,269.48,-16.78,9.39,9.83,1.11,-19.00,-53.00,-36.00
15.64,-12.76,93.68,62.91,270.53,-17.83,9.42,9.83,1.17,-21.00,-49.00,-30.00
15.54,-12.76,93.67,60.82,269.48,-18.87,9.47,9.86,1.17,-27.00,-43.00,-20.00
15.45,-12.73,93.68,60.82,270.53,-13.63,9.44,9.89,1.19,-27.00,-36.00,-17.00
15.40,-12.70,93.59,61.87,272.63,-16.78,9.42,9.86,1.17,-19.00,-31.00,-14.00
15.33,-12.69,93.59,60.82,272.63,-17.83,9.44,9.83,1.17,-4.00,-34.00,-13.00
15.22,-12.64,93.65,61.87,274.73,-16.78,9.42,9.81,1.14,16.00,-53.00,-24.00
15.02,-12.55,93.74,66.06,282.07,-15.73,9.42,9.92,1.06,47.00,-122.00,-56.00
14.57,-12.42,94.06,74.45,309.33,-25.17,9.44,9.92,1.08,198.00,-310.00,-111.00
13.62,-12.10,95.11,94.37,338.69,-31.46,9.47,10.03,0.89,586.00,-662.00,-232.00
12.45,-11.72,96.45,102.76,337.64,-25.17,9.56,10.08,0.64,785.00,-836.00,-285.00
11.00,-11.27,98.20,103.81,318.77,-9.44,9.50,10.22,0.17,1117.00,-1074.00,-337.00
9.40,-10.81,100.12,101.71,298.84,-2.10,9.42,10.33,-0.22,1411.00,-1242.00,-408.00
7.84,-10.54,101.87,85.98,270.53,-6.29,9.50,10.47,-0.47,1525.00,-1288.00,-373.00
6.44,-10.45,103.39,60.82,267.39,-22.02,9.47,10.67,-1.06,1549.00,-1238.00,-271.00
5.14,-9.80,105.13,51.38,270.53,-50.33,9.33,10.69,-1.42,1666.00,-1187.00,-353.00
3.71,-8.60,107.43,46.14,267.39,-62.91,9.28,10.81,-2.03,1788.00,-1332.00,-558.00
2.23,-7.37,109.53,34.60,244.32,-68.16,9.11,10.94,-2.39,1641.00,-1388.00,-528.00
0.99,-6.09,111.45,-22.02,202.38,-108.00,8.94,11.00,-2.97,1536.00,-1276.00,-525.00
0.12,-4.17,113.63,-38.80,208.67,-131.07,8.89,11.00,-3.31,1194.00,-956.00,-484.00
-0.34,-2.16,115.63,-50.33,209.72,-148.90,8.72,11.06,-3.47,885.00,-644.00,-394.00
-0.34,-0.19,117.54,-53.48,195.04,-159.38,8.61,11.08,-3.64,668.00,-337.00,-339.00
0.01,1.24,119.04,-46.14,207.62,-166.72,8.64,11.11,-3.72,276.00,-41.00,-194.00
0.52,2.06,119.93,-41.94,211.81,-163.58,8.64,11.08,-3.72,-48.00,135.00,-59.00
1.22,2.45,120.19,-35.65,218.10,-156.24,8.64,11.14,-3.61,-372.00,330.00,47.00
1.95,2.49,120.01,-24.12,227.54,-145.75,8.67,11.17,-3.47,-524.00,409.00,158.00
2.87,2.14,119.22,-7.34,234.88,-131.07,8.81,11.08,-3.08,-772.00,586.00,176.00
3.90,1.36,117.89,-2.10,240.12,-118.49,8.78,11.08,-3.00,-965.00,689.00,233.00
5.00,0.38,116.15,11.53,245.37,-110.10,8.89,11.17,-2.61,-1138.00,808.00,324.00
6.07,-0.84,114.17,25.17,254.80,-99.61,8.97,11.08,-2.39,-1270.00,798.00,395.00
7.04,-2.24,112.07,36.70,263.19,-85.98,9.19,10.92,-1.89,-1295.00,746.00,459.00
7.94,-3.69,109.87,42.99,266.34,-73.40,9.14,10.97,-1.61,-1280.00,677.00,483.00
8.78,-5.07,107.65,45.09,268.44,-67.11,9.25,10.75,-1.28,-1261.00,620.00,483.00
9.62,-6.34,105.49,50.33,271.58,-62.91,9.39,10.69,-1.08,-1258.00,616.00,486.00
10.42,-7.56,103.51,58.72,285.21,-56.62,9.47,10.47,-0.67,-1205.00,603.00,488.00
11.17,-8.66,101.80,62.91,288.36,-50.33,9.50,10.36,-0.61,-1024.00,556.00,451.00
11.72,-9.66,100.38,61.87,284.16,-40.89,9.67,10.28,-0.28,-851.00,438.00,440.00
12.19,-10.54,99.12,60.82,276.82,-31.46,9.67,10.19,-0.17,-719.00,368.00,419.00
12.62,-11.32,97.88,61.87,282.07,-26.21,9.72,9.97,0.00,-664.00,339.00,400.00
13.12,-11.97,96.74,66.06,281.02,-24.12,9.86,9.94,0.22,-582.00,392.00,357.00
13.62,-12.61,95.76,68.16,282.07,-19.92,9.89,9.86,0.36,-516.00,390.00,340.00
14.20,-13.04,95.00,67.11,279.97,-16.78,9.83,9.78,0.31,-339.00,450.00,209.00
14.74,-13.40,94.29,78.64,270.53,-8.39,9.81,9.78,0.58,-311.00,444.00,194.00
15.14,-14.01,93.49,70.25,277.87,-13.63,9.92,9.58,0.64,-328.00,322.00,227.00
15.55,-14.31,92.92,78.64,276.82,-14.68,9.92,9.53,0.75,-277.00,367.00,184.00
15.87,-14.67,92.54,75.50,272.63,-12.58,9.81,9.56,0.75,-200.00,318.00,143.00
16.11,-14.99,92.16,80.74,267.39,-12.58,9.89,9.42,0.86,-217.00,271.00,166.00
16.38,-15.37,91.82,76.55,270.53,-12.58,9.89,9.42,0.92,-195.00,302.00,135.00
16.50,-15.53,91.62,78.64,270.53,-11.53,9.92,9.44,0.97,-150.00,202.00,85.00
16.69,-15.67,91.42,75.50,270.53,-13.63,9.83,9.42,1.06,-127.00,251.00,46.00
16.81,-15.73,91.31,82.84,268.44,-7.34,9.92,9.44,1.17,-125.00,207.00,40.00
16.95,-15.92,91.09,76.55,267.39,-8.39,9.89,9.42,1.19,-123.00,187.00,37.00
17.05,-16.00,90.92,75.50,270.53,-12.58,9.81,9.42,1.19,-124.00,173.00,46.00
17.07,-15.99,90.93,79.69,272.63,-10.49,9.78,9.33,1.19,-73.00,138.00,16.00
17.04,-16.02,90.97,80.74,273.68,-10.49,9.83,9.36,1.33,-31.00,97.00,0.00
17.00,-16.07,91.04,79.69,270.53,-8.39,9.86,9.31,1.31,-10.00,76.00,5.00
16.94,-16.11,91.11,77.59,268.44,-8.39,9.83,9.36,1.25,13.00,52.00,3.00
16.85,-16.12,91.20,77.59,268.44,-7.34,9.81,9.33,1.25,34.00,40.00,2.00
16.74,-16.13,91.30,78.64,269.48,-9.44,9.72,9.39,1.31,47.00,11.00,5.00
16.60,-16.15,91.45,77.59,268.44,-6.29,9.81,9.42,1.22,51.00,-15.00,3.00
16.46,-16.14,91.51,75.50,268.44,-9.44,9.89,9.33,1.19,47.00,-21.00,-5.00
16.27,-16.07,91.66,75.50,269.48,-11.53,9.78,9.39,1.19,56.00,-45.00,-20.00
16.06,-15.99,91.86,76.55,269.48,-13.63,9.78,9.42,1.25,67.00,-64.00,-30.00
15.84,-15.92,92.07,73.40,269.48,-12.58,9.83,9.33,1.19,59.00,-75.00,-37.00
15.63,-15.81,92.22,71.30,267.39,-16.78,9.81,9.36,1.17,46.00,-74.00,-34.00
15.41,-15.67,92.45,71.30,267.39,-16.78,9.86,9.42,1.14,47.00,-75.00,-32.00
15.20,-15.56,92.66,70.25,268.44,-17.83,9.83,9.44,1.19,46.00,-74.00,-30.00
15.02,-15.43,92.86,70.25,266.34,-18.87,9.86,9.39,1.11,46.00,-69.00,-28.00
14.82,-15.32,93.07,70.25,267.39,-18.87,9.83,9.44,1.08,45.00,-75.00,-27.00
14.64,-15.23,93.24,72.35,267.39,-17.83,9.78,9.44,1.11,37.00,-70.00,-20.00
14.49,-15.20,93.38,70.25,268.44,-18.87,9.81,9.50,1.11,37.00,-70.00,-13.00
14.35,-15.12,93.52,70.25,269.48,-20.97,9.89,9.47,1.14,41.00,-63.00,-16.00
14.20,-15.05,93.70,69.21,267.39,-17.83,9.83,9.50,1.06,38.00,-76.00,-6.00
14.06,-14.98,93.78,71.30,266.34,-18.87,9.83,9.50,1.08,33.00,-71.00,-9.00
13.94,-14.96,93.88,71.30,267.39,-19.92,9.78,9.56,1.06,27.00,-68.00,-9.00
13.85,-14.95,93.95,70.25,267.39,-22.02,9.81,9.56,1.00,12.00,-50.00,-4.00
13.74,-14.90,94.06,69.21,268.44,-18.87,9.89,9.53,0.97,12.00,-53.00,-11.00
13.66,-14.83,94.09,70.25,268.44,-18.87,9.89,9.42,1.03,9.00,-41.00,-14.00
13.60,-14.79,94.10,69.21,268.44,-19.92,9.86,9.50,0.94,3.00,-35.00,-19.00
13.54,-14.73,94.13,70.25,267.39,-18.87,9.86,9.53,0.92,-4.00,-25.00,-17.00
13.49,-14.70,94.11,69.21,267.39,-19.92,9.86,9.50,0.97,-10.00,-21.00,-18.00
13.45,-14.66,94.11,70.25,268.44,-18.87,9.86,9.50,1.03,-16.00,-14.00,-13.00
13.43,-14.64,94.09,67.11,270.53,-20.97,9.81,9.56,0.86,-16.00,-16.00,-13.00
13.38,-14.55,94.11,69.21,268.44,-18.87,9.81,9.50,1.06,-14.00,-6.00,-14.00
13.38,-14.53,94.10,71.30,268.44,-18.87,9.81,9.50,1.00,-9.00,-6.00,-9.00
13.37,-14.55,94.08,70.25,268.44,-18.87,9.83,9.56,0.94,-11.00,-3.00,-3.00
13.35,-14.56,94.07,70.25,268.44,-17.83,9.81,9.56,1.00,-9.00,-3.00,-2.00
13.34,-14.57,94.03,69.21,268.44,-17.83,9.81,9.61,0.97,-10.00,-6.00,-3.00
13.33,-14.55,94.00,70.25,268.44,-17.83,9.81,9.56,0.94,-10.00,-8.00,-5.00
13.31,-14.55,93.98,72.35,268.44,-17.83,9.83,9.53,0.86,-7.00,-9.00,-7.00
13.26,-14.58,93.96,70.25,267.39,-18.87,9.83,9.56,1.03,-6.00,-11.00,-9.00
13.24,-14.58,93.97,70.25,267.39,-18.87,9.81,9.61,1.00,-7.00,-11.00,-11.00
13.22,-14.57,93.97,70.25,268.44,-17.83,9.94,9.50,0.97,-11.00,-11.00,-13.00
13.20,-14.56,93.94,70.25,268.44,-17.83,9.81,9.53,0.97,-14.00,-9.00,-14.00
13.18,-14.55,93.91,70.25,268.44,-17.83,9.75,9.50,1.03,-17.00,-9.00,-14.00
13.17,-14.53,93.88,70.25,267.39,-17.83,9.81,9.53,0.94,-16.00,-9.00,-17.00
13.15,-14.53,93.86,69.21,268.44,-16.78,9.89,9.58,0.94,-18.00,-7.00,-18.00
13.13,-14.50,93.81,70.25,269.48,-17.83,9.83,9.47,0.89,-16.00,-4.00,-16.00
13.10,-14.49,93.79,69.21,268.44,-17.83,9.83,9.53,0.92,-19.00,-1.00,-15.00
13.08,-14.46,93.77,69.21,266.34,-17.83,9.81,9.44,1.00,-17.00,-2.00,-16.00
13.06,-14.45,93.75,71.30,267.39,-16.78,9.83,9.50,0.92,-23.00,-4.00,-12.00
13.03,-14.48,93.71,72.35,269.48,-20.97,9.86,9.50,0.97,-18.00,-9.00,-11.00
12.98,-14.52,93.76,70.25,269.48,-17.83,9.89,9.56,0.94,-21.00,-12.00,-10.00
12.94,-14.50,93.74,69.21,269.48,-18.87,9.75,9.58,1.03,-22.00,-15.00,-17.00
12.90,-14.46,93.76,71.30,270.53,-17.83,9.86,9.56,0.97,-16.00,-20.00,-17.00
12.86,-14.47,93.75,70.25,270.53,-18.87,9.81,9.56,1.00,-12.00,-22.00,-17.00
12.82,-14.45,93.77,69.21,267.39,-17.83,9.83,9.47,0.94,-12.00,-21.00,-14.00
12.78,-14.44,93.76,69.21,267.39,-17.83,9.78,9.58,1.00,-17.00,-20.00,-11.00
12.76,-14.43,93.74,70.25,267.39,-17.83,9.78,9.53,0.92,-25.00,-14.00,-8.00
12.72,-14.45,93.72,70.25,268.44,-17.83,9.86,9.47,0.94,-23.00,-14.00,-5.00
12.69,-14.47,93.71,68.16,267.39,-18.87,9.86,9.53,0.94,-20.00,-13.00,-4.00
12.65,-14.44,93.73,71.30,269.48,-16.78,9.78,9.61,0.94,-15.00,-10.00,-5.00
12.64,-14.47,93.69,69.21,269.48,-15.73,9.81,9.53,0.92,-18.00,-5.00,-5.00
12.63,-14.45,93.64,68.16,267.39,-17.83,9.81,9.53,0.97,-14.00,0.00,-7.00
12.62,-14.43,93.64,69.21,268.44,-17.83,9.78,9.58,0.94,-14.00,1.00,-7.00
12.61,-14.42,93.65,71.30,268.44,-17.83,9.83,9.56,0.94,-8.00,2.00,-6.00
12.59,-14.45,93.66,68.16,268.44,-17.83,9.86,9.53,0.94,-7.00,-5.00,-9.00
12.57,-14.42,93.65,69.21,269.48,-16.78,9.78,9.53,0.92,-20.00,-2.00,-11.00
12.55,-14.39,93.62,69.21,269.48,-17.83,9.78,9.56,1.03,-19.00,-8.00,-18.00
12.53,-14.36,93.62,72.35,269.48,-14.68,9.81,9.53,0.94,-18.00,-18.00,-23.00
12.49,-14.39,93.57,71.30,269.48,-16.78,9.86,9.53,0.94,-13.00,-30.00,-22.00
12.42,-14.39,93.57,71.30,267.39,-17.83,9.86,9.58,0.97,-10.00,-42.00,-21.00
12.34,-14.41,93.60,70.25,267.39,-15.73,9.78,9.53,1.00,-11.00,-48.00,-21.00
12.27,-14.41,93.58,69.21,268.44,-16.78,9.81,9.58,0.92,-13.00,-54.00,-19.00
12.18,-14.39,93.59,68.16,268.44,-16.78,9.75,9.53,0.97,-14.00,-55.00,-17.00
12.12,-14.35,93.58,67.11,268.44,-17.83,9.81,9.56,1.00,-17.00,-50.00,-14.00
12.06,-14.30,93.60,67.11,269.48,-18.87,9.83,9.64,0.97,-17.00,-45.00,-10.00
12.00,-14.26,93.64,67.11,268.44,-16.78,9.83,9.61,0.94,-11.00,-36.00,-4.00
11.97,-14.23,93.63,68.16,269.48,-18.87,9.72,9.56,0.92,-10.00,-23.00,-4.00
11.93,-14.22,93.66,66.06,269.48,-16.78,9.75,9.56,1.00,-12.00,-20.00,-1.00
11.93,-14.18,93.65,68.16,269.48,-16.78,9.83,9.56,1.00,-9.00,-10.00,-3.00
11.94,-14.18,93.63,68.16,269.48,-16.78,9.83,9.61,0.83,-8.00,-7.00,0.00
11.91,-14.18,93.62,68.16,269.48,-16.78,9.89,9.56,0.92,-9.00,-5.00,1.00
11.91,-14.18,93.61,68.16,268.44,-17.83,9.83,9.61,1.06,-10.00,0.00,2.00
11.93,-14.19,93.61,68.16,268.44,-17.83,9.78,9.58,0.92,-9.00,2.00,2.00
11.92,-14.20,93.62,68.16,268.44,-17.83,9.81,9.58,0.94,-9.00,-1.00,2.00
11.92,-14.20,93.63,69.21,269.48,-16.78,9.86,9.56,0.94,-9.00,-3.00,0.00
11.91,-14.22,93.62,67.11,268.44,-19.92,9.78,9.58,0.86,-7.00,-8.00,-4.00
11.87,-14.19,93.68,69.21,268.44,-18.87,9.78,9.61,0.97,-4.00,-8.00,-4.00
11.86,-14.21,93.72,70.25,269.48,-17.83,9.78,9.56,0.94,-4.00,-11.00,-4.00
11.84,-14.24,93.73,69.21,270.53,-14.68,9.81,9.47,0.94,-2.00,-16.00,-7.00
11.83,-14.23,93.70,69.21,270.53,-18.87,9.81,9.67,0.86,9.00,-22.00,-10.00
11.76,-14.23,93.77,70.25,268.44,-18.87,9.81,9.56,0.89,21.00,-37.00,-9.00
11.68,-14.25,93.87,74.45,271.58,-20.97,9.89,9.56,0.83,39.00,-51.00,-5.00
11.47,-14.37,94.10,90.18,276.82,-25.17,9.86,9.58,0.83,91.00,-132.00,22.00
11.08,-14.68,94.40,84.93,267.39,-22.02,9.78,9.53,0.81,80.00,-256.00,11.00
10.71,-14.92,94.62,65.01,263.19,-13.63,9.83,9.64,0.75,63.00,-258.00,-2.00
10.54,-14.82,94.56,54.53,273.68,-11.53,9.92,9.56,0.75,28.00,-161.00,11.00
10.45,-14.45,94.54,62.91,297.80,-19.92,9.92,9.53,0.64,98.00,-126.00,-17.00
10.22,-14.11,94.97,73.40,310.38,-23.07,9.86,9.58,0.67,306.00,-183.00,-84.00
9.85,-13.77,95.80,89.13,311.43,-23.07,9.92,9.72,0.44,563.00,-300.00,-175.00
9.25,-13.46,96.97,101.71,311.43,-18.87,9.92,9.86,0.36,807.00,-469.00,-276.00
8.36,-13.07,98.49,119.54,315.62,-20.97,9.75,10.03,-0.03,1087.00,-729.00,-395.00
7.35,-12.58,100.44,124.78,312.48,-19.92,9.78,10.08,-0.28,1404.00,-858.00,-520.00
6.08,-11.99,102.51,121.63,294.65,-19.92,9.69,10.39,-0.89,1536.00,-1110.00,-575.00
4.70,-11.37,104.71,100.66,275.78,-25.17,9.64,10.47,-1.22,1770.00,-1272.00,-689.00
3.34,-10.53,106.90,77.59,259.00,-35.65,9.33,10.69,-1.86,1927.00,-1389.00,-790.00
2.06,-9.42,108.91,37.75,240.12,-47.19,9.31,10.75,-2.28,1875.00,-1397.00,-834.00
1.27,-7.75,110.70,-14.68,195.04,-105.91,9.14,11.00,-2.81,1659.00,-1090.00,-853.00
0.68,-5.57,113.08,-31.46,205.52,-128.97,8.89,11.00,-3.14,1322.00,-845.00,-811.00
0.56,-3.26,115.40,-45.09,177.21,-144.70,8.69,11.14,-3.47,1119.00,-519.00,-763.00
0.58,-1.40,117.57,-52.43,187.70,-161.48,8.56,11.22,-3.50,871.00,-367.00,-507.00
1.03,0.26,119.28,-46.14,202.38,-167.77,8.47,11.22,-3.58,378.00,-35.00,-360.00
1.59,1.22,120.29,-44.04,218.10,-163.58,8.47,11.22,-3.47,-19.00,156.00,-80.00
2.32,1.62,120.46,-33.55,231.74,-153.09,8.64,11.19,-3.36,-340.00,363.00,85.00
3.16,1.49,119.94,-19.92,238.03,-141.56,8.61,11.25,-3.31,-583.00,531.00,218.00
4.12,0.92,118.98,-1.05,241.17,-128.97,8.72,11.19,-2.94,-759.00,686.00,301.00
5.08,-0.08,117.60,7.34,249.56,-118.49,8.78,11.08,-2.81,-925.00,718.00,392.00
6.01,-1.20,115.95,19.92,255.85,-112.20,8.94,11.08,-2.39,-1027.00,724.00,441.00
6.92,-2.51,114.22,32.51,260.05,-105.91,9.00,10.94,-2.17,-1069.00,715.00,504.00
7.73,-3.92,112.50,38.80,257.95,-95.42,9.19,10.86,-1.81,-1074.00,652.00,534.00
8.44,-5.26,110.76,38.80,257.95,-85.98,9.28,10.86,-1.69,-1070.00,554.00,529.00
9.12,-6.45,108.97,41.94,264.24,-79.69,9.39,10.61,-1.28,-1087.00,535.00,513.00
9.86,-7.52,107.21,46.14,267.39,-73.40,9.42,10.58,-1.19,-1069.00,551.00,478.00
10.63,-8.49,105.55,53.48,272.63,-67.11,9.56,10.42,-0.78,-1005.00,577.00,428.00
11.38,-9.42,104.01,56.62,274.73,-58.72,9.64,10.44,-0.67,-924.00,549.00,398.00
12.09,-10.26,102.54,57.67,271.58,-53.48,9.56,10.31,-0.33,-858.00,518.00,369.00
12.78,-10.99,101.17,56.62,271.58,-49.28,9.58,10.19,-0.22,-816.00,492.00,331.00
13.47,-11.59,99.87,61.87,272.63,-41.94,9.75,10.06,0.08,-789.00,510.00,306.00
14.16,-12.18,98.56,66.06,273.68,-37.75,9.75,9.94,0.19,-770.00,502.00,281.00
14.77,-12.76,97.33,67.11,274.73,-32.51,9.72,9.86,0.25,-741.00,468.00,274.00
15.51,-13.08,96.32,60.82,287.31,-31.46,9.75,9.81,0.47,-566.00,560.00,108.00
15.79,-13.31,95.42,75.50,275.78,-20.97,9.64,9.61,0.72,-590.00,259.00,209.00
16.22,-13.81,94.49,69.21,283.12,-18.87,9.72,9.72,0.75,-525.00,338.00,206.00
16.51,-14.13,93.68,75.50,272.63,-14.68,9.78,9.58,0.83,-480.00,262.00,212.00
16.83,-14.51,93.01,69.21,279.97,-13.63,9.83,9.58,0.94,-372.00,298.00,170.00
17.08,-14.72,92.39,75.50,278.92,-8.39,9.86,9.50,1.06,-365.00,258.00,179.00
17.33,-14.99,91.88,81.79,287.31,-7.34,9.83,9.44,1.19,-260.00,244.00,156.00
17.48,-15.25,91.56,79.69,276.82,-7.34,9.86,9.31,1.22,-164.00,185.00,126.00
17.63,-15.50,91.33,80.74,275.78,-8.39,9.78,9.31,1.17,-110.00,196.00,117.00
17.68,-15.70,91.22,76.55,273.68,-5.24,9.92,9.39,1.28,-72.00,141.00,87.00
17.71,-15.80,91.10,79.69,273.68,-7.34,9.81,9.33,1.28,-48.00,117.00,72.00
17.68,-15.92,91.08,78.64,270.53,-4.19,9.86,9.31,1.28,-20.00,78.00,51.00
17.63,-15.99,91.02,78.64,267.39,-6.29,9.89,9.33,1.31,-15.00,63.00,34.00
17.54,-16.08,91.04,77.59,265.29,-4.19,9.83,9.39,1.31,0.00,36.00,29.00
17.47,-16.14,91.01,79.69,267.39,-7.34,9.89,9.31,1.36,-5.00,38.00,28.00
17.34,-16.23,91.10,81.79,269.48,-7.34,9.78,9.33,1.28,23.00,5.00,29.00
17.17,-16.35,91.22,80.74,266.34,-5.24,9.78,9.17,1.28,45.00,-25.00,44.00
16.94,-16.46,91.31,80.74,266.34,-5.24,9.92,9.25,1.28,52.00,-73.00,46.00
16.67,-16.56,91.43,81.79,269.48,-5.24,9.89,9.33,1.28,62.00,-106.00,44.00
16.39,-16.64,91.56,78.64,268.44,-4.19,9.83,9.28,1.28,73.00,-127.00,36.00
16.10,-16.66,91.70,78.64,270.53,-5.24,9.94,9.33,1.19,101.00,-147.00,37.00
15.79,-16.67,91.87,78.64,269.48,-9.44,9.89,9.28,1.19,115.00,-156.00,41.00
15.48,-16.69,92.10,77.59,265.29,-11.53,10.00,9.22,1.11,110.00,-147.00,46.00
15.19,-16.71,92.33,73.40,264.24,-12.58,9.94,9.25,1.06,91.00,-130.00,42.00
14.92,-16.63,92.52,77.59,266.34,-15.73,9.97,9.25,1.17,78.00,-110.00,31.00
14.72,-16.61,92.74,77.59,267.39,-17.83,10.00,9.25,1.06,67.00,-82.00,16.00
14.50,-16.57,92.96,76.55,265.29,-20.97,10.06,9.19,1.00,63.00,-84.00,7.00
14.29,-16.52,93.22,76.55,264.24,-19.92,9.92,9.28,1.03,50.00,-70.00,1.00
14.11,-16.47,93.39,77.59,265.29,-18.87,10.03,9.28,0.97,30.00,-67.00,-3.00
13.95,-16.44,93.52,76.55,265.29,-17.83,10.00,9.31,0.97,22.00,-62.00,-5.00
13.83,-16.39,93.59,75.50,263.19,-19.92,10.06,9.28,0.94,14.00,-51.00,-13.00
13.70,-16.33,93.69,76.55,265.29,-19.92,10.11,9.33,0.92,-1.00,-47.00,-11.00
13.58,-16.28,93.77,77.59,267.39,-18.87,10.03,9.28,0.86,2.00,-40.00,-13.00
13.49,-16.26,93.81,77.59,268.44,-20.97,10.06,9.36,0.92,5.00,-26.00,-10.00
13.40,-16.23,93.91,76.55,267.39,-23.07,10.00,9.25,0.97,11.00,-27.00,-10.00
13.33,-16.18,94.03,76.55,266.34,-22.02,10.03,9.33,0.92,12.00,-17.00,-16.00
13.26,-16.13,94.11,76.55,266.34,-20.97,9.97,9.25,0.89,3.00,-20.00,-17.00
13.20,-16.09,94.16,77.59,266.34,-20.97,10.00,9.33,0.89,1.00,-17.00,-20.00
13.16,-16.07,94.20,77.59,266.34,-22.02,10.00,9.33,0.89,-1.00,-10.00,-23.00
13.11,-16.05,94.26,76.55,266.34,-20.97,10.14,9.33,0.94,-3.00,-16.00,-26.00
13.07,-16.01,94.29,76.55,266.34,-22.02,10.00,9.28,0.94,-2.00,-13.00,-26.00
13.03,-15.97,94.33,77.59,269.48,-22.02,10.03,9.42,0.89,-4.00,-15.00,-24.00
12.99,-15.95,94.37,76.55,267.39,-20.97,10.00,9.39,0.94,-5.00,-14.00,-22.00
12.97,-15.91,94.39,75.50,267.39,-19.92,10.06,9.28,0.97,-1.00,-19.00,-23.00
12.94,-15.87,94.38,77.59,267.39,-19.92,10.00,9.33,0.97,-1.00,-21.00,-21.00
12.91,-15.87,94.40,76.55,266.34,-19.92,10.00,9.42,0.92,5.00,-29.00,-19.00
12.87,-15.86,94.40,75.50,267.39,-22.02,10.00,9.36,0.89,1.00,-32.00,-14.00
12.81,-15.83,94.45,75.50,267.39,-22.02,10.03,9.39,0.86,5.00,-31.00,-12.00
12.76,-15.80,94.50,75.50,265.29,-20.97,9.97,9.39,0.89,5.00,-27.00,-10.00
12.72,-15.80,94.53,76.55,267.39,-22.02,9.97,9.28,0.92,8.00,-23.00,-6.00
12.70,-15.80,94.55,74.45,267.39,-22.02,9.97,9.33,0.89,-2.00,-17.00,-7.00
12.67,-15.75,94.57,74.45,268.44,-20.97,10.03,9.36,0.86,-5.00,-16.00,-16.00
12.65,-15.69,94.56,74.45,268.44,-24.12,9.97,9.31,0.92,-6.00,-12.00,-22.00
12.63,-15.64,94.61,75.50,267.39,-20.97,10.06,9.42,0.81,-7.00,-14.00,-22.00
12.60,-15.62,94.60,74.45,266.34,-22.02,9.94,9.39,0.94,-10.00,-11.00,-20.00
12.61,-15.60,94.59,73.40,265.29,-19.92,10.03,9.44,0.86,-17.00,-5.00,-15.00
12.62,-15.56,94.53,75.50,268.44,-19.92,10.06,9.39,0.81,-27.00,1.00,-14.00
12.62,-15.56,94.47,75.50,268.44,-19.92,9.94,9.36,0.86,-26.00,1.00,-12.00
12.62,-15.56,94.42,73.40,268.44,-20.97,9.94,9.47,0.89,-19.00,2.00,-8.00
12.63,-15.53,94.41,74.45,267.39,-19.92,9.92,9.33,0.92,-16.00,3.00,0.00
12.64,-15.54,94.38,75.50,267.39,-20.97,10.00,9.36,0.94,-13.00,4.00,2.00
12.65,-15.56,94.38,75.50,266.34,-19.92,9.94,9.42,0.89,-12.00,5.00,1.00
12.66,-15.58,94.35,75.50,267.39,-22.02,10.00,9.39,0.89,-14.00,6.00,-5.00
12.66,-15.58,94.38,75.50,268.44,-20.97,9.97,9.39,0.86,-4.00,4.00,-6.00
12.65,-15.59,94.38,75.50,265.29,-17.83,9.97,9.36,0.94,-10.00,4.00,-4.00
12.68,-15.61,94.30,73.40,265.29,-20.97,9.94,9.44,0.89,-16.00,7.00,-4.00
12.68,-15.59,94.31,73.40,269.48,-18.87,10.00,9.36,0.94,-13.00,3.00,-2.00
12.69,-15.56,94.28,74.45,268.44,-20.97,10.00,9.36,0.89,-4.00,1.00,-2.00
12.68,-15.56,94.30,73.40,268.44,-19.92,9.97,9.44,0.89,-1.00,1.00,6.00
12.68,-15.55,94.30,76.55,267.39,-23.07,9.97,9.36,0.92,4.00,1.00,12.00
12.64,-15.61,94.39,79.69,271.58,-20.97,10.00,9.31,0.89,15.00,-11.00,16.00
12.58,-15.68,94.47,83.89,276.82,-18.87,9.89,9.42,0.86,40.00,-37.00,8.00
12.46,-15.77,94.59,83.89,278.92,-19.92,10.06,9.44,0.86,96.00,-89.00,-4.00
12.30,-15.78,94.84,82.84,281.02,-20.97,10.03,9.44,0.75,170.00,-127.00,-43.00
12.04,-15.69,95.23,88.08,283.12,-20.97,9.92,9.42,0.72,262.00,-186.00,-87.00
11.69,-15.59,95.77,92.27,286.26,-18.87,10.00,9.47,0.61,378.00,-269.00,-147.00
11.30,-15.49,96.35,92.27,285.21,-19.92,10.00,9.56,0.56,444.00,-320.00,-167.00
10.79,-15.34,97.11,85.98,282.07,-22.02,10.03,9.69,0.33,574.00,-423.00,-211.00
10.21,-15.04,98.04,76.55,287.31,-22.02,9.94,9.83,0.17,708.00,-488.00,-247.00
9.68,-14.54,99.13,75.50,300.94,-29.36,9.97,9.89,-0.08,889.00,-482.00,-285.00
9.18,-14.00,100.64,77.59,307.23,-38.80,9.89,9.97,-0.25,1173.00,-464.00,-291.00
8.56,-13.45,102.60,77.59,295.70,-51.38,9.86,10.11,-0.61,1461.00,-563.00,-292.00
7.78,-12.85,104.93,77.59,281.02,-60.82,9.81,10.19,-0.86,1686.00,-697.00,-333.00
6.97,-12.14,107.42,72.35,271.58,-69.21,9.75,10.39,-1.33,1809.00,-804.00,-441.00
6.15,-11.21,109.87,63.96,245.37,-76.55,9.67,10.44,-1.75,1818.00,-906.00,-558.00
5.41,-10.26,112.22,47.19,222.30,-89.13,9.44,10.61,-2.31,1754.00,-915.00,-600.00
4.79,-9.05,114.51,37.75,202.38,-111.15,9.42,10.75,-2.56,1578.00,-859.00,-630.00
4.31,-7.86,116.73,20.97,203.42,-132.12,9.25,10.86,-2.97,1309.00,-778.00,-597.00
3.99,-6.51,118.71,-1.05,187.70,-148.90,9.19,10.86,-3.11,1011.00,-672.00,-558.00
3.95,-5.10,120.28,-19.92,185.60,-164.63,9.00,10.83,-3.42,563.00,-460.00,-479.00
4.14,-3.66,121.46,-34.60,195.04,-167.77,8.94,10.94,-3.44,139.00,-234.00,-370.00
4.57,-2.37,121.98,-30.41,205.52,-170.92,8.83,11.00,-3.39,-286.00,32.00,-175.00
5.06,-1.58,121.93,-28.31,219.15,-167.77,8.81,11.03,-3.31,-587.00,144.00,-12.00
5.80,-1.19,121.50,-14.68,231.74,-153.09,8.89,11.08,-3.08,-689.00,371.00,40.00
6.69,-1.32,120.50,2.10,242.22,-138.41,8.97,11.08,-2.89,-842.00,538.00,139.00
7.61,-1.96,119.08,9.44,247.46,-126.88,8.97,10.97,-2.58,-956.00,629.00,251.00
8.47,-2.80,117.42,22.02,253.76,-117.44,9.03,11.03,-2.47,-1047.00,639.00,356.00
9.27,-3.85,115.66,30.41,264.24,-109.05,9.19,10.89,-2.03,-1067.00,617.00,425.00
9.98,-4.96,113.90,41.94,269.48,-102.76,9.25,10.83,-1.92,-1027.00,556.00,473.00
10.59,-6.11,112.25,50.33,269.48,-94.37,9.44,10.72,-1.50,-969.00,488.00,474.00
11.18,-7.30,110.63,53.48,268.44,-84.93,9.42,10.67,-1.36,-945.00,464.00,471.00
11.75,-8.38,109.05,57.67,264.24,-79.69,9.56,10.53,-1.11,-901.00,426.00,441.00
12.34,-9.45,107.53,57.67,263.19,-74.45,9.53,10.50,-0.97,-893.00,446.00,425.00
12.94,-10.36,106.11,60.82,267.39,-70.25,9.69,10.31,-0.72,-852.00,451.00,375.00
13.45,-11.13,104.83,68.16,267.39,-65.01,9.81,10.19,-0.53,-779.00,376.00,331.00
13.94,-11.92,103.60,66.06,260.05,-58.72,9.72,10.08,-0.31,-746.00,369.00,304.00
14.39,-12.64,102.40,69.21,264.24,-53.48,9.78,10.06,-0.25,-746.00,344.00,312.00
14.86,-13.33,101.19,68.16,268.44,-50.33,9.97,9.97,0.06,-738.00,365.00,306.00
15.34,-13.91,100.00,70.25,266.34,-44.04,9.97,9.81,0.03,-747.00,372.00,311.00
15.75,-14.48,98.79,71.30,269.48,-37.75,9.86,9.78,0.39,-753.00,346.00,310.00
16.17,-14.96,97.63,76.55,275.78,-30.41,9.97,9.67,0.42,-711.00,326.00,282.00
16.69,-15.18,96.65,72.35,278.92,-32.51,10.03,9.61,0.61,-520.00,383.00,81.00
16.78,-15.56,95.74,81.79,271.58,-25.17,9.92,9.47,0.61,-630.00,130.00,304.00
16.90,-16.08,94.89,77.59,281.02,-23.07,10.08,9.31,0.89,-551.00,159.00,284.00
17.07,-16.39,94.15,85.98,277.87,-13.63,10.11,9.31,0.83,-473.00,184.00,253.00
17.32,-16.77,93.40,79.69,275.78,-14.68,10.08,9.25,1.11,-393.00,235.00,206.00
17.45,-16.97,92.86,83.89,274.73,-12.58,10.08,9.17,1.06,-322.00,148.00,178.00
17.60,-17.22,92.37,90.18,277.87,-10.49,10.17,9.11,1.11,-285.00,185.00,169.00
17.70,-17.44,92.06,85.98,268.44,-11.53,10.08,9.06,1.11,-173.00,149.00,102.00
17.80,-17.62,91.83,89.13,267.39,-7.34,10.11,9.06,1.25,-137.00,175.00,98.00
17.88,-17.81,91.62,88.08,266.34,-6.29,10.17,9.00,1.19,-93.00,134.00,76.00
17.96,-17.95,91.44,92.27,266.34,-7.34,10.17,9.06,1.28,-72.00,146.00,64.00
17.97,-18.13,91.36,90.18,266.34,-7.34,10.14,8.94,1.28,-38.00,95.00,47.00
17.94,-18.24,91.31,90.18,265.29,-6.29,10.14,9.00,1.22,-26.00,78.00,38.00
17.89,-18.33,91.27,89.13,263.19,-7.34,10.14,8.94,1.33,-15.00,67.00,24.00
17.82,-18.40,91.26,89.13,263.19,-6.29,10.11,8.97,1.28,-17.00,45.00,19.00
17.75,-18.43,91.24,88.08,263.19,-8.39,10.08,8.97,1.31,-13.00,39.00,-3.00
17.65,-18.41,91.27,90.18,265.29,-9.44,10.19,8.92,1.33,-12.00,30.00,-18.00
17.53,-18.41,91.33,90.18,266.34,-7.34,10.11,8.92,1.28,-7.00,13.00,-30.00
17.39,-18.39,91.37,90.18,265.29,-8.39,10.06,9.03,1.36,6.00,-6.00,-31.00
17.24,-18.38,91.45,88.08,264.24,-6.29,10.06,8.92,1.28,17.00,-26.00,-38.00
17.07,-18.32,91.50,88.08,264.24,-8.39,10.03,8.97,1.31,28.00,-40.00,-44.00
16.89,-18.27,91.61,87.03,266.34,-9.44,10.17,9.00,1.31,32.00,-52.00,-47.00
16.70,-18.19,91.72,88.08,266.34,-12.58,10.06,9.03,1.22,33.00,-53.00,-46.00
16.47,-18.13,91.90,84.93,265.29,-11.53,10.08,9.00,1.31,35.00,-69.00,-48.00
16.26,-18.02,92.05,84.93,265.29,-10.49,10.14,9.06,1.19,40.00,-75.00,-55.00
16.06,-17.91,92.16,83.89,264.24,-13.63,10.14,9.14,1.31,43.00,-73.00,-60.00
15.88,-17.78,92.32,82.84,264.24,-13.63,10.06,9.06,1.19,38.00,-62.00,-67.00
15.70,-17.65,92.46,80.74,264.24,-14.68,10.08,9.06,1.22,33.00,-60.00,-69.00
15.55,-17.49,92.59,81.79,264.24,-14.68,10.03,9.08,1.28,28.00,-50.00,-66.00
15.41,-17.38,92.71,80.74,264.24,-13.63,10.06,9.14,1.22,22.00,-55.00,-56.00
15.30,-17.27,92.79,80.74,265.29,-13.63,10.08,9.17,1.19,26.00,-39.00,-54.00
15.20,-17.17,92.84,79.69,265.29,-16.78,10.06,9.14,1.11,15.00,-33.00,-44.00
15.06,-17.07,92.96,78.64,265.29,-15.73,10.08,9.22,1.11,19.00,-36.00,-43.00
14.97,-16.97,93.04,79.69,265.29,-14.68,10.00,9.11,1.14,15.00,-18.00,-33.00
14.90,-16.89,93.10,78.64,267.39,-14.68,10.03,9.17,1.19,28.00,-16.00,-36.00
14.83,-16.80,93.15,79.69,266.34,-14.68,10.03,9.22,1.14,21.00,-25.00,-29.00
14.74,-16.75,93.21,79.69,267.39,-16.78,10.08,9.17,1.08,31.00,-29.00,-25.00
14.64,-16.70,93.29,79.69,264.24,-15.73,10.06,9.19,1.14,23.00,-31.00,-27.00
14.56,-16.66,93.35,79.69,265.29,-15.73,10.06,9.22,1.08,20.00,-27.00,-29.00
14.48,-16.63,93.39,79.69,265.29,-15.73,10.03,9.17,1.11,13.00,-27.00,-23.00
14.40,-16.60,93.42,79.69,266.34,-15.73,10.00,9.22,1.08,14.00,-35.00,-28.00
14.32,-16.56,93.46,79.69,268.44,-14.68,10.06,9.17,1.14,16.00,-36.00,-31.00
14.26,-16.51,93.47,78.64,266.34,-16.78,10.06,9.28,1.19,14.00,-32.00,-34.00
14.20,-16.45,93.51,77.59,266.34,-16.78,9.97,9.25,1.03,10.00,-30.00,-35.00
14.14,-16.38,93.54,76.55,265.29,-17.83,10.00,9.22,1.03,2.00,-22.00,-33.00
14.07,-16.31,93.57,80.74,265.29,-15.73,9.97,9.28,1.08,-2.00,-19.00,-31.00
14.03,-16.33,93.57,77.59,267.39,-16.78,10.00,9.31,1.03,-2.00,-17.00,-29.00
13.97,-16.28,93.57,78.64,266.34,-18.87,10.14,9.22,1.08,-4.00,-17.00,-27.00
13.92,-16.26,93.62,76.55,267.39,-17.83,9.97,9.28,1.00,-3.00,-12.00,-22.00
13.87,-16.21,93.64,77.59,266.34,-15.73,10.03,9.31,1.08,-7.00,-10.00,-17.00
13.84,-16.19,93.62,77.59,268.44,-16.78,10.03,9.44,0.97,-5.00,-11.00,-15.00
13.79,-16.16,93.62,77.59,267.39,-17.83,10.08,9.28,1.00,-6.00,-13.00,-14.00
13.74,-16.15,93.63,75.50,267.39,-18.87,9.97,9.31,1.03,-8.00,-13.00,-12.00
13.68,-16.09,93.67,77.59,269.48,-18.87,10.00,9.31,1.08,-10.00,-14.00,-12.00
13.65,-16.07,93.69,76.55,267.39,-18.87,10.00,9.31,1.06,-12.00,-11.00,-13.00
13.61,-16.04,93.72,76.55,267.39,-17.83,10.03,9.28,1.00,-12.00,-9.00,-11.00
13.57,-16.03,93.72,77.59,267.39,-16.78,10.00,9.31,1.03,-13.00,-5.00,-6.00
13.56,-16.03,93.69,76.55,266.34,-15.73,9.97,9.28,1.08,-13.00,-2.00,-5.00
13.56,-16.03,93.65,77.59,266.34,-17.83,10.00,9.31,1.06,-11.00,-1.00,-3.00
13.54,-16.05,93.66,76.55,267.39,-17.83,10.03,9.28,1.11,-10.00,0.00,-1.00
13.52,-16.04,93.67,77.59,267.39,-16.78,9.94,9.31,1.06,-12.00,-5.00,0.00
13.50,-16.05,93.66,79.69,266.34,-16.78,10.03,9.25,1.00,-5.00,-8.00,-1.00
13.46,-16.10,93.65,76.55,265.29,-18.87,10.00,9.25,1.00,-7.00,-11.00,-3.00
13.41,-16.10,93.70,77.59,268.44,-18.87,9.92,9.28,1.03,-5.00,-11.00,-3.00
13.36,-16.09,93.73,78.64,266.34,-16.78,10.00,9.33,1.03,-7.00,-15.00,-7.00
13.33,-16.10,93.71,78.64,268.44,-16.78,10.00,9.31,1.08,-13.00,-16.00,-16.00
13.30,-16.08,93.70,79.69,268.44,-17.83,9.94,9.28,1.03,-6.00,-22.00,-26.00
13.25,-16.08,93.73,78.64,267.39,-17.83,9.97,9.25,1.08,-1.00,-28.00,-30.00
13.20,-16.06,93.77,79.69,268.44,-16.78,10.00,9.25,0.97,13.00,-38.00,-35.00
13.11,-16.04,93.81,81.79,269.48,-15.73,10.00,9.39,1.03,25.00,-52.00,-38.00
13.03,-16.06,93.86,82.84,272.63,-16.78,9.89,9.33,0.97,44.00,-66.00,-39.00
12.88,-16.04,93.99,88.08,286.26,-20.97,10.00,9.42,0.92,84.00,-106.00,-61.00
12.57,-15.96,94.38,105.91,316.67,-31.46,10.06,9.42,0.89,208.00,-212.00,-108.00
11.89,-15.72,95.40,121.63,321.91,-25.17,10.00,9.58,0.67,547.00,-468.00,-235.00
10.96,-15.23,96.76,120.59,300.94,-16.78,9.92,9.67,0.47,828.00,-687.00,-453.00
9.96,-14.73,98.23,111.15,292.55,-15.73,9.81,9.92,0.11,1023.00,-812.00,-571.00
8.92,-14.09,99.85,97.52,288.36,-25.17,9.78,10.00,-0.14,1225.00,-905.00,-654.00
7.88,-13.19,101.59,84.93,290.46,-45.09,9.72,10.31,-0.64,1328.00,-968.00,-736.00
6.72,-12.03,103.77,60.82,282.07,-59.77,9.61,10.47,-0.94,1529.00,-1067.00,-785.00
5.64,-10.40,106.18,31.46,256.90,-61.87,9.53,10.56,-1.25,1686.00,-1096.00,-906.00
4.85,-8.48,108.36,3.15,232.78,-61.87,9.33,10.86,-1.86,1647.00,-978.00,-872.00
4.48,-6.67,110.08,-23.07,200.28,-76.55,9.19,10.92,-2.06,1388.00,-642.00,-691.00
4.63,-5.39,111.33,-36.70,170.92,-101.71,9.06,10.97,-2.28,863.00,-155.00,-398.00
5.09,-4.67,112.08,-20.97,189.79,-131.07,9.06,11.03,-2.39,269.00,196.00,-127.00
5.68,-4.23,112.69,-12.58,210.76,-139.46,9.00,10.97,-2.19,-166.00,383.00,20.00
6.32,-3.92,113.17,0.00,223.35,-134.22,8.97,10.97,-2.17,-343.00,424.00,79.00
6.93,-3.93,113.07,2.10,232.78,-119.54,9.06,10.94,-1.89,-617.00,417.00,140.00
7.67,-4.04,112.32,16.78,240.12,-101.71,9.08,10.97,-1.75,-821.00,483.00,161.00
8.43,-4.61,110.91,27.26,247.46,-88.08,9.17,10.86,-1.53,-1030.00,516.00,277.00
9.20,-5.49,109.12,34.60,256.90,-80.74,9.22,10.89,-1.17,-1158.00,545.00,377.00
9.95,-6.38,107.34,47.19,267.39,-72.35,9.36,10.69,-0.92,-1125.00,515.00,380.00
10.65,-7.44,105.47,50.33,269.48,-65.01,9.36,10.53,-0.75,-1151.00,497.00,429.00
11.28,-8.43,103.74,53.48,277.87,-59.77,9.50,10.44,-0.42,-1068.00,451.00,420.00
11.77,-9.31,102.13,65.01,276.82,-50.33,9.53,10.28,-0.25,-1018.00,351.00,424.00
12.12,-10.25,100.65,61.87,278.92,-41.94,9.58,10.22,-0.08,-925.00,252.00,399.00
12.43,-11.04,99.28,66.06,281.02,-36.70,9.64,10.11,0.06,-825.00,226.00,393.00
12.72,-11.73,98.05,66.06,282.07,-31.46,9.75,9.92,0.19,-734.00,212.00,336.00
13.10,-12.28,96.93,68.16,275.78,-18.87,9.72,9.83,0.33,-651.00,284.00,271.00
13.55,-12.79,95.77,68.16,275.78,-18.87,9.75,9.75,0.56,-577.00,307.00,233.00
13.98,-13.21,94.86,71.30,284.16,-15.73,9.75,9.78,0.64,-469.00,305.00,200.00
14.33,-13.55,94.14,72.35,287.31,-15.73,9.78,9.64,0.81,-356.00,268.00,169.00
14.66,-13.74,93.68,74.45,275.78,-11.53,9.83,9.64,0.78,-207.00,254.00,84.00
14.91,-14.02,93.23,74.45,270.53,-5.24,9.86,9.53,0.89,-192.00,221.00,95.00
15.05,-14.35,92.71,68.16,271.58,-4.19,9.89,9.56,0.92,-202.00,131.00,135.00
15.28,-14.44,92.23,73.40,271.58,-6.29,9.78,9.50,0.97,-176.00,194.00,75.00
15.42,-14.58,91.87,71.30,272.63,-5.24,9.75,9.56,1.03,-162.00,154.00,49.00
15.55,-14.63,91.56,77.59,269.48,-5.24,9.83,9.53,1.03,-134.00,155.00,23.00
15.50,-14.85,91.28,70.25,269.48,-8.39,9.72,9.42,1.11,-166.00,37.00,59.00
15.46,-14.93,91.06,75.50,269.48,-6.29,9.78,9.44,1.22,-179.00,57.00,65.00
15.35,-15.08,90.84,70.25,271.58,-7.34,9.89,9.36,1.14,-182.00,-2.00,57.00
15.26,-15.08,90.70,72.35,269.48,-3.15,9.83,9.42,1.19,-139.00,37.00,40.00
15.18,-15.16,90.50,69.21,268.44,-1.05,9.86,9.39,1.14,-140.00,20.00,54.00
15.11,-15.15,90.31,70.25,268.44,-4.19,9.81,9.36,1.28,-115.00,35.00,42.00
15.08,-15.14,90.21,69.21,271.58,-3.15,9.81,9.31,1.22,-99.00,59.00,20.00
15.00,-15.08,90.16,73.40,271.58,-2.10,9.78,9.36,1.25,-61.00,32.00,9.00
14.92,-15.10,90.12,71.30,269.48,-2.10,9.89,9.31,1.22,-43.00,25.00,12.00
14.82,-15.10,90.11,72.35,269.48,-3.15,9.86,9.28,1.31,-29.00,24.00,18.00
14.72,-15.12,90.14,72.35,270.53,-2.10,9.89,9.42,1.25,-14.00,12.00,17.00
14.62,-15.13,90.19,72.35,269.48,-3.15,9.78,9.31,1.31,15.00,12.00,14.00
14.52,-15.14,90.27,72.35,267.39,-2.10,9.83,9.33,1.31,20.00,1.00,12.00
14.41,-15.17,90.31,72.35,266.34,-4.19,9.86,9.36,1.25,11.00,-7.00,17.00
14.27,-15.19,90.39,73.40,267.39,-7.34,9.89,9.36,1.25,9.00,-19.00,13.00
14.09,-15.21,90.54,73.40,269.48,-7.34,9.86,9.31,1.31,13.00,-38.00,0.00
13.92,-15.20,90.69,73.40,268.44,-8.39,9.94,9.33,1.22,26.00,-47.00,-9.00
13.72,-15.20,90.86,72.35,266.34,-7.34,9.83,9.36,1.19,25.00,-56.00,-7.00
13.55,-15.19,90.98,72.35,267.39,-8.39,9.86,9.39,1.22,20.00,-55.00,-6.00
13.38,-15.18,91.10,73.40,268.44,-9.44,9.86,9.33,1.31,12.00,-52.00,-5.00
13.24,-15.18,91.24,71.30,269.48,-9.44,9.83,9.33,1.17,16.00,-56.00,-9.00
13.08,-15.14,91.36,71.30,266.34,-11.53,9.92,9.33,1.22,17.00,-55.00,-9.00
12.92,-15.11,91.52,71.30,267.39,-9.44,9.86,9.31,1.17,17.00,-55.00,-7.00
12.79,-15.09,91.61,72.35,269.48,-9.44,9.89,9.36,1.14,17.00,-52.00,-3.00
12.66,-15.08,91.70,70.25,267.39,-9.44,9.92,9.36,1.14,14.00,-51.00,-3.00
12.54,-15.04,91.77,72.35,268.44,-10.49,9.86,9.36,1.19,15.00,-47.00,-2.00
12.44,-15.05,91.86,72.35,268.44,-9.44,9.94,9.28,1.06,16.00,-48.00,-2.00
12.32,-15.05,91.92,71.30,267.39,-11.53,9.92,9.33,1.11,14.00,-45.00,-2.00
12.21,-15.04,92.00,71.30,268.44,-12.58,9.89,9.33,1.17,8.00,-40.00,0.00
12.13,-15.02,92.09,71.30,268.44,-9.44,9.86,9.39,1.17,5.00,-37.00,0.00
12.07,-15.01,92.11,71.30,267.39,-10.49,9.97,9.31,1.03,2.00,-35.00,2.00
11.97,-15.00,92.14,72.35,268.44,-9.44,9.89,9.33,1.17,3.00,-37.00,-1.00
11.94,-15.01,92.14,69.21,267.39,-12.58,9.81,9.31,1.11,-3.00,-17.00,-2.00
11.88,-14.95,92.21,72.35,268.44,-12.58,9.94,9.31,1.06,4.00,-28.00,-10.00
11.82,-14.95,92.27,70.25,267.39,-10.49,9.89,9.39,1.08,2.00,-16.00,-9.00
11.78,-14.91,92.29,72.35,267.39,-7.34,9.86,9.39,1.14,5.00,-20.00,-9.00
11.78,-14.93,92.23,72.35,267.39,-10.49,9.83,9.36,1.08,-3.00,-9.00,-6.00
11.75,-14.95,92.24,71.30,267.39,-10.49,10.00,9.39,1.06,3.00,-14.00,-4.00
11.72,-14.93,92.24,73.40,268.44,-9.44,9.89,9.31,1.03,-10.00,-10.00,-9.00
11.69,-14.95,92.21,72.35,268.44,-10.49,9.94,9.28,1.08,-12.00,-9.00,-17.00
11.66,-14.93,92.20,71.30,267.39,-11.53,9.92,9.33,1.08,-16.00,-6.00,-20.00
11.64,-14.90,92.20,69.21,268.44,-10.49,9.86,9.33,1.03,-18.00,-1.00,-24.00
11.63,-14.83,92.18,70.25,267.39,-8.39,9.89,9.42,1.11,-20.00,4.00,-25.00
11.65,-14.79,92.12,70.25,268.44,-7.34,9.81,9.39,1.11,-22.00,12.00,-23.00
11.68,-14.75,92.04,70.25,267.39,-9.44,9.92,9.39,1.06,-19.00,14.00,-23.00
11.68,-14.72,92.02,71.30,268.44,-9.44,9.86,9.42,1.03,-11.00,13.00,-17.00
11.67,-14.72,92.02,72.35,270.53,-9.44,9.83,9.39,1.17,-5.00,7.00,-13.00
11.68,-14.74,92.01,70.25,268.44,-10.49,9.86,9.44,1.14,-3.00,10.00,-6.00
11.68,-14.73,92.03,71.30,268.44,-9.44,9.92,9.33,1.08,-3.00,11.00,-2.00
11.68,-14.74,92.03,70.25,267.39,-8.39,9.78,9.47,1.06,2.00,10.00,-4.00
11.68,-14.74,92.01,71.30,268.44,-12.58,9.83,9.39,1.11,-3.00,9.00,-4.00
11.66,-14.75,92.09,72.35,268.44,-8.39,9.86,9.39,1.06,7.00,5.00,-3.00
11.64,-14.79,92.07,71.30,266.34,-9.44,9.89,9.42,1.06,4.00,-5.00,1.00
11.61,-14.81,92.06,70.25,268.44,-9.44,9.89,9.42,1.08,-12.00,-6.00,1.00
11.57,-14.79,92.05,72.35,269.48,-8.39,9.86,9.42,1.11,-11.00,-15.00,-3.00
11.54,-14.80,92.03,70.25,268.44,-12.58,9.92,9.36,1.08,-5.00,-21.00,-9.00
11.48,-14.77,92.11,70.25,268.44,-11.53,9.78,9.42,1.08,-1.00,-24.00,-13.00
11.43,-14.74,92.15,69.21,268.44,-6.29,9.83,9.39,1.03,-5.00,-20.00,-15.00
11.42,-14.69,92.06,70.25,266.34,-8.39,9.86,9.36,1.03,-14.00,-14.00,-17.00
11.39,-14.68,92.02,69.21,266.34,-7.34,9.83,9.36,1.08,-19.00,-12.00,-20.00
11.38,-14.63,91.95,70.25,268.44,-7.34,9.81,9.39,1.08,-24.00,-7.00,-27.00
11.39,-14.59,91.89,70.25,271.58,-7.34,9.92,9.42,1.00,-23.00,2.00,-31.00
11.38,-14.54,91.83,70.25,269.48,-8.39,9.83,9.39,1.08,-15.00,9.00,-33.00
11.39,-14.51,91.82,69.21,269.48,-8.39,9.78,9.44,1.14,-8.00,17.00,-31.00
11.43,-14.46,91.80,69.21,268.44,-7.34,9.89,9.42,1.11,-6.00,25.00,-28.00
11.46,-14.43,91.78,69.21,269.48,-8.39,9.83,9.44,1.11,6.00,32.00,-23.00
11.49,-14.41,91.80,72.35,269.48,-10.49,9.78,9.39,1.08,14.00,25.00,-16.00
11.48,-14.45,91.86,71.30,268.44,-9.44,9.81,9.47,1.08,17.00,12.00,-18.00
11.46,-14.47,91.90,70.25,266.34,-10.49,9.83,9.39,1.00,15.00,1.00,-19.00
11.40,-14.46,91.96,71.30,268.44,-9.44,9.83,9.50,1.06,7.00,-12.00,-25.00
11.34,-14.46,91.99,72.35,269.48,-8.39,9.81,9.47,1.11,11.00,-28.00,-30.00
11.27,-14.46,92.03,71.30,270.53,-10.49,9.78,9.42,1.06,28.00,-50.00,-37.00
11.13,-14.42,92.19,74.45,276.82,-7.34,9.83,9.50,1.00,72.00,-90.00,-53.00
10.89,-14.35,92.46,77.59,292.55,-6.29,9.75,9.53,0.94,192.00,-168.00,-83.00
10.58,-14.24,92.84,84.93,307.23,-7.34,9.81,9.58,0.94,288.00,-223.00,-102.00
10.10,-14.08,93.63,92.27,324.01,-12.58,9.78,9.67,0.78,549.00,-364.00,-159.00
9.33,-13.73,95.05,99.61,325.06,-7.34,9.78,9.83,0.39,942.00,-564.00,-279.00
8.39,-13.21,96.80,100.66,305.14,-3.15,9.72,9.89,0.19,1237.00,-715.00,-427.00
7.36,-12.74,98.63,98.57,291.50,-17.83,9.75,10.19,-0.22,1432.00,-857.00,-480.00
6.09,-12.24,100.79,94.37,279.97,-31.46,9.69,10.31,-0.53,1617.00,-1048.00,-515.00
4.83,-11.69,103.06,73.40,269.48,-42.99,9.47,10.44,-1.11,1686.00,-1100.00,-559.00
3.63,-10.84,105.25,52.43,251.66,-59.77,9.47,10.58,-1.47,1660.00,-1102.00,-580.00
2.56,-9.77,107.40,18.87,222.30,-71.30,9.33,10.78,-1.86,1526.00,-1041.00,-544.00
1.90,-8.41,109.19,-13.63,197.13,-81.79,9.28,10.78,-2.14,1183.00,-754.00,-495.00
1.67,-7.22,110.28,-31.46,197.13,-122.68,9.22,10.81,-2.25,614.00,-395.00,-292.00
1.85,-6.00,111.28,-13.63,214.96,-133.17,9.19,10.97,-2.28,126.00,3.00,-136.00
2.24,-5.33,111.86,1.05,232.78,-130.02,9.28,10.92,-2.14,-266.00,204.00,37.00
2.80,-5.13,111.92,7.34,240.12,-117.44,9.22,10.89,-2.00,-469.00,325.00,113.00
3.51,-5.20,111.44,17.83,249.56,-101.71,9.25,10.81,-1.89,-621.00,422.00,162.00
4.29,-5.56,110.43,30.41,253.76,-87.03,9.36,10.72,-1.69,-746.00,469.00,209.00
5.05,-6.23,109.01,32.51,263.19,-79.69,9.39,10.69,-1.50,-875.00,470.00,286.00
5.84,-6.87,107.47,38.80,271.58,-77.59,9.47,10.56,-1.25,-916.00,487.00,298.00
6.69,-7.59,105.99,51.38,274.73,-71.30,9.47,10.61,-0.97,-912.00,553.00,313.00
7.45,-8.47,104.62,58.72,277.87,-62.91,9.53,10.50,-0.81,-832.00,492.00,349.00
8.01,-9.31,103.39,55.57,274.73,-57.67,9.58,10.44,-0.69,-731.00,356.00,331.00
8.51,-10.03,102.25,55.57,271.58,-52.43,9.58,10.31,-0.50,-676.00,326.00,331.00
9.06,-10.69,101.16,56.62,270.53,-49.28,9.67,10.28,-0.33,-646.00,360.00,317.00
9.68,-11.31,100.08,58.72,272.63,-46.14,9.69,10.11,-0.14,-653.00,423.00,311.00
10.34,-11.85,99.07,62.91,275.78,-41.94,9.75,10.03,-0.08,-613.00,455.00,276.00
10.95,-12.36,98.11,65.01,271.58,-34.60,9.75,9.94,0.14,-578.00,434.00,249.00
11.57,-12.80,97.18,66.06,270.53,-33.55,9.83,9.94,0.22,-527.00,428.00,194.00
12.08,-13.22,96.34,68.16,275.78,-31.46,9.83,9.78,0.42,-520.00,372.00,202.00
12.55,-13.56,95.60,70.25,279.97,-28.31,9.83,9.75,0.50,-467.00,352.00,174.00
12.98,-13.83,94.98,71.30,278.92,-24.12,9.75,9.72,0.67,-380.00,327.00,132.00
13.34,-14.04,94.46,76.55,273.68,-18.87,9.69,9.67,0.69,-313.00,271.00,100.00
13.57,-14.40,93.92,74.45,273.68,-16.78,9.81,9.61,0.89,-314.00,189.00,140.00
13.77,-14.67,93.43,73.40,277.87,-18.87,9.89,9.58,0.92,-290.00,156.00,128.00
13.90,-14.83,93.09,77.59,275.78,-16.78,9.86,9.50,0.89,-245.00,130.00,100.00
13.97,-15.02,92.83,74.45,275.78,-12.58,9.81,9.58,0.94,-188.00,100.00,68.00
13.97,-15.09,92.59,75.50,272.63,-13.63,9.86,9.50,0.92,-154.00,39.00,46.00
13.93,-15.18,92.41,73.40,269.48,-13.63,9.86,9.42,0.97,-145.00,31.00,37.00
13.85,-15.23,92.27,74.45,269.48,-7.34,9.78,9.42,1.00,-137.00,2.00,31.00
13.80,-15.28,92.05,73.40,268.44,-8.39,9.83,9.36,1.03,-113.00,2.00,13.00
13.75,-15.30,91.88,74.45,268.44,-2.10,9.81,9.33,1.03,-110.00,1.00,12.00
13.73,-15.33,91.60,74.45,270.53,-9.44,9.81,9.42,1.11,-100.00,13.00,4.00
13.64,-15.34,91.54,72.35,268.44,-7.34,9.86,9.39,1.08,-81.00,-19.00,1.00
13.53,-15.31,91.48,74.45,269.48,-6.29,9.83,9.33,1.06,-53.00,-26.00,-2.00
13.42,-15.33,91.44,73.40,273.68,-4.19,9.81,9.36,1.14,-35.00,-26.00,4.00
13.34,-15.32,91.37,72.35,269.48,-3.15,9.86,9.44,1.06,-20.00,-26.00,7.00
13.24,-15.30,91.30,72.35,268.44,-6.29,9.94,9.36,1.06,-17.00,-29.00,9.00
13.13,-15.29,91.31,70.25,269.48,-9.44,9.89,9.39,1.08,-4.00,-24.00,2.00
13.01,-15.23,91.39,72.35,268.44,-8.39,9.81,9.33,1.03,3.00,-21.00,-1.00
12.89,-15.21,91.46,71.30,268.44,-9.44,9.86,9.31,1.14,9.00,-21.00,-4.00
12.81,-15.17,91.53,71.30,266.34,-8.39,9.97,9.39,1.03,9.00,-15.00,-3.00
12.71,-15.16,91.59,70.25,267.39,-10.49,9.86,9.42,1.06,11.00,-15.00,1.00
12.62,-15.12,91.67,71.30,268.44,-8.39,9.81,9.36,1.08,10.00,-8.00,0.00
12.56,-15.10,91.70,71.30,267.39,-10.49,9.89,9.47,1.08,9.00,-7.00,0.00
12.49,-15.09,91.78,71.30,269.48,-12.58,9.89,9.39,1.06,13.00,-10.00,0.00
12.41,-15.06,91.89,71.30,268.44,-10.49,9.92,9.44,1.00,10.00,-8.00,1.00
12.32,-15.04,91.96,71.30,268.44,-12.58,9.89,9.42,1.11,18.00,-13.00,-2.00
12.26,-15.03,92.06,71.30,267.39,-10.49,9.81,9.36,1.11,14.00,-15.00,0.00
12.21,-15.03,92.11,70.25,266.34,-11.53,9.86,9.36,1.11,17.00,-14.00,3.00
12.15,-15.01,92.18,73.40,267.39,-12.58,9.83,9.42,1.00,12.00,-17.00,4.00
12.09,-15.05,92.25,71.30,268.44,-13.63,9.97,9.36,1.03,8.00,-10.00,3.00
12.02,-15.04,92.34,71.30,268.44,-12.58,9.92,9.44,1.00,12.00,-13.00,3.00
11.95,-15.02,92.41,73.40,268.44,-13.63,9.92,9.39,0.97,17.00,-19.00,-2.00
11.87,-15.04,92.50,72.35,267.39,-11.53,9.83,9.36,1.00,24.00,-20.00,-3.00
11.82,-15.04,92.54,71.30,268.44,-13.63,9.89,9.39,1.08,22.00,-20.00,-6.00
11.78,-15.01,92.62,71.30,267.39,-13.63,9.83,9.36,0.97,22.00,-21.00,-9.00
11.72,-14.99,92.68,72.35,268.44,-15.73,9.89,9.44,0.92,13.00,-20.00,-10.00
11.63,-14.98,92.78,72.35,269.48,-15.73,10.00,9.42,1.00,10.00,-31.00,-13.00
11.56,-14.96,92.86,71.30,268.44,-14.68,9.83,9.47,1.00,12.00,-26.00,-17.00
11.51,-14.94,92.91,70.25,266.34,-15.73,9.89,9.42,0.89,5.00,-28.00,-12.00
11.45,-14.90,92.97,71.30,267.39,-15.73,9.94,9.39,1.00,4.00,-21.00,-13.00
11.41,-14.88,93.04,71.30,268.44,-12.58,9.86,9.42,1.00,8.00,-19.00,-15.00
11.39,-14.86,93.03,72.35,268.44,-15.73,9.92,9.47,1.00,7.00,-20.00,-18.00
11.36,-14.86,93.08,71.30,268.44,-16.78,9.89,9.42,0.94,5.00,-21.00,-17.00
11.30,-14.83,93.15,72.35,269.48,-16.78,9.92,9.47,1.00,6.00,-31.00,-19.00
11.23,-14.81,93.23,70.25,270.53,-15.73,9.92,9.47,0.94,14.00,-50.00,-22.00
11.16,-14.75,93.29,71.30,269.48,-15.73,9.89,9.42,1.00,19.00,-49.00,-25.00
11.10,-14.71,93.35,70.25,268.44,-16.78,9.89,9.42,0.92,24.00,-54.00,-30.00
11.02,-14.68,93.43,71.30,267.39,-16.78,9.89,9.42,0.92,24.00,-51.00,-20.00
10.93,-14.67,93.52,71.30,267.39,-15.73,9.86,9.47,0.86,29.00,-67.00,-19.00
10.82,-14.66,93.57,70.25,268.44,-15.73,9.83,9.44,0.89,25.00,-77.00,-19.00
10.74,-14.63,93.62,70.25,268.44,-16.78,9.92,9.47,0.78,26.00,-75.00,-19.00
10.63,-14.61,93.68,69.21,267.39,-16.78,9.86,9.56,0.78,23.00,-75.00,-17.00
10.53,-14.57,93.73,68.16,268.44,-17.83,9.92,9.44,0.86,17.00,-71.00,-13.00
10.45,-14.51,93.78,70.25,269.48,-16.78,9.86,9.56,0.83,10.00,-64.00,-17.00
10.39,-14.49,93.79,67.11,267.39,-16.78,9.92,9.53,0.83,6.00,-57.00,-21.00
10.35,-14.41,93.79,68.16,267.39,-18.87,9.89,9.47,0.81,-1.00,-45.00,-23.00
10.31,-14.38,93.83,67.11,268.44,-18.87,9.89,9.53,0.72,-4.00,-34.00,-16.00
10.27,-14.33,93.85,68.16,268.44,-16.78,9.94,9.44,0.81,-6.00,-28.00,-11.00
10.26,-14.32,93.83,69.21,267.39,-18.87,9.97,9.50,0.75,-7.00,-23.00,-1.00
10.23,-14.34,93.83,69.21,266.34,-19.92,9.94,9.56,0.67,-23.00,-19.00,3.00
10.19,-14.37,93.83,67.11,267.39,-17.83,9.86,9.44,0.78,-42.00,-13.00,9.00
10.20,-14.33,93.77,68.16,271.58,-18.87,9.86,9.50,0.78,-47.00,-7.00,-10.00
10.20,-14.28,93.76,69.21,270.53,-19.92,9.86,9.50,0.69,-31.00,-8.00,-19.00
10.17,-14.29,93.78,73.40,268.44,-17.83,9.92,9.47,0.81,-24.00,-11.00,1.00
10.15,-14.40,93.74,72.35,267.39,-15.73,9.92,9.50,0.69,-38.00,-23.00,16.00
10.10,-14.48,93.67,72.35,268.44,-15.73,9.92,9.50,0.75,-36.00,-39.00,8.00
10.05,-14.54,93.60,69.21,267.39,-15.73,9.92,9.56,0.75,-47.00,-43.00,3.00
10.01,-14.52,93.53,70.25,268.44,-14.68,9.94,9.50,0.78,-47.00,-35.00,-11.00
9.96,-14.51,93.47,71.30,270.53,-15.73,9.94,9.50,0.72,-33.00,-49.00,-16.00
9.89,-14.51,93.44,70.25,269.48,-17.83,9.92,9.47,0.78,-28.00,-51.00,-16.00
9.81,-14.48,93.48,71.30,270.53,-14.68,9.97,9.53,0.72,-18.00,-59.00,-27.00
9.74,-14.45,93.45,68.16,267.39,-14.68,9.92,9.50,0.75,-10.00,-60.00,-37.00
9.67,-14.37,93.44,68.16,268.44,-13.63,9.94,9.50,0.69,-4.00,-60.00,-40.00
9.61,-14.32,93.42,68.16,269.48,-16.78,9.94,9.47,0.72,0.00,-51.00,-32.00
9.55,-14.26,93.46,68.16,269.48,-16.78,9.92,9.53,0.72,3.00,-45.00,-30.00
9.50,-14.21,93.51,70.25,270.53,-17.83,9.97,9.53,0.67,19.00,-38.00,-27.00
9.43,-14.21,93.60,73.40,273.68,-17.83,9.94,9.58,0.72,32.00,-42.00,-25.00
9.34,-14.23,93.74,77.59,278.92,-17.83,9.92,9.53,0.67,67.00,-72.00,-33.00
9.18,-14.29,93.97,83.89,293.60,-24.12,9.92,9.58,0.56,137.00,-123.00,-34.00
8.84,-14.34,94.55,88.08,317.72,-28.31,9.89,9.61,0.53,313.00,-225.00,-40.00
8.33,-14.35,95.66,102.76,356.52,-26.21,10.00,9.72,0.36,680.00,-356.00,-14.00
7.47,-14.17,97.70,90.18,348.13,-2.10,9.97,9.69,0.08,1331.00,-624.00,-84.00
6.60,-13.70,100.14,79.69,298.84,12.58,9.97,9.97,-0.36,1778.00,-700.00,-238.00
5.84,-13.32,101.99,76.55,264.24,-10.49,9.94,9.97,-0.58,1844.00,-759.00,-218.00
5.10,-13.15,103.81,67.11,247.46,-40.89,9.83,10.03,-1.14,1807.00,-768.00,-167.00
4.39,-12.75,105.93,56.62,239.08,-65.01,9.78,10.25,-1.44,1696.00,-692.00,-256.00
3.81,-12.00,108.16,50.33,234.88,-84.93,9.75,10.31,-1.78,1545.00,-614.00,-386.00
3.30,-11.02,110.38,38.80,224.40,-101.71,9.67,10.42,-2.03,1392.00,-612.00,-489.00
2.93,-9.90,112.43,29.36,224.40,-118.49,9.58,10.47,-2.42,1152.00,-556.00,-510.00
2.77,-8.76,114.26,15.73,210.76,-131.07,9.47,10.53,-2.53,912.00,-398.00,-486.00
2.74,-7.67,116.00,8.39,203.42,-137.36,9.44,10.64,-2.72,748.00,-307.00,-379.00
2.94,-6.73,117.26,1.05,201.33,-138.41,9.42,10.64,-2.75,420.00,-132.00,-319.00
3.41,-5.97,117.95,0.00,205.52,-142.61,9.25,10.75,-2.69,78.00,74.00,-230.00
4.02,-5.48,118.18,2.10,221.25,-144.70,9.33,10.75,-2.67,-253.00,233.00,-92.00
4.61,-5.17,118.00,10.49,230.69,-138.41,9.33,10.78,-2.50,-486.00,259.00,24.00
5.31,-5.27,117.37,14.68,241.17,-128.97,9.44,10.75,-2.42,-641.00,385.00,124.00
6.07,-5.58,116.35,26.21,244.32,-117.44,9.39,10.69,-2.17,-764.00,457.00,197.00
6.87,-6.18,115.04,30.41,254.80,-109.05,9.53,10.72,-2.00,-861.00,503.00,253.00
7.66,-6.80,113.57,37.75,255.85,-99.61,9.47,10.53,-1.67,-885.00,499.00,264.00
8.44,-7.55,111.98,47.19,259.00,-89.13,9.56,10.53,-1.44,-944.00,499.00,309.00
9.20,-8.45,110.25,52.43,265.29,-83.89,9.72,10.47,-1.25,-991.00,496.00,345.00
9.92,-9.35,108.56,58.72,269.48,-79.69,9.69,10.31,-1.00,-988.00,480.00,367.00
10.64,-10.21,107.01,57.67,272.63,-73.40,9.75,10.33,-0.92,-916.00,480.00,334.00
11.32,-10.91,105.56,63.96,271.58,-66.06,9.72,10.17,-0.64,-853.00,467.00,303.00
11.99,-11.63,104.23,67.11,272.63,-61.87,9.83,10.08,-0.44,-764.00,444.00,289.00
12.58,-12.32,103.06,68.16,270.53,-55.57,9.94,10.00,-0.28,-677.00,413.00,288.00
13.10,-12.96,101.94,68.16,273.68,-51.38,9.89,9.89,-0.17,-646.00,365.00,286.00
13.56,-13.49,100.90,68.16,275.78,-47.19,9.94,9.78,0.03,-603.00,332.00,271.00
14.04,-13.95,99.98,73.40,288.36,-47.19,9.92,9.75,0.17,-518.00,351.00,257.00
14.48,-14.39,99.27,72.35,281.02,-37.75,9.97,9.72,0.31,-400.00,331.00,253.00
15.05,-14.76,98.47,68.16,271.58,-31.46,10.08,9.67,0.39,-384.00,400.00,213.00
15.61,-14.91,97.72,79.69,278.92,-28.31,9.97,9.64,0.44,-319.00,391.00,105.00
16.08,-15.14,97.12,84.93,281.02,-22.02,10.00,9.61,0.58,-226.00,329.00,64.00
16.50,-15.41,96.50,84.93,269.48,-17.83,9.94,9.50,0.64,-210.00,290.00,58.00
16.94,-15.71,95.88,84.93,268.44,-22.02,10.00,9.50,0.72,-188.00,305.00,42.00
17.23,-15.98,95.43,88.08,271.58,-20.97,10.08,9.44,0.78,-182.00,233.00,51.00
17.35,-16.27,95.06,89.13,268.44,-22.02,9.97,9.44,0.92,-161.00,139.00,64.00
17.48,-16.52,94.76,82.84,263.19,-23.07,9.94,9.42,0.86,-158.00,134.00,31.00
17.55,-16.63,94.51,85.98,260.05,-23.07,9.97,9.31,0.83,-166.00,117.00,6.00
17.60,-16.83,94.27,80.74,262.14,-24.12,10.00,9.44,0.92,-181.00,127.00,17.00
17.64,-16.85,94.13,81.79,266.34,-19.92,9.89,9.39,1.00,-136.00,109.00,-8.00
17.64,-16.85,93.93,76.55,261.10,-20.97,9.89,9.36,1.14,-139.00,69.00,-19.00
17.70,-16.81,93.72,81.79,271.58,-22.02,10.00,9.39,1.00,-172.00,97.00,2.00
17.68,-16.79,93.59,80.74,272.63,-19.92,9.92,9.28,1.11,-137.00,75.00,-20.00
17.64,-16.75,93.50,77.59,268.44,-16.78,9.92,9.39,1.14,-90.00,42.00,-13.00
17.59,-16.66,93.39,78.64,266.34,-14.68,9.94,9.31,1.14,-78.00,29.00,-23.00
17.55,-16.62,93.24,81.79,270.53,-16.78,9.94,9.36,1.22,-91.00,26.00,-14.00
17.48,-16.61,93.20,82.84,271.58,-19.92,9.83,9.31,1.17,-50.00,12.00,-24.00
17.37,-16.61,93.28,79.69,268.44,-18.87,9.92,9.39,1.19,-10.00,-4.00,-21.00
17.24,-16.57,93.36,77.59,265.29,-16.78,9.86,9.36,1.14,-1.00,-18.00,-25.00
17.13,-16.51,93.39,79.69,266.34,-19.92,9.97,9.39,1.14,-7.00,-15.00,-26.00
17.00,-16.49,93.47,79.69,266.34,-20.97,9.86,9.39,1.14,-13.00,-13.00,-23.00
16.87,-16.48,93.57,77.59,266.34,-20.97,9.92,9.31,1.08,-10.00,-22.00,-18.00
16.71,-16.42,93.67,77.59,267.39,-19.92,9.92,9.42,1.11,-2.00,-33.00,-22.00
16.57,-16.35,93.74,76.55,268.44,-18.87,9.89,9.42,1.08,-4.00,-39.00,-28.00
16.42,-16.26,93.78,75.50,267.39,-18.87,9.86,9.33,1.14,-8.00,-49.00,-35.00
16.31,-16.15,93.81,74.45,266.34,-18.87,9.92,9.33,1.08,-16.00,-42.00,-41.00
16.17,-16.04,93.83,75.50,266.34,-19.92,9.86,9.39,1.06,-15.00,-46.00,-40.00
16.04,-15.96,93.88,74.45,268.44,-17.83,9.81,9.36,1.08,-14.00,-44.00,-36.00
15.93,-15.87,93.88,73.40,267.39,-18.87,9.92,9.42,1.06,-11.00,-41.00,-32.00
15.81,-15.78,93.89,73.40,266.34,-19.92,9.89,9.42,1.08,-17.00,-37.00,-31.00
15.70,-15.69,93.91,72.35,267.39,-18.87,9.86,9.39,1.14,-23.00,-35.00,-34.00
15.62,-15.58,93.90,74.45,267.39,-17.83,9.92,9.50,1.14,-30.00,-34.00,-36.00
15.53,-15.52,93.88,73.40,269.48,-19.92,9.86,9.42,1.08,-26.00,-35.00,-39.00
15.45,-15.44,93.89,71.30,266.34,-17.83,9.86,9.44,1.03,-26.00,-24.00,-39.00
15.36,-15.34,93.85,73.40,266.34,-19.92,9.94,9.50,1.11,-34.00,-29.00,-35.00
15.31,-15.29,93.85,74.45,267.39,-17.83,9.83,9.47,1.06,-31.00,1.00,-43.00
15.23,-15.26,93.81,73.40,267.39,-19.92,9.78,9.42,1.06,-36.00,-28.00,-40.00
15.16,-15.21,93.81,74.45,268.44,-18.87,9.83,9.39,1.17,-37.00,-9.00,-36.00
15.10,-15.18,93.81,73.40,270.53,-17.83,9.86,9.47,1.06,-29.00,-26.00,-40.00
15.04,-15.14,93.77,71.30,269.48,-18.87,9.83,9.39,1.08,-31.00,-12.00,-33.00
14.97,-15.06,93.78,71.30,269.48,-16.78,9.78,9.44,1.08,-16.00,-20.00,-30.00
14.92,-15.00,93.75,70.25,267.39,-16.78,9.81,9.42,1.14,-19.00,-12.00,-25.00
14.88,-14.95,93.71,71.30,267.39,-15.73,9.86,9.47,1.08,-21.00,-11.00,-19.00
14.84,-14.92,93.66,71.30,269.48,-14.68,9.83,9.44,1.08,-20.00,-11.00,-19.00
14.81,-14.90,93.60,70.25,267.39,-16.78,9.81,9.50,1.03,-15.00,-3.00,-12.00
14.76,-14.87,93.58,72.35,267.39,-16.78,9.81,9.58,1.08,-12.00,1.00,-6.00
14.72,-14.90,93.58,72.35,268.44,-15.73,9.81,9.47,1.03,-12.00,-7.00,-1.00
14.66,-14.91,93.55,72.35,268.44,-15.73,9.81,9.50,1.03,-10.00,-8.00,-2.00
14.60,-14.92,93.53,72.35,268.44,-17.83,9.83,9.50,1.08,-8.00,-16.00,-4.00
14.53,-14.93,93.56,72.35,267.39,-16.78,9.89,9.42,1.11,-9.00,-17.00,-5.00
14.46,-14.94,93.56,72.35,267.39,-17.83,9.81,9.50,1.00,-11.00,-21.00,-3.00
14.38,-14.95,93.58,72.35,269.48,-18.87,9.81,9.36,1.11,-13.00,-23.00,-6.00
14.30,-14.94,93.61,72.35,267.39,-17.83,9.86,9.53,1.00,-17.00,-29.00,-9.00
14.20,-14.94,93.62,70.25,268.44,-14.68,9.81,9.53,1.08,-21.00,-30.00,-11.00
14.16,-14.89,93.56,71.30,268.44,-17.83,9.75,9.44,1.00,-22.00,-24.00,-17.00
14.08,-14.87,93.56,73.40,269.48,-15.73,9.83,9.47,1.14,-22.00,-23.00,-16.00
14.04,-14.88,93.53,71.30,268.44,-18.87,9.86,9.47,1.08,-19.00,-21.00,-13.00
13.97,-14.86,93.58,71.30,269.48,-15.73,9.86,9.50,1.03,-8.00,-28.00,-14.00
13.90,-14.84,93.56,71.30,268.44,-17.83,9.86,9.50,1.03,-10.00,-27.00,-12.00
13.83,-14.82,93.58,70.25,267.39,-17.83,9.78,9.47,1.00,-12.00,-25.00,-11.00
13.76,-14.80,93.61,72.35,268.44,-17.83,9.83,9.53,1.08,-6.00,-23.00,-12.00
13.70,-14.81,93.63,72.35,269.48,-17.83,9.89,9.47,1.11,-12.00,-26.00,-11.00
13.65,-14.80,93.64,70.25,269.48,-16.78,9.83,9.47,1.06,-11.00,-27.00,-19.00
13.60,-14.75,93.64,69.21,265.29,-17.83,9.83,9.44,1.06,-10.00,-24.00,-24.00
13.55,-14.70,93.64,68.16,267.39,-17.83,9.86,9.44,1.03,-22.00,-18.00,-24.00
13.51,-14.63,93.62,70.25,270.53,-14.68,9.83,9.44,1.06,-28.00,-10.00,-20.00
13.50,-14.61,93.54,71.30,268.44,-18.87,9.83,9.56,1.06,-29.00,-3.00,-15.00
13.47,-14.62,93.57,70.25,268.44,-18.87,9.78,9.53,1.06,-20.00,-4.00,-7.00
13.43,-14.62,93.60,70.25,269.48,-15.73,9.81,9.47,0.97,-16.00,-6.00,-3.00
13.40,-14.62,93.57,71.30,268.44,-16.78,9.86,9.47,1.03,-8.00,-3.00,1.00
13.37,-14.65,93.57,70.25,269.48,-16.78,9.81,9.47,1.08,-8.00,-5.00,3.00
13.36,-14.65,93.56,72.35,269.48,-16.78,9.81,9.56,1.11,-8.00,-4.00,3.00
13.34,-14.69,93.57,71.30,267.39,-18.87,9.83,9.50,1.03,-4.00,-8.00,1.00
13.29,-14.71,93.62,74.45,268.44,-19.92,9.86,9.42,1.11,-1.00,-13.00,0.00
13.24,-14.78,93.70,70.25,265.29,-17.83,9.81,9.56,1.06,2.00,-22.00,1.00
13.20,-14.78,93.71,70.25,267.39,-16.78,9.83,9.53,0.94,-12.00,-18.00,-2.00
13.16,-14.77,93.68,72.35,270.53,-18.87,9.81,9.50,1.06,-20.00,-15.00,-4.00
13.11,-14.77,93.71,73.40,270.53,-18.87,9.75,9.56,0.97,-12.00,-25.00,-10.00
13.05,-14.79,93.75,71.30,270.53,-16.78,9.81,9.50,0.94,-4.00,-28.00,-12.00
12.99,-14.77,93.74,71.30,269.48,-16.78,9.83,9.50,1.00,0.00,-29.00,-10.00
12.94,-14.76,93.75,75.50,269.48,-14.68,9.78,9.47,1.03,7.00,-34.00,-12.00
12.86,-14.80,93.76,76.55,275.78,-10.49,9.81,9.53,0.89,25.00,-62.00,-25.00
12.67,-14.79,93.81,82.84,286.26,-14.68,9.81,9.50,0.97,99.00,-145.00,-53.00
12.39,-14.77,94.05,91.23,297.80,-14.68,9.86,9.58,0.92,168.00,-211.00,-78.00
11.89,-14.69,94.61,95.42,301.99,-12.58,9.81,9.67,0.81,367.00,-369.00,-155.00
11.22,-14.53,95.45,102.76,307.23,-14.68,9.81,9.72,0.56,587.00,-511.00,-221.00
10.22,-14.28,96.73,109.05,312.48,-15.73,9.86,9.78,0.39,863.00,-745.00,-290.00
8.93,-13.88,98.46,106.95,304.09,-14.68,9.86,9.97,-0.08,1168.00,-996.00,-371.00
7.46,-13.40,100.44,99.61,291.50,-18.87,9.78,10.14,-0.36,1434.00,-1164.00,-422.00
5.96,-12.85,102.59,88.08,277.87,-32.51,9.69,10.36,-0.92,1642.00,-1259.00,-448.00
4.43,-12.21,104.87,78.64,267.39,-47.19,9.67,10.36,-1.33,1739.00,-1322.00,-444.00
2.93,-11.44,107.22,51.38,250.61,-59.77,9.56,10.50,-1.92,1764.00,-1345.00,-461.00
1.66,-10.24,109.34,11.53,212.86,-68.16,9.47,10.64,-2.19,1615.00,-1224.00,-487.00
0.87,-8.72,110.99,-15.73,193.99,-92.27,9.36,10.67,-2.64,1144.00,-914.00,-486.00
0.53,-7.22,112.34,-25.17,211.81,-125.83,9.33,10.75,-2.72,751.00,-531.00,-416.00
0.51,-5.55,113.71,-25.17,212.86,-138.41,9.19,10.89,-2.92,446.00,-261.00,-331.00
0.75,-4.28,114.78,-20.97,219.15,-143.65,9.19,10.81,-2.86,144.00,-12.00,-178.00
1.23,-3.47,115.43,-17.83,221.25,-141.56,9.14,10.89,-2.75,-146.00,207.00,-31.00
1.95,-3.07,115.57,-13.63,225.44,-133.17,9.25,10.83,-2.75,-416.00,407.00,84.00
2.76,-2.93,115.21,-1.05,234.88,-122.68,9.14,10.86,-2.56,-606.00,513.00,139.00
3.75,-3.18,114.45,4.19,241.17,-112.20,9.28,10.83,-2.33,-698.00,630.00,163.00
4.85,-3.58,113.29,16.78,250.61,-105.91,9.44,10.69,-2.03,-831.00,728.00,189.00
5.98,-4.30,111.92,29.36,259.00,-99.61,9.42,10.75,-1.92,-914.00,776.00,252.00
7.04,-5.19,110.46,46.14,269.48,-83.89,9.42,10.67,-1.61,-942.00,744.00,286.00
8.00,-6.25,108.80,49.28,265.29,-76.55,9.47,10.61,-1.39,-935.00,653.00,301.00
8.88,-7.25,107.16,53.48,266.34,-69.21,9.53,10.47,-0.92,-938.00,600.00,300.00
9.82,-8.21,105.53,54.53,269.48,-62.91,9.58,10.47,-0.86,-923.00,621.00,277.00
10.76,-9.03,103.94,57.67,265.29,-54.53,9.64,10.33,-0.50,-901.00,634.00,248.00
11.71,-9.85,102.33,61.87,269.48,-52.43,9.67,10.31,-0.36,-907.00,642.00,256.00
12.60,-10.58,100.89,66.06,272.63,-50.33,9.67,10.22,-0.19,-840.00,620.00,213.00
13.33,-11.19,99.67,68.16,275.78,-45.09,9.61,10.11,0.08,-759.00,524.00,168.00
13.98,-11.71,98.56,67.11,275.78,-37.75,9.72,10.06,0.36,-690.00,462.00,141.00
14.58,-12.15,97.47,66.06,273.68,-31.46,9.61,9.97,0.33,-654.00,420.00,136.00
15.12,-12.53,96.41,69.21,279.97,-27.26,9.58,9.89,0.64,-619.00,405.00,135.00
15.58,-12.90,95.47,73.40,284.16,-22.02,9.72,9.83,0.69,-551.00,341.00,152.00
15.97,-13.24,94.60,68.16,288.36,-19.92,9.69,9.72,0.81,-497.00,310.00,121.00
16.34,-13.38,93.97,72.35,283.12,-17.83,9.67,9.75,0.92,-347.00,305.00,72.00
16.55,-13.60,93.47,69.21,279.97,-12.58,9.67,9.69,0.97,-288.00,199.00,83.00
16.70,-13.78,93.01,71.30,279.97,-8.39,9.75,9.61,1.06,-241.00,160.00,105.00
16.82,-14.00,92.59,72.35,278.92,-10.49,9.69,9.72,1.03,-193.00,143.00,112.00
16.87,-14.19,92.34,71.30,275.78,-10.49,9.72,9.61,1.11,-125.00,109.00,95.00
16.85,-14.34,92.21,73.40,270.53,-8.39,9.75,9.56,1.14,-73.00,69.00,85.00
16.84,-14.52,92.09,72.35,270.53,-5.24,9.78,9.50,1.11,-45.00,70.00,68.00
16.80,-14.65,91.93,70.25,269.48,-7.34,9.64,9.47,1.19,-39.00,47.00,60.00
16.76,-14.74,91.83,75.50,267.39,-7.34,9.78,9.44,1.19,-41.00,43.00,60.00
16.68,-14.92,91.74,71.30,268.44,-8.39,9.75,9.50,1.22,-43.00,20.00,58.00
16.58,-14.97,91.70,72.35,267.39,-10.49,9.64,9.42,1.17,-35.00,13.00,37.00
16.53,-15.01,91.72,69.21,268.44,-12.58,9.75,9.56,1.19,-11.00,54.00,14.00
16.40,-14.97,91.79,69.21,266.34,-10.49,9.75,9.47,1.17,-20.00,2.00,3.00
16.28,-14.93,91.81,73.40,269.48,-11.53,9.75,9.50,1.14,-18.00,9.00,-3.00
16.16,-14.95,91.85,70.25,268.44,-9.44,9.72,9.44,1.28,-18.00,2.00,-7.00
16.06,-14.91,91.86,71.30,269.48,-9.44,9.72,9.47,1.28,-13.00,-5.00,-9.00
15.95,-14.89,91.88,69.21,269.48,-11.53,9.75,9.56,1.22,-4.00,-14.00,-12.00
15.84,-14.83,91.93,69.21,268.44,-11.53,9.72,9.47,1.22,-4.00,-8.00,-10.00
15.71,-14.78,92.00,71.30,270.53,-10.49,9.67,9.50,1.22,4.00,-21.00,-13.00
15.60,-14.76,92.04,70.25,269.48,-10.49,9.81,9.58,1.19,5.00,-17.00,-13.00
15.47,-14.73,92.08,69.21,268.44,-11.53,9.72,9.53,1.19,7.00,-27.00,-14.00
15.35,-14.68,92.15,69.21,268.44,-11.53,9.67,9.61,1.19,14.00,-25.00,-16.00
15.23,-14.64,92.22,70.25,269.48,-10.49,9.72,9.47,1.19,13.00,-27.00,-12.00
15.11,-14.63,92.26,70.25,269.48,-12.58,9.75,9.61,1.14,20.00,-32.00,-11.00
14.98,-14.61,92.35,69.21,267.39,-16.78,9.75,9.53,1.17,18.00,-36.00,-10.00
14.82,-14.59,92.52,70.25,269.48,-15.73,9.72,9.47,1.17,22.00,-40.00,-10.00
14.66,-14.57,92.66,70.25,269.48,-15.73,9.72,9.56,1.14,25.00,-54.00,-9.00
14.51,-14.56,92.76,69.21,266.34,-14.68,9.81,9.58,1.08,11.00,-53.00,-12.00
14.36,-14.53,92.83,68.16,269.48,-15.73,9.75,9.53,1.17,4.00,-56.00,-18.00
14.23,-14.46,92.91,68.16,269.48,-16.78,9.83,9.47,1.14,1.00,-61.00,-25.00
14.09,-14.39,93.00,68.16,269.48,-12.58,9.72,9.50,1.03,0.00,-55.00,-29.00
13.95,-14.33,92.98,68.16,269.48,-14.68,9.75,9.61,1.11,-7.00,-63.00,-32.00
13.83,-14.27,93.02,67.11,271.58,-15.73,9.75,9.56,1.11,0.00,-64.00,-30.00
13.74,-14.20,93.07,67.11,271.58,-15.73,9.67,9.61,1.17,2.00,-35.00,-25.00
13.65,-14.13,93.12,65.01,268.44,-16.78,9.72,9.56,1.03,3.00,-51.00,-22.00
13.55,-14.06,93.19,66.06,269.48,-16.78,9.72,9.56,1.03,2.00,-35.00,-18.00
13.46,-14.01,93.24,67.11,269.48,-14.68,9.75,9.58,1.06,2.00,-28.00,-13.00
13.42,-14.00,93.23,68.16,270.53,-16.78,9.75,9.56,1.08,-9.00,-13.00,-5.00
13.37,-14.00,93.27,67.11,269.48,-17.83,9.72,9.64,1.06,1.00,-17.00,-7.00
13.30,-14.00,93.33,68.16,267.39,-18.87,9.72,9.56,1.03,-2.00,-17.00,-3.00
13.25,-14.03,93.41,67.11,266.34,-17.83,9.75,9.61,1.03,4.00,-10.00,2.00
13.20,-14.05,93.44,68.16,270.53,-15.73,9.72,9.58,1.03,-19.00,-7.00,7.00
13.17,-14.07,93.40,67.11,269.48,-16.78,9.81,9.61,1.03,-23.00,-6.00,7.00
13.14,-14.06,93.40,67.11,269.48,-16.78,9.78,9.50,1.03,-20.00,-5.00,1.00
13.10,-14.05,93.40,68.16,269.48,-15.73,9.75,9.56,1.14,-19.00,-10.00,-3.00
13.09,-14.06,93.38,68.16,269.48,-15.73,9.72,9.56,1.03,-16.00,-7.00,-5.00
13.06,-14.07,93.36,69.21,268.44,-15.73,9.81,9.58,1.03,-19.00,-9.00,-3.00
13.02,-14.10,93.34,67.11,268.44,-14.68,9.75,9.58,1.03,-24.00,-14.00,0.00
12.99,-14.09,93.30,68.16,269.48,-15.73,9.67,9.64,1.08,-19.00,-12.00,-3.00
12.97,-14.10,93.29,71.30,270.53,-15.73,9.72,9.53,1.14,-17.00,-6.00,1.00
12.93,-14.17,93.30,69.21,268.44,-15.73,9.75,9.56,0.97,-9.00,-28.00,6.00
12.85,-14.20,93.30,68.16,267.39,-16.78,9.78,9.50,1.03,-13.00,-32.00,3.00
12.77,-14.21,93.31,68.16,267.39,-14.68,9.72,9.58,1.03,-26.00,-39.00,2.00
12.72,-14.21,93.27,68.16,268.44,-14.68,9.83,9.64,1.06,-29.00,-29.00,-11.00
12.67,-14.19,93.23,68.16,269.48,-14.68,9.75,9.56,1.06,-32.00,-35.00,-13.00
12.60,-14.18,93.20,68.16,268.44,-15.73,9.75,9.58,1.06,-31.00,-41.00,-7.00
12.54,-14.18,93.19,68.16,268.44,-13.63,9.78,9.58,0.97,-33.00,-37.00,-6.00
12.47,-14.17,93.14,67.11,269.48,-14.68,9.81,9.56,1.06,-28.00,-40.00,-10.00
12.42,-14.13,93.12,67.11,268.44,-15.73,9.78,9.58,1.00,-27.00,-30.00,-13.00
12.36,-14.11,93.13,68.16,269.48,-14.68,9.83,9.56,0.97,-23.00,-28.00,-8.00
12.30,-14.11,93.12,68.16,269.48,-12.58,9.78,9.56,0.97,-16.00,-28.00,-6.00
12.25,-14.12,93.07,68.16,268.44,-13.63,9.78,9.50,1.03,-13.00,-26.00,0.00
12.20,-14.13,93.05,67.11,269.48,-13.63,9.72,9.56,1.03,-14.00,-26.00,1.00
12.15,-14.14,93.02,69.21,267.39,-12.58,9.83,9.53,1.00,-23.00,-32.00,15.00
12.11,-14.16,93.00,66.06,270.53,-15.73,9.75,9.56,1.03,-5.00,-25.00,-8.00
12.08,-14.12,93.03,69.21,269.48,-12.58,9.75,9.53,1.08,-9.00,-10.00,1.00
12.07,-14.15,93.01,68.16,268.44,-15.73,9.83,9.64,1.03,0.00,-15.00,-2.00
12.05,-14.16,93.05,68.16,268.44,-14.68,9.81,9.56,1.03,0.00,-3.00,4.00
12.03,-14.17,93.05,67.11,268.44,-14.68,9.78,9.53,1.00,-11.00,-9.00,2.00
12.00,-14.15,93.05,68.16,270.53,-15.73,9.81,9.56,1.00,-12.00,-8.00,-7.00
11.96,-14.13,93.08,68.16,271.58,-13.63,9.69,9.50,1.06,-7.00,-15.00,-14.00
11.94,-14.11,93.07,68.16,269.48,-17.83,9.75,9.58,1.00,-3.00,-19.00,-16.00
11.88,-14.08,93.17,68.16,269.48,-13.63,9.75,9.56,1.00,10.00,-29.00,-23.00
11.83,-14.05,93.20,70.25,274.73,-14.68,9.81,9.53,0.94,26.00,-39.00,-26.00
11.69,-14.03,93.33,73.40,279.97,-15.73,9.81,9.58,0.89,76.00,-93.00,-33.00
11.41,-13.98,93.64,77.59,291.50,-16.78,9.75,9.67,0.97,183.00,-187.00,-69.00
10.93,-13.84,94.32,90.18,308.28,-19.92,9.69,9.69,0.81,417.00,-352.00,-132.00
10.21,-13.64,95.41,94.37,313.52,-14.68,9.86,9.72,0.56,691.00,-529.00,-219.00
9.29,-13.34,96.79,96.47,307.23,-8.39,9.81,9.86,0.39,948.00,-700.00,-284.00
8.16,-13.01,98.35,97.52,293.60,-16.78,9.69,10.08,-0.03,1170.00,-909.00,-319.00
6.94,-12.73,100.05,91.23,292.55,-25.17,9.75,10.11,-0.25,1279.00,-986.00,-340.00
5.61,-12.26,102.09,77.59,275.78,-34.60,9.69,10.33,-0.92,1521.00,-1122.00,-382.00
4.18,-11.62,104.34,67.11,268.44,-48.23,9.64,10.42,-1.14,1701.00,-1217.00,-403.00
2.79,-10.81,106.72,48.23,255.85,-58.72,9.64,10.50,-1.72,1776.00,-1251.00,-402.00
1.52,-9.67,109.03,28.31,242.22,-72.35,9.44,10.61,-2.08,1751.00,-1208.00,-435.00
0.52,-8.24,111.23,7.34,218.10,-90.18,9.36,10.64,-2.67,1612.00,-1079.00,-463.00
-0.22,-6.74,113.27,-11.53,192.94,-106.95,9.31,10.81,-2.92,1322.00,-864.00,-441.00
-0.77,-5.29,114.96,-20.97,191.89,-135.27,9.17,10.78,-3.31,913.00,-731.00,-366.00
-1.01,-3.86,116.73,-22.02,202.38,-154.14,9.11,10.78,-3.42,708.00,-476.00,-309.00
-1.00,-2.68,118.21,-23.07,205.52,-162.53,9.00,10.81,-3.44,339.00,-243.00,-163.00
-0.73,-1.81,119.21,-17.83,221.25,-158.33,9.00,10.89,-3.47,-22.00,-27.00,-61.00
-0.32,-1.41,119.39,-15.73,226.49,-148.90,9.06,10.86,-3.33,-320.00,108.00,56.00
0.35,-1.29,119.03,-6.29,234.88,-138.41,9.06,10.81,-3.28,-543.00,320.00,111.00
1.13,-1.52,118.15,3.15,241.17,-125.83,9.19,10.81,-3.00,-730.00,445.00,165.00
2.03,-2.05,116.88,10.49,249.56,-117.44,9.14,10.78,-2.89,-861.00,560.00,218.00
2.95,-2.73,115.43,23.07,257.95,-109.05,9.28,10.75,-2.56,-902.00,598.00,257.00
3.90,-3.62,113.82,30.41,262.14,-104.86,9.36,10.81,-2.39,-961.00,624.00,282.00
4.78,-4.58,112.25,36.70,266.34,-95.42,9.44,10.64,-2.00,-966.00,604.00,324.00
5.68,-5.53,110.67,42.99,267.39,-90.18,9.50,10.67,-1.89,-930.00,601.00,314.00
6.54,-6.46,109.18,45.09,266.34,-77.59,9.58,10.56,-1.53,-889.00,582.00,284.00
7.43,-7.35,107.59,49.28,266.34,-71.30,9.61,10.47,-1.42,-888.00,592.00,292.00
8.35,-8.20,106.07,48.23,267.39,-68.16,9.67,10.33,-1.17,-845.00,624.00,261.00
9.24,-8.92,104.66,58.72,269.48,-63.96,9.69,10.39,-0.89,-810.00,619.00,252.00
10.07,-9.72,103.35,63.96,271.58,-58.72,9.72,10.25,-0.64,-775.00,577.00,244.00
10.80,-10.51,102.13,67.11,276.82,-56.62,9.75,10.22,-0.50,-721.00,517.00,254.00
11.44,-11.23,101.06,66.06,271.58,-53.48,9.81,10.11,-0.28,-658.00,463.00,244.00
12.02,-11.87,100.07,63.96,269.48,-47.19,9.78,10.03,-0.25,-640.00,433.00,243.00
12.59,-12.40,99.08,62.91,271.58,-39.85,9.75,9.97,0.03,-624.00,440.00,221.00
13.19,-12.79,98.06,65.01,273.68,-33.55,9.92,9.94,0.14,-595.00,442.00,186.00
13.74,-13.15,97.05,68.16,274.73,-32.51,9.83,9.86,0.33,-567.00,410.00,173.00
14.21,-13.50,96.18,71.30,277.87,-28.31,9.86,9.78,0.36,-528.00,362.00,162.00
14.60,-13.82,95.40,71.30,278.92,-28.31,9.92,9.72,0.61,-466.00,328.00,146.00
15.05,-14.07,94.76,68.16,281.02,-23.07,9.86,9.69,0.58,-400.00,368.00,118.00
15.27,-14.25,94.18,72.35,278.92,-19.92,9.92,9.58,0.78,-367.00,224.00,141.00
15.49,-14.54,93.68,75.50,278.92,-19.92,9.89,9.58,0.78,-301.00,222.00,170.00
15.68,-14.82,93.34,72.35,276.82,-19.92,9.89,9.56,0.86,-219.00,216.00,150.00
15.89,-14.95,93.18,74.45,276.82,-17.83,9.94,9.47,0.89,-112.00,236.00,89.00
16.07,-15.07,93.05,73.40,273.68,-16.78,9.86,9.44,1.03,-75.00,219.00,67.00
16.19,-15.16,92.97,77.59,272.63,-16.78,9.89,9.50,1.00,-50.00,157.00,62.00
16.28,-15.32,92.94,76.55,270.53,-14.68,9.92,9.33,1.00,-24.00,147.00,60.00
16.32,-15.45,92.90,77.59,267.39,-15.73,9.83,9.42,1.08,-15.00,117.00,56.00
16.38,-15.60,92.88,73.40,267.39,-15.73,9.86,9.50,1.06,-14.00,119.00,46.00
16.39,-15.63,92.88,75.50,267.39,-14.68,9.94,9.36,1.11,-19.00,84.00,33.00
16.39,-15.68,92.87,76.55,270.53,-15.73,9.86,9.36,1.14,-7.00,75.00,21.00
16.35,-15.72,92.89,77.59,267.39,-15.73,9.86,9.39,1.14,-11.00,37.00,18.00
16.29,-15.79,92.91,75.50,266.34,-14.68,9.92,9.47,1.17,-15.00,28.00,16.00
16.21,-15.80,92.91,75.50,268.44,-14.68,9.86,9.42,1.14,-22.00,8.00,7.00
16.15,-15.79,92.90,76.55,269.48,-14.68,9.75,9.39,1.11,-24.00,14.00,-2.00
16.05,-15.79,92.90,75.50,268.44,-14.68,9.86,9.42,1.08,-17.00,-10.00,-9.00
15.95,-15.77,92.92,74.45,268.44,-14.68,9.92,9.42,1.08,-13.00,-8.00,-12.00
15.83,-15.72,92.94,73.40,268.44,-13.63,9.89,9.42,1.08,-7.00,-17.00,-15.00
15.73,-15.66,92.94,72.35,268.44,-14.68,9.89,9.42,1.17,-8.00,-14.00,-18.00
15.65,-15.57,92.96,72.35,266.34,-13.63,9.86,9.39,1.11,-4.00,-8.00,-22.00
15.57,-15.51,92.96,73.40,268.44,-12.58,9.94,9.39,1.17,-3.00,-10.00,-23.00
15.51,-15.46,92.94,73.40,267.39,-12.58,9.89,9.47,1.08,-4.00,-3.00,-23.00
15.44,-15.42,92.92,72.35,266.34,-15.73,9.89,9.42,1.11,-2.00,-1.00,-21.00
15.36,-15.37,92.96,73.40,266.34,-11.53,9.83,9.42,1.11,-3.00,5.00,-21.00
15.33,-15.35,92.91,74.45,266.34,-14.68,9.89,9.47,1.22,-6.00,12.00,-22.00
15.27,-15.35,92.92,71.30,268.44,-13.63,9.83,9.39,1.14,-15.00,-2.00,-17.00
15.21,-15.27,92.92,72.35,267.39,-15.73,9.78,9.42,1.14,-6.00,-5.00,-25.00
15.15,-15.23,92.95,71.30,267.39,-13.63,9.86,9.44,1.17,-12.00,6.00,-23.00
15.10,-15.17,92.93,73.40,268.44,-14.68,9.89,9.44,1.11,-13.00,5.00,-23.00
15.03,-15.15,92.94,70.25,269.48,-13.63,9.81,9.47,1.14,-10.00,-2.00,-23.00
14.99,-15.07,92.93,71.30,268.44,-14.68,9.86,9.42,1.17,-10.00,3.00,-23.00
14.93,-15.02,92.95,71.30,269.48,-13.63,9.83,9.42,1.08,-4.00,-4.00,-25.00
14.86,-14.98,92.95,71.30,268.44,-13.63,9.81,9.47,1.08,-3.00,-5.00,-19.00
14.79,-14.94,92.96,72.35,268.44,-13.63,9.89,9.53,1.17,4.00,-3.00,-18.00
14.75,-14.94,92.97,70.25,266.34,-15.73,9.83,9.47,1.14,7.00,2.00,-13.00
14.68,-14.91,93.03,69.21,267.39,-15.73,9.75,9.53,1.11,9.00,-8.00,-12.00
14.61,-14.86,93.08,72.35,268.44,-14.68,9.92,9.50,1.17,3.00,-13.00,-4.00
14.54,-14.88,93.09,69.21,268.44,-15.73,9.72,9.44,1.08,-2.00,-13.00,-6.00
14.48,-14.82,93.12,70.25,269.48,-14.68,9.78,9.47,1.11,-7.00,-7.00,-11.00
14.42,-14.79,93.12,69.21,269.48,-14.68,9.81,9.47,1.08,-7.00,-12.00,-9.00
14.35,-14.74,93.13,70.25,269.48,-16.78,9.86,9.50,1.14,0.00,-19.00,-12.00
14.28,-14.71,93.18,68.16,268.44,-16.78,9.72,9.56,1.08,-2.00,-11.00,-11.00
14.22,-14.65,93.22,70.25,266.34,-15.73,9.83,9.53,1.14,-9.00,-10.00,-10.00
14.18,-14.65,93.22,70.25,266.34,-17.83,9.83,9.44,1.14,-14.00,0.00,-8.00
14.13,-14.66,93.27,70.25,268.44,-13.63,9.72,9.42,1.11,-13.00,-8.00,-5.00
14.09,-14.66,93.23,70.25,266.34,-16.78,9.75,9.58,1.19,-13.00,-9.00,1.00
14.06,-14.67,93.25,70.25,267.39,-15.73,9.81,9.56,1.06,-14.00,-9.00,1.00
14.00,-14.68,93.25,70.25,267.39,-15.73,9.81,9.47,1.11,-15.00,-6.00,3.00
13.97,-14.69,93.25,70.25,268.44,-14.68,9.75,9.47,1.14,-13.00,-2.00,2.00
13.95,-14.69,93.23,70.25,269.48,-16.78,9.81,9.44,1.17,-14.00,5.00,1.00
13.93,-14.69,93.27,72.35,268.44,-16.78,9.86,9.47,1.11,3.00,-1.00,6.00
13.89,-14.74,93.29,70.25,266.34,-14.68,9.78,9.50,1.17,-14.00,5.00,7.00
13.89,-14.76,93.25,72.35,267.39,-13.63,9.72,9.44,1.17,-19.00,6.00,12.00
13.88,-14.81,93.20,72.35,268.44,-13.63,9.78,9.50,1.19,-18.00,-5.00,7.00
13.86,-14.84,93.17,71.30,268.44,-15.73,9.86,9.50,1.08,-14.00,-7.00,3.00
13.81,-14.84,93.18,70.25,269.48,-15.73,9.81,9.42,1.06,-11.00,-9.00,-1.00
