16.10,-13.39,94.00,63.96,269.48,-20.97,9.47,9.78,1.42,-15.00,-12.00,6.00
16.10,-13.39,94.03,62.91,270.53,-19.92,9.36,9.75,1.39,-13.00,-6.00,8.00
16.10,-13.37,94.03,65.01,270.53,-18.87,9.31,9.86,1.31,-14.00,-1.00,11.00
16.12,-13.40,94.01,66.06,270.53,-18.87,9.36,9.72,1.28,-13.00,5.00,9.00
16.12,-13.43,93.98,63.96,270.53,-17.83,9.47,9.83,1.33,-15.00,9.00,5.00
16.14,-13.43,93.94,66.06,271.58,-20.97,9.47,9.81,1.39,-11.00,12.00,10.00
16.15,-13.46,93.97,66.06,268.44,-20.97,9.47,9.81,1.36,-11.00,5.00,10.00
16.16,-13.51,93.99,65.01,268.44,-18.87,9.47,9.83,1.31,-21.00,13.00,9.00
16.16,-13.53,93.96,66.06,270.53,-19.92,9.47,9.75,1.33,-23.00,9.00,9.00
16.16,-13.55,93.96,65.01,270.53,-19.92,9.39,9.78,1.42,-19.00,3.00,3.00
16.17,-13.54,93.97,65.01,270.53,-19.92,9.39,9.81,1.33,-10.00,0.00,0.00
16.17,-13.53,93.97,65.01,268.44,-19.92,9.36,9.78,1.33,-13.00,2.00,-2.00
16.17,-13.53,93.98,66.06,268.44,-19.92,9.47,9.81,1.44,-15.00,2.00,-2.00
16.19,-13.55,93.98,66.06,271.58,-16.78,9.42,9.75,1.42,-15.00,1.00,-3.00
16.21,-13.56,93.92,65.01,269.48,-18.87,9.39,9.81,1.36,-15.00,1.00,-4.00
16.22,-13.56,93.90,63.96,273.68,-19.92,9.42,9.81,1.44,-22.00,-1.00,3.00
16.26,-13.50,93.91,66.06,269.48,-17.83,9.42,9.75,1.33,-10.00,19.00,-11.00
16.28,-13.53,93.87,66.06,270.53,-18.87,9.47,9.75,1.33,-18.00,17.00,-1.00
16.28,-13.54,93.86,66.06,269.48,-16.78,9.47,9.78,1.36,-11.00,5.00,-3.00
16.30,-13.56,93.82,66.06,269.48,-16.78,9.44,9.78,1.39,-12.00,8.00,-2.00
16.31,-13.57,93.78,66.06,268.44,-18.87,9.42,9.78,1.39,-7.00,-1.00,-5.00
16.30,-13.58,93.79,66.06,269.48,-18.87,9.39,9.72,1.42,-12.00,-2.00,-6.00
16.30,-13.58,93.80,65.01,268.44,-19.92,9.42,9.78,1.42,-11.00,-6.00,-9.00
16.30,-13.57,93.82,63.96,269.48,-17.83,9.39,9.75,1.36,-16.00,1.00,-10.00
16.30,-13.53,93.80,65.01,269.48,-15.73,9.44,9.78,1.42,-16.00,-1.00,-10.00
16.32,-13.52,93.73,65.01,270.53,-17.83,9.36,9.78,1.39,-15.00,3.00,-8.00
16.32,-13.51,93.73,65.01,270.53,-15.73,9.31,9.75,1.42,-8.00,-1.00,-7.00
16.34,-13.49,93.68,63.96,268.44,-18.87,9.31,9.72,1.44,-9.00,1.00,-8.00
16.36,-13.48,93.70,66.06,269.48,-17.83,9.44,9.78,1.42,-8.00,5.00,-2.00
16.36,-13.51,93.70,66.06,271.58,-17.83,9.44,9.78,1.42,-8.00,3.00,1.00
16.36,-13.52,93.68,65.01,269.48,-17.83,9.42,9.78,1.44,-14.00,1.00,0.00
16.37,-13.51,93.67,63.96,270.53,-17.83,9.44,9.78,1.36,-17.00,2.00,-8.00
16.36,-13.47,93.66,65.01,271.58,-17.83,9.36,9.78,1.42,-12.00,-3.00,-13.00
16.36,-13.45,93.66,66.06,270.53,-17.83,9.39,9.81,1.42,-13.00,-4.00,-11.00
16.35,-13.46,93.66,63.96,269.48,-17.83,9.33,9.89,1.42,-11.00,-4.00,-6.00
16.36,-13.45,93.65,62.91,268.44,-17.83,9.33,9.78,1.47,-14.00,0.00,0.00
16.37,-13.42,93.64,66.06,269.48,-18.87,9.47,9.75,1.42,-16.00,1.00,1.00
16.36,-13.46,93.66,63.96,271.58,-17.83,9.33,9.75,1.44,-15.00,-1.00,5.00
16.37,-13.45,93.65,65.01,269.48,-18.87,9.33,9.75,1.47,-11.00,0.00,7.00
16.38,-13.47,93.67,65.01,269.48,-18.87,9.44,9.75,1.42,-14.00,4.00,10.00
16.37,-13.49,93.68,65.01,270.53,-18.87,9.28,9.81,1.39,-13.00,5.00,9.00
16.38,-13.50,93.70,65.01,271.58,-16.78,9.39,9.72,1.36,-11.00,7.00,6.00
16.39,-13.50,93.67,65.01,270.53,-18.87,9.44,9.67,1.39,-11.00,7.00,5.00
16.37,-13.51,93.70,67.11,269.48,-18.87,9.47,9.78,1.42,2.00,-2.00,10.00
16.37,-13.57,93.71,67.11,268.44,-15.73,9.39,9.72,1.42,-18.00,4.00,9.00
16.39,-13.62,93.64,67.11,269.48,-17.83,9.39,9.78,1.44,-21.00,7.00,7.00
16.39,-13.66,93.64,66.06,268.44,-18.87,9.39,9.72,1.42,-16.00,-2.00,4.00
16.37,-13.67,93.66,66.06,271.58,-18.87,9.42,9.81,1.44,-13.00,-7.00,-1.00
16.36,-13.65,93.69,66.06,271.58,-16.78,9.36,9.72,1.47,-5.00,-9.00,-8.00
16.37,-13.64,93.66,67.11,269.48,-17.83,9.47,9.81,1.50,-8.00,-6.00,-8.00
16.38,-13.66,93.67,65.01,268.44,-17.83,9.36,9.72,1.42,-10.00,-4.00,-8.00
16.38,-13.64,93.66,65.01,269.48,-18.87,9.42,9.72,1.39,-12.00,-1.00,-7.00
16.37,-13.62,93.68,66.06,270.53,-15.73,9.50,9.75,1.42,-11.00,1.00,-7.00
16.38,-13.62,93.64,66.06,270.53,-18.87,9.33,9.81,1.42,-9.00,1.00,-5.00
16.39,-13.62,93.66,66.06,269.48,-17.83,9.39,9.81,1.36,-9.00,3.00,-3.00
16.39,-13.63,93.66,66.06,269.48,-17.83,9.42,9.75,1.44,-11.00,6.00,-2.00
16.39,-13.64,93.65,66.06,269.48,-18.87,9.42,9.72,1.39,-13.00,3.00,-2.00
16.38,-13.65,93.67,66.06,269.48,-17.83,9.47,9.69,1.39,-11.00,1.00,-4.00
16.37,-13.65,93.67,65.01,268.44,-18.87,9.36,9.72,1.47,-13.00,-3.00,-4.00
16.37,-13.64,93.69,65.01,268.44,-17.83,9.33,9.75,1.36,-12.00,-3.00,-2.00
16.37,-13.63,93.68,65.01,270.53,-15.73,9.42,9.75,1.39,-14.00,-1.00,-4.00
16.38,-13.61,93.63,63.96,270.53,-17.83,9.42,9.86,1.47,-15.00,1.00,-6.00
16.39,-13.57,93.62,63.96,269.48,-16.78,9.33,9.81,1.50,-15.00,3.00,-8.00
16.42,-13.53,93.60,63.96,269.48,-14.68,9.39,9.78,1.39,-12.00,4.00,-8.00
16.44,-13.50,93.54,66.06,270.53,-15.73,9.39,9.81,1.39,-10.00,6.00,-7.00
16.45,-13.51,93.50,65.01,269.48,-17.83,9.39,9.83,1.42,-9.00,6.00,-6.00
16.45,-13.51,93.52,65.01,269.48,-16.78,9.39,9.75,1.44,-9.00,4.00,-5.00
16.45,-13.51,93.51,65.01,268.44,-18.87,9.42,9.78,1.44,-8.00,6.00,-3.00
16.45,-13.52,93.56,66.06,269.48,-17.83,9.33,9.81,1.39,-5.00,3.00,2.00
16.44,-13.54,93.57,65.01,269.48,-17.83,9.42,9.72,1.47,-8.00,2.00,3.00
16.45,-13.55,93.56,65.01,269.48,-16.78,9.39,9.72,1.44,-18.00,3.00,1.00
16.45,-13.54,93.54,65.01,269.48,-18.87,9.33,9.81,1.44,-20.00,4.00,-5.00
16.45,-13.52,93.56,66.06,271.58,-18.87,9.39,9.75,1.42,-14.00,-3.00,-9.00
16.43,-13.52,93.59,66.06,270.53,-15.73,9.39,9.81,1.50,-11.00,-6.00,-8.00
16.45,-13.53,93.55,63.96,269.48,-16.78,9.33,9.78,1.36,-13.00,-2.00,-4.00
16.44,-13.51,93.53,63.96,268.44,-16.78,9.36,9.75,1.44,-16.00,0.00,-2.00
16.44,-13.50,93.52,65.01,269.48,-16.78,9.36,9.72,1.47,-13.00,-1.00,1.00
16.44,-13.51,93.51,66.06,270.53,-16.78,9.39,9.81,1.39,-11.00,-3.00,1.00
16.43,-13.53,93.50,65.01,268.44,-16.78,9.39,9.75,1.42,-11.00,-1.00,5.00
16.43,-13.55,93.49,66.06,268.44,-17.83,9.33,9.75,1.44,-14.00,2.00,8.00
16.43,-13.58,93.50,66.06,270.53,-16.78,9.42,9.69,1.47,-15.00,4.00,7.00
16.44,-13.60,93.49,65.01,269.48,-16.78,9.42,9.78,1.47,-12.00,4.00,3.00
16.45,-13.60,93.48,65.01,271.58,-16.78,9.31,9.72,1.47,-10.00,4.00,5.00
16.46,-13.60,93.49,66.06,268.44,-16.78,9.36,9.78,1.47,-4.00,-1.00,12.00
16.47,-13.63,93.47,65.01,268.44,-15.73,9.36,9.72,1.50,-21.00,5.00,10.00
16.48,-13.63,93.43,65.01,269.48,-18.87,9.39,9.72,1.47,-17.00,0.00,2.00
16.47,-13.62,93.47,65.01,268.44,-19.92,9.47,9.78,1.44,-17.00,-3.00,0.00
16.44,-13.61,93.53,66.06,271.58,-15.73,9.39,9.75,1.47,-12.00,-3.00,-4.00
16.45,-13.61,93.50,66.06,269.48,-17.83,9.33,9.72,1.53,-10.00,0.00,-3.00
16.47,-13.62,93.51,65.01,269.48,-16.78,9.42,9.75,1.50,-9.00,2.00,-3.00
16.48,-13.61,93.50,67.11,269.48,-15.73,9.33,9.83,1.44,-10.00,3.00,-3.00
16.50,-13.64,93.47,65.01,270.53,-15.73,9.36,9.78,1.42,-14.00,6.00,-2.00
16.51,-13.62,93.44,67.11,270.53,-15.73,9.39,9.78,1.50,-11.00,5.00,-3.00
16.53,-13.65,93.42,66.06,269.48,-15.73,9.39,9.75,1.47,-9.00,6.00,-1.00
16.55,-13.66,93.40,66.06,268.44,-15.73,9.42,9.78,1.42,-10.00,6.00,-2.00
16.55,-13.67,93.37,66.06,269.48,-17.83,9.42,9.72,1.44,-13.00,6.00,1.00
16.54,-13.68,93.40,66.06,269.48,-15.73,9.31,9.75,1.47,-12.00,4.00,-3.00
16.55,-13.67,93.38,66.06,270.53,-16.78,9.39,9.67,1.47,-9.00,0.00,-6.00
16.54,-13.67,93.39,66.06,270.53,-14.68,9.39,9.72,1.53,-9.00,-5.00,-5.00
16.55,-13.66,93.35,65.01,268.44,-18.87,9.36,9.72,1.53,-10.00,-4.00,-6.00
16.54,-13.65,93.41,66.06,271.58,-13.63,9.42,9.67,1.39,-10.00,-6.00,-6.00
16.53,-13.64,93.34,66.06,271.58,-13.63,9.39,9.69,1.50,-12.00,-5.00,-8.00
16.54,-13.63,93.28,65.01,270.53,-16.78,9.36,9.75,1.53,-12.00,-1.00,-8.00
16.55,-13.61,93.29,66.06,269.48,-16.78,9.36,9.78,1.50,-13.00,1.00,-6.00
16.55,-13.61,93.30,66.06,268.44,-16.78,9.42,9.69,1.44,-11.00,3.00,-5.00
16.54,-13.62,93.32,65.01,270.53,-15.73,9.39,9.72,1.44,-11.00,3.00,-7.00
16.54,-13.60,93.30,63.96,268.44,-16.78,9.39,9.83,1.53,-10.00,4.00,-5.00
16.56,-13.58,93.31,65.01,269.48,-17.83,9.39,9.69,1.47,-17.00,9.00,-2.00
16.56,-13.58,93.34,65.01,271.58,-16.78,9.44,9.72,1.47,-11.00,7.00,1.00
16.55,-13.56,93.34,67.11,271.58,-15.73,9.42,9.78,1.53,-8.00,3.00,0.00
16.56,-13.59,93.34,65.01,269.48,-17.83,9.36,9.72,1.53,-6.00,1.00,1.00
16.56,-13.59,93.37,66.06,269.48,-16.78,9.39,9.72,1.53,-7.00,-2.00,-1.00
16.56,-13.61,93.38,66.06,269.48,-14.68,9.39,9.72,1.50,-11.00,-4.00,3.00
16.56,-13.62,93.33,66.06,270.53,-14.68,9.33,9.75,1.39,-19.00,-4.00,-1.00
16.55,-13.62,93.28,65.01,270.53,-16.78,9.47,9.78,1.44,-21.00,-1.00,-8.00
16.53,-13.59,93.29,66.06,270.53,-16.78,9.33,9.75,1.50,-15.00,-5.00,-11.00
16.52,-13.59,93.30,65.01,269.48,-15.73,9.39,9.72,1.47,-12.00,-7.00,-8.00
16.51,-13.58,93.29,65.01,268.44,-15.73,9.33,9.78,1.53,-14.00,-4.00,-4.00
16.52,-13.57,93.28,63.96,269.48,-16.78,9.33,9.69,1.53,-16.00,-3.00,-3.00
16.52,-13.55,93.28,65.01,269.48,-16.78,9.42,9.72,1.42,-17.00,-3.00,0.00
16.49,-13.55,93.30,65.01,269.48,-14.68,9.39,9.75,1.44,-14.00,-4.00,4.00
16.49,-13.56,93.27,66.06,269.48,-15.73,9.31,9.72,1.42,-12.00,-4.00,5.00
16.47,-13.59,93.26,66.06,269.48,-15.73,9.39,9.75,1.50,-11.00,-3.00,8.00
16.48,-13.62,93.25,65.01,270.53,-15.73,9.39,9.75,1.53,-14.00,3.00,9.00
16.49,-13.61,93.25,65.01,269.48,-15.73,9.36,9.72,1.42,-10.00,2.00,3.00
16.48,-13.60,93.25,66.06,270.53,-15.73,9.42,9.78,1.56,-8.00,3.00,0.00
16.49,-13.62,93.25,66.06,268.44,-16.78,9.39,9.72,1.47,-2.00,2.00,3.00
16.47,-13.64,93.28,65.01,267.39,-15.73,9.39,9.69,1.47,-8.00,-6.00,6.00
16.47,-13.64,93.26,67.11,269.48,-16.78,9.44,9.69,1.50,-23.00,-2.00,0.00
16.44,-13.66,93.26,66.06,271.58,-15.73,9.39,9.78,1.50,-21.00,-17.00,-6.00
16.42,-13.65,93.25,67.11,271.58,-16.78,9.33,9.72,1.47,-17.00,-17.00,-11.00
16.39,-13.65,93.27,66.06,269.48,-16.78,9.42,9.81,1.47,-10.00,-19.00,-13.00
16.36,-13.64,93.30,65.01,269.48,-13.63,9.33,9.72,1.53,-10.00,-15.00,-12.00
16.37,-13.61,93.25,66.06,270.53,-13.63,9.33,9.72,1.53,-10.00,-13.00,-10.00
16.38,-13.61,93.20,63.96,268.44,-14.68,9.39,9.78,1.44,-12.00,-6.00,-8.00
16.39,-13.58,93.18,63.96,268.44,-15.73,9.36,9.72,1.53,-16.00,3.00,-7.00
16.41,-13.55,93.17,66.06,269.48,-16.78,9.44,9.69,1.53,-16.00,10.00,-8.00
16.41,-13.58,93.18,72.35,271.58,-19.92,9.39,9.75,1.42,-17.00,7.00,5.00
16.27,-13.73,93.31,96.47,267.39,-29.36,9.39,9.78,1.42,3.00,-75.00,27.00
15.90,-14.28,93.38,89.13,241.17,-32.51,9.36,9.64,1.42,-196.00,-205.00,8.00
15.59,-14.63,93.01,53.48,211.81,-30.41,9.36,9.67,1.53,-598.00,-156.00,-153.00
15.49,-14.19,92.14,27.26,195.04,-27.26,9.39,9.58,1.75,-858.00,-60.00,-300.00
15.70,-13.49,90.38,30.41,197.13,-30.41,9.31,9.56,1.89,-1403.00,134.00,-324.00
16.10,-12.68,88.15,28.31,206.57,-24.12,9.17,9.39,2.28,-1798.00,300.00,-441.00
16.72,-11.74,85.57,27.26,220.20,-3.15,9.06,9.28,2.44,-2070.00,486.00,-480.00
17.55,-10.71,82.66,27.26,234.88,20.97,8.94,8.86,2.97,-2199.00,676.00,-469.00
18.51,-9.82,79.58,36.70,231.74,51.38,8.83,8.67,3.31,-2220.00,750.00,-300.00
19.80,-9.36,76.18,30.41,283.12,83.89,8.61,8.31,3.67,-2183.00,953.00,-63.00
21.29,-8.68,73.33,41.94,313.52,106.95,8.56,8.14,3.97,-1716.00,1121.00,36.00
22.64,-8.26,71.41,51.38,296.75,135.27,8.31,7.81,4.36,-1139.00,1069.00,99.00
23.84,-8.07,69.45,42.99,304.09,159.38,8.22,7.67,4.47,-1016.00,934.00,164.00
24.62,-7.85,67.95,42.99,324.01,162.53,8.06,7.53,4.72,-740.00,676.00,133.00
25.07,-7.87,67.28,58.72,325.06,167.77,8.11,7.44,4.67,-319.00,422.00,212.00
25.13,-8.18,67.21,63.96,303.04,159.38,8.14,7.42,4.78,67.00,142.00,282.00
24.89,-8.86,67.51,63.96,293.60,143.65,8.14,7.50,4.67,374.00,-136.00,383.00
24.35,-9.70,68.25,59.77,286.26,131.07,8.28,7.56,4.56,653.00,-363.00,406.00
23.63,-10.52,69.38,57.67,274.73,122.68,8.36,7.58,4.39,892.00,-483.00,389.00
22.79,-11.29,70.64,57.67,260.05,109.05,8.53,7.78,4.08,1016.00,-572.00,369.00
21.91,-12.05,71.94,57.67,254.80,95.42,8.67,7.83,4.03,1056.00,-582.00,365.00
20.99,-12.71,73.39,59.77,251.66,83.89,8.81,8.06,3.86,1099.00,-610.00,324.00
20.07,-13.34,74.94,67.11,242.22,73.40,8.86,8.11,3.64,1126.00,-598.00,305.00
19.05,-14.09,76.49,68.16,238.03,60.82,8.92,8.25,3.42,1099.00,-661.00,284.00
18.02,-14.78,78.05,66.06,242.22,47.19,9.11,8.44,3.19,1023.00,-658.00,265.00
17.01,-15.23,79.74,65.01,246.42,40.89,9.25,8.47,3.08,1002.00,-598.00,206.00
16.24,-15.44,81.35,70.25,244.32,29.36,9.36,8.61,2.78,982.00,-447.00,128.00
15.47,-15.67,83.02,72.35,251.66,16.78,9.33,8.75,2.72,961.00,-419.00,85.00
14.72,-15.83,84.81,72.35,250.61,14.68,9.44,8.89,2.50,938.00,-407.00,44.00
13.98,-15.93,86.38,73.40,249.56,5.24,9.53,8.97,2.39,872.00,-431.00,29.00
13.28,-16.12,87.84,68.16,252.71,1.05,9.50,9.00,2.19,750.00,-433.00,80.00
12.71,-16.02,89.18,68.16,251.66,-1.05,9.61,9.08,2.06,714.00,-366.00,-4.00
12.34,-15.91,90.28,68.16,254.80,-3.15,9.69,9.19,1.89,640.00,-255.00,-19.00
12.07,-15.74,91.23,71.30,251.66,-9.44,9.67,9.25,1.89,592.00,-216.00,-49.00
11.88,-15.68,92.16,70.25,259.00,-9.44,9.64,9.36,1.72,547.00,-180.00,-45.00
11.75,-15.58,92.92,68.16,261.10,-9.44,9.61,9.42,1.64,507.00,-155.00,-29.00
11.63,-15.43,93.55,70.25,263.19,-13.63,9.61,9.50,1.47,464.00,-173.00,-28.00
11.54,-15.37,94.11,71.30,264.24,-18.87,9.69,9.56,1.47,397.00,-148.00,-2.00
11.48,-15.32,94.67,67.11,265.29,-19.92,9.64,9.44,1.42,370.00,-126.00,-7.00
11.51,-15.17,95.16,68.16,263.19,-18.87,9.69,9.64,1.31,356.00,-75.00,-20.00
11.63,-15.08,95.51,67.11,261.10,-22.02,9.61,9.64,1.25,317.00,-23.00,-14.00
11.76,-15.01,95.84,69.21,260.05,-23.07,9.64,9.64,1.28,280.00,-18.00,0.00
11.88,-15.03,96.11,72.35,261.10,-25.17,9.69,9.67,1.25,238.00,-22.00,26.00
12.05,-15.12,96.31,70.25,263.19,-26.21,9.64,9.67,1.17,188.00,14.00,42.00
12.21,-15.15,96.49,70.25,264.24,-29.36,9.64,9.69,1.11,176.00,15.00,34.00
12.39,-15.14,96.71,72.35,264.24,-28.31,9.69,9.78,1.06,175.00,40.00,9.00
12.62,-15.14,96.82,73.40,263.19,-32.51,9.69,9.69,1.11,136.00,65.00,-8.00
12.80,-15.16,96.99,77.59,265.29,-32.51,9.56,9.78,1.08,120.00,44.00,-15.00
13.00,-15.21,97.09,72.35,263.19,-36.70,9.64,9.75,1.06,84.00,45.00,-45.00
13.17,-15.13,97.24,75.50,264.24,-34.60,9.61,9.81,1.08,61.00,40.00,-59.00
13.34,-15.12,97.31,76.55,266.34,-34.60,9.61,9.75,1.06,40.00,31.00,-63.00
13.50,-15.13,97.32,76.55,264.24,-34.60,9.58,9.75,1.08,11.00,21.00,-50.00
13.66,-15.16,97.33,72.35,264.24,-36.70,9.58,9.75,1.11,-2.00,18.00,-44.00
13.78,-15.11,97.35,72.35,266.34,-35.65,9.58,9.72,1.08,-23.00,3.00,-32.00
13.89,-15.08,97.34,71.30,267.39,-34.60,9.58,9.81,1.08,-28.00,-3.00,-25.00
14.00,-15.03,97.30,72.35,268.44,-33.55,9.64,9.81,1.11,-32.00,-4.00,-16.00
14.12,-15.01,97.25,70.25,266.34,-33.55,9.56,9.83,1.03,-32.00,-1.00,-11.00
14.23,-14.96,97.19,70.25,267.39,-31.46,9.61,9.78,1.11,-35.00,1.00,-11.00
14.36,-14.91,97.09,71.30,268.44,-33.55,9.53,9.81,1.08,-42.00,7.00,-10.00
14.48,-14.88,97.04,70.25,268.44,-30.41,9.61,9.81,1.14,-40.00,7.00,-14.00
14.61,-14.83,96.92,69.21,268.44,-32.51,9.64,9.78,1.14,-40.00,7.00,-15.00
14.72,-14.76,96.87,70.25,269.48,-32.51,9.56,9.81,1.14,-38.00,12.00,-21.00
14.84,-14.70,96.81,70.25,269.48,-31.46,9.61,9.75,1.19,-38.00,11.00,-28.00
14.96,-14.64,96.75,71.30,268.44,-32.51,9.56,9.81,1.14,-34.00,11.00,-31.00
15.06,-14.61,96.71,69.21,268.44,-31.46,9.53,9.78,1.22,-33.00,12.00,-35.00
15.17,-14.54,96.66,70.25,268.44,-28.31,9.53,9.86,1.11,-35.00,6.00,-35.00
15.27,-14.49,96.55,70.25,268.44,-29.36,9.61,9.81,1.19,-38.00,3.00,-36.00
15.36,-14.46,96.47,70.25,267.39,-31.46,9.42,9.83,1.17,-37.00,2.00,-30.00
15.44,-14.44,96.44,69.21,267.39,-31.46,9.56,9.83,1.19,-36.00,-2.00,-27.00
15.50,-14.40,96.43,70.25,268.44,-29.36,9.56,9.83,1.19,-30.00,-4.00,-23.00
15.57,-14.39,96.37,69.21,269.48,-29.36,9.53,9.83,1.17,-32.00,-5.00,-20.00
15.63,-14.36,96.32,69.21,269.48,-31.46,9.53,9.83,1.17,-32.00,-8.00,-18.00
15.66,-14.32,96.31,71.30,269.48,-34.60,9.56,9.81,1.19,-31.00,-16.00,-23.00
15.65,-14.31,96.40,72.35,268.44,-30.41,9.61,9.83,1.11,-19.00,-34.00,-26.00
15.64,-14.33,96.36,69.21,268.44,-29.36,9.47,9.81,1.14,-43.00,-38.00,-30.00
15.66,-14.29,96.28,67.11,267.39,-30.41,9.47,9.83,1.19,-57.00,-34.00,-28.00
15.67,-14.22,96.23,68.16,267.39,-29.36,9.56,9.86,1.14,-62.00,-35.00,-26.00
15.68,-14.18,96.16,68.16,269.48,-30.41,9.50,9.83,1.25,-64.00,-33.00,-24.00
15.69,-14.14,96.11,67.11,270.53,-27.26,9.50,9.81,1.17,-61.00,-35.00,-21.00
15.72,-14.08,96.01,67.11,270.53,-28.31,9.56,9.83,1.17,-59.00,-27.00,-21.00
15.74,-14.04,95.93,66.06,268.44,-28.31,9.53,9.78,1.17,-56.00,-17.00,-15.00
15.77,-13.99,95.88,66.06,268.44,-25.17,9.47,9.86,1.17,-49.00,-7.00,-11.00
15.83,-13.97,95.77,68.16,271.58,-26.21,9.47,9.81,1.19,-47.00,0.00,-5.00
15.88,-13.97,95.68,67.11,269.48,-27.26,9.50,9.78,1.22,-43.00,3.00,0.00
15.93,-13.97,95.64,67.11,269.48,-28.31,9.50,9.75,1.22,-39.00,5.00,2.00
15.97,-13.97,95.62,68.16,268.44,-26.21,9.44,9.78,1.17,-35.00,13.00,1.00
16.03,-13.99,95.57,68.16,270.53,-25.17,9.53,9.81,1.17,-30.00,18.00,-3.00
16.08,-13.98,95.51,69.21,268.44,-28.31,9.50,9.72,1.25,-25.00,12.00,-9.00
16.11,-14.01,95.53,69.21,269.48,-28.31,9.47,9.78,1.25,-22.00,8.00,-12.00
16.15,-14.02,95.55,70.25,268.44,-27.26,9.56,9.78,1.25,-21.00,6.00,-13.00
16.17,-14.06,95.54,69.21,269.48,-27.26,9.56,9.83,1.19,-20.00,0.00,-12.00
16.19,-14.06,95.54,69.21,267.39,-26.21,9.56,9.81,1.25,-22.00,-2.00,-14.00
16.21,-14.08,95.52,68.16,269.48,-28.31,9.47,9.83,1.25,-20.00,-6.00,-17.00
16.22,-14.05,95.55,68.16,269.48,-26.21,9.50,9.78,1.31,-18.00,-11.00,-18.00
16.25,-14.04,95.52,68.16,268.44,-27.26,9.42,9.86,1.22,-26.00,-8.00,-14.00
16.28,-14.04,95.51,67.11,267.39,-29.36,9.50,9.75,1.25,-27.00,-4.00,-11.00
16.29,-14.02,95.55,67.11,268.44,-29.36,9.42,9.75,1.25,-26.00,0.00,-13.00
16.32,-14.00,95.56,69.21,268.44,-27.26,9.53,9.75,1.33,-37.00,5.00,-10.00
16.37,-14.03,95.52,68.16,268.44,-28.31,9.47,9.83,1.25,-48.00,14.00,-6.00
16.42,-14.05,95.44,68.16,264.24,-31.46,9.47,9.81,1.25,-89.00,19.00,7.00
16.46,-14.12,95.40,70.25,260.05,-32.51,9.50,9.78,1.31,-119.00,34.00,20.00
16.49,-14.26,95.27,69.21,248.51,-32.51,9.50,9.69,1.33,-211.00,26.00,35.00
16.61,-14.45,94.81,59.77,223.35,-26.21,9.50,9.72,1.36,-461.00,100.00,44.00
16.82,-14.60,93.78,48.23,213.91,-20.97,9.44,9.58,1.56,-800.00,156.00,74.00
17.24,-14.55,92.23,54.53,216.01,-10.49,9.50,9.58,1.67,-1125.00,274.00,29.00
17.66,-14.55,90.14,42.99,221.25,-3.15,9.44,9.28,2.00,-1458.00,279.00,11.00
18.34,-14.29,87.62,53.48,244.32,1.05,9.47,9.08,2.28,-1725.00,460.00,-16.00
19.04,-14.08,85.12,66.06,266.34,10.49,9.36,8.81,2.67,-1808.00,529.00,7.00
19.72,-13.92,82.79,66.06,267.39,34.60,9.33,8.67,2.78,-1734.00,536.00,-46.00
20.43,-13.86,80.29,53.48,265.29,58.72,9.28,8.31,3.17,-1650.00,544.00,46.00
21.32,-13.46,77.59,55.57,276.82,75.50,9.17,8.14,3.42,-1597.00,646.00,30.00
22.19,-13.23,75.14,61.87,300.94,73.40,9.14,7.83,3.64,-1428.00,640.00,148.00
23.13,-13.06,73.53,84.93,310.38,93.32,9.03,7.69,3.86,-1038.00,761.00,194.00
23.85,-13.16,72.41,96.47,291.50,115.34,8.92,7.47,4.03,-652.00,618.00,196.00
24.14,-13.64,71.41,84.93,292.55,122.68,8.94,7.44,4.08,-462.00,249.00,252.00
24.26,-13.99,70.85,87.03,299.89,121.63,8.89,7.36,4.17,-166.00,142.00,248.00
24.21,-14.31,70.64,91.23,290.46,122.68,8.97,7.25,4.14,-6.00,40.00,209.00
23.88,-14.77,70.79,91.23,279.97,115.34,9.06,7.31,4.00,243.00,-161.00,209.00
23.29,-15.29,71.31,87.03,269.48,104.86,9.11,7.33,4.00,467.00,-319.00,176.00
22.58,-15.80,72.09,84.93,264.24,94.37,9.19,7.50,3.83,616.00,-413.00,156.00
21.73,-16.20,73.14,81.79,257.95,85.98,9.14,7.50,3.83,735.00,-474.00,93.00
20.87,-16.49,74.31,80.74,257.95,75.50,9.36,7.72,3.53,807.00,-490.00,42.00
19.95,-16.70,75.66,87.03,255.85,66.06,9.39,7.83,3.44,867.00,-489.00,15.00
18.91,-17.00,77.13,85.98,249.56,61.87,9.44,8.03,3.22,898.00,-576.00,-22.00
17.85,-17.28,78.53,82.84,246.42,54.53,9.53,8.08,3.06,886.00,-611.00,-28.00
16.79,-17.49,79.89,80.74,247.46,48.23,9.58,8.25,2.83,854.00,-630.00,-28.00
15.77,-17.60,81.22,85.98,246.42,38.80,9.61,8.36,2.72,830.00,-609.00,-34.00
14.78,-17.82,82.59,91.23,238.03,32.51,9.72,8.44,2.47,803.00,-596.00,-22.00
13.92,-18.16,83.80,82.84,230.69,28.31,9.75,8.56,2.33,723.00,-521.00,-20.00
13.29,-18.32,84.75,78.64,240.12,18.87,9.83,8.69,2.19,598.00,-388.00,-16.00
12.68,-18.27,85.76,83.89,254.80,4.19,9.86,8.75,2.11,558.00,-358.00,-46.00
11.98,-18.17,87.01,85.98,254.80,0.00,9.92,8.83,1.92,535.00,-377.00,-91.00
11.21,-18.10,88.20,77.59,250.61,-1.05,9.94,8.86,1.86,495.00,-440.00,-102.00
10.63,-17.89,89.15,72.35,255.85,-4.19,9.92,9.00,1.72,411.00,-363.00,-95.00
10.17,-17.56,89.98,73.40,263.19,-8.39,9.92,8.97,1.64,367.00,-300.00,-90.00
9.84,-17.17,90.73,69.21,261.10,-9.44,9.89,9.11,1.58,335.00,-226.00,-136.00
9.56,-16.77,91.37,73.40,262.14,-12.58,9.94,9.17,1.47,299.00,-224.00,-123.00
9.39,-16.49,91.96,69.21,265.29,-12.58,9.92,9.19,1.44,276.00,-153.00,-114.00
9.33,-16.16,92.43,71.30,264.24,-17.83,9.97,9.25,1.33,255.00,-98.00,-105.00
9.22,-15.91,93.01,76.55,269.48,-17.83,10.03,9.22,1.17,285.00,-117.00,-97.00
9.13,-15.72,93.52,75.50,265.29,-17.83,9.94,9.33,1.25,282.00,-104.00,-128.00
9.11,-15.58,93.96,80.74,265.29,-15.73,9.89,9.33,1.22,265.00,-88.00,-106.00
9.17,-15.57,94.25,72.35,262.14,-15.73,9.92,9.39,1.11,235.00,-58.00,-90.00
9.21,-15.45,94.50,73.40,262.14,-16.78,9.89,9.39,1.14,211.00,-70.00,-72.00
9.31,-15.38,94.71,71.30,265.29,-19.92,9.83,9.47,1.06,202.00,-33.00,-62.00
9.38,-15.24,94.97,74.45,266.34,-22.02,9.89,9.39,1.06,203.00,-44.00,-67.00
9.49,-15.17,95.20,71.30,264.24,-24.12,9.89,9.50,1.06,177.00,-17.00,-73.00
9.59,-15.07,95.44,72.35,265.29,-24.12,9.81,9.53,1.00,164.00,-19.00,-66.00
9.71,-14.99,95.64,72.35,267.39,-25.17,9.86,9.53,0.94,154.00,-17.00,-65.00
9.81,-14.91,95.81,74.45,264.24,-28.31,9.83,9.58,1.00,135.00,-16.00,-58.00
9.88,-14.92,95.99,72.35,263.19,-27.26,9.78,9.61,1.00,99.00,-36.00,-43.00
9.96,-14.89,96.08,70.25,262.14,-28.31,9.78,9.56,0.97,59.00,-41.00,-41.00
10.05,-14.84,96.12,69.21,266.34,-28.31,9.89,9.61,0.89,13.00,-35.00,-39.00
10.13,-14.75,96.13,68.16,266.34,-29.36,9.86,9.61,0.86,-2.00,-24.00,-36.00
10.22,-14.67,96.13,70.25,267.39,-28.31,9.81,9.61,0.97,-14.00,-10.00,-26.00
10.36,-14.64,96.10,69.21,268.44,-28.31,9.81,9.72,0.86,-19.00,4.00,-17.00
10.48,-14.60,96.06,69.21,268.44,-28.31,9.78,9.67,0.89,-22.00,3.00,-14.00
10.59,-14.56,96.02,71.30,268.44,-27.26,9.78,9.69,0.89,-28.00,5.00,-16.00
10.72,-14.56,95.96,70.25,269.48,-28.31,9.75,9.58,0.94,-27.00,11.00,-18.00
10.85,-14.53,95.93,70.25,268.44,-28.31,9.72,9.72,0.89,-23.00,15.00,-17.00
10.97,-14.52,95.90,68.16,268.44,-27.26,9.86,9.61,0.92,-23.00,18.00,-14.00
11.10,-14.47,95.85,69.21,269.48,-28.31,9.83,9.64,0.92,-24.00,25.00,-15.00
11.23,-14.44,95.83,69.21,269.48,-27.26,9.75,9.58,0.94,-24.00,26.00,-17.00
11.36,-14.41,95.78,69.21,268.44,-27.26,9.83,9.64,0.94,-27.00,26.00,-19.00
11.49,-14.38,95.73,69.21,268.44,-26.21,9.69,9.64,0.97,-29.00,34.00,-19.00
11.64,-14.36,95.67,70.25,267.39,-26.21,9.78,9.64,0.97,-24.00,36.00,-19.00
11.78,-14.38,95.62,70.25,267.39,-26.21,9.72,9.61,0.97,-25.00,36.00,-15.00
11.91,-14.39,95.57,72.35,268.44,-27.26,9.78,9.75,0.97,-27.00,37.00,-15.00
12.03,-14.43,95.54,70.25,267.39,-26.21,9.78,9.67,1.03,-33.00,36.00,-13.00
12.16,-14.44,95.48,69.21,267.39,-26.21,9.72,9.61,1.03,-37.00,39.00,-14.00
12.29,-14.43,95.43,71.30,268.44,-27.26,9.75,9.67,1.03,-41.00,34.00,-13.00
12.39,-14.45,95.40,71.30,270.53,-26.21,9.75,9.58,1.11,-39.00,31.00,-14.00
12.51,-14.46,95.35,69.21,269.48,-26.21,9.72,9.58,1.00,-38.00,27.00,-14.00
12.60,-14.43,95.32,70.25,269.48,-25.17,9.69,9.69,1.00,-35.00,25.00,-13.00
12.69,-14.43,95.26,71.30,269.48,-24.12,9.75,9.69,1.06,-36.00,21.00,-9.00
12.78,-14.46,95.21,70.25,269.48,-24.12,9.78,9.72,1.06,-28.00,16.00,-7.00
12.87,-14.46,95.15,69.21,267.39,-24.12,9.72,9.64,1.06,-31.00,17.00,-6.00
12.94,-14.46,95.12,70.25,268.44,-25.17,9.64,9.67,1.06,-25.00,16.00,-2.00
13.02,-14.47,95.10,70.25,269.48,-22.02,9.69,9.64,1.03,-26.00,15.00,-1.00
13.10,-14.48,95.02,70.25,269.48,-23.07,9.69,9.58,1.03,-29.00,16.00,-6.00
13.16,-14.47,94.97,69.21,268.44,-25.17,9.72,9.64,1.08,-25.00,15.00,-9.00
13.22,-14.46,94.98,70.25,268.44,-25.17,9.67,9.61,1.11,-21.00,13.00,-10.00
13.28,-14.46,94.98,68.16,268.44,-24.12,9.78,9.61,1.11,-20.00,9.00,-7.00
13.34,-14.43,94.96,70.25,266.34,-25.17,9.75,9.64,1.08,-25.00,12.00,-5.00
13.39,-14.45,94.96,68.16,268.44,-22.02,9.64,9.64,1.08,-32.00,13.00,-5.00
13.46,-14.42,94.88,69.21,269.48,-24.12,9.67,9.69,1.06,-33.00,16.00,-5.00
13.51,-14.42,94.87,71.30,269.48,-22.02,9.64,9.58,1.06,-28.00,13.00,-2.00
13.57,-14.46,94.81,70.25,268.44,-23.07,9.67,9.64,1.14,-24.00,13.00,2.00
13.63,-14.48,94.79,70.25,269.48,-22.02,9.72,9.56,1.11,-23.00,12.00,4.00
13.68,-14.50,94.75,71.30,270.53,-19.92,9.67,9.67,1.06,-21.00,12.00,6.00
13.73,-14.52,94.67,70.25,268.44,-20.97,9.67,9.58,1.14,-17.00,10.00,2.00
13.78,-14.54,94.65,71.30,268.44,-24.12,9.72,9.61,1.06,-7.00,5.00,3.00
13.78,-14.57,94.69,70.25,266.34,-19.92,9.64,9.56,1.11,-8.00,-4.00,2.00
13.84,-14.59,94.61,72.35,268.44,-19.92,9.64,9.61,1.11,-24.00,9.00,0.00
13.88,-14.62,94.56,71.30,270.53,-20.97,9.64,9.56,1.11,-16.00,2.00,-6.00
13.91,-14.62,94.53,70.25,268.44,-22.02,9.69,9.72,1.08,-14.00,-1.00,-9.00
13.93,-14.61,94.54,71.30,268.44,-20.97,9.64,9.67,1.17,-9.00,-3.00,-10.00
13.96,-14.62,94.53,70.25,267.39,-23.07,9.72,9.67,1.11,-6.00,-6.00,-8.00
13.96,-14.62,94.56,70.25,267.39,-22.02,9.69,9.56,1.19,-12.00,-3.00,-4.00
13.99,-14.62,94.56,71.30,268.44,-22.02,9.72,9.64,1.14,-13.00,-5.00,-3.00
14.00,-14.63,94.56,71.30,268.44,-23.07,9.75,9.64,1.08,-13.00,-7.00,-4.00
14.00,-14.65,94.58,69.21,268.44,-24.12,9.75,9.64,1.03,-11.00,-9.00,-3.00
13.98,-14.62,94.63,70.25,268.44,-20.97,9.69,9.64,1.14,-8.00,-7.00,-3.00
14.01,-14.61,94.61,70.25,269.48,-20.97,9.67,9.61,1.06,-6.00,-3.00,-5.00
14.02,-14.60,94.59,69.21,267.39,-23.07,9.69,9.56,1.08,-6.00,-2.00,-6.00
14.03,-14.58,94.62,69.21,269.48,-22.02,9.69,9.64,1.03,-7.00,-1.00,-6.00
14.04,-14.55,94.62,71.30,268.44,-23.07,9.69,9.67,1.14,-5.00,-2.00,-5.00
14.06,-14.57,94.65,71.30,268.44,-22.02,9.69,9.53,1.08,-3.00,-1.00,-5.00
14.07,-14.59,94.65,71.30,269.48,-23.07,9.67,9.67,1.11,-1.00,-2.00,-5.00
14.09,-14.59,94.67,69.21,267.39,-24.12,9.64,9.58,1.14,-8.00,0.00,-9.00
14.11,-14.57,94.70,73.40,266.34,-27.26,9.69,9.67,1.08,-14.00,4.00,-9.00
14.11,-14.67,94.78,83.89,262.14,-32.51,9.75,9.64,1.00,-25.00,6.00,16.00
13.99,-15.00,94.94,74.45,243.27,-31.46,9.72,9.69,1.11,-54.00,-40.00,36.00
13.86,-15.20,94.90,52.43,229.64,-25.17,9.72,9.61,1.14,-218.00,-69.00,21.00
13.95,-15.00,94.31,41.94,231.74,-23.07,9.72,9.58,1.17,-484.00,47.00,-21.00
14.29,-14.60,93.34,45.09,241.17,-22.02,9.75,9.50,1.31,-720.00,221.00,-47.00
14.80,-14.19,92.14,46.14,241.17,-17.83,9.58,9.42,1.50,-884.00,361.00,-63.00
15.46,-13.79,90.68,34.60,233.83,-3.15,9.61,9.36,1.81,-1066.00,465.00,-93.00
16.52,-13.16,88.69,20.97,238.03,9.44,9.53,9.22,1.89,-1273.00,724.00,-157.00
17.94,-12.30,86.28,31.46,252.71,12.58,9.36,9.03,2.42,-1462.00,1010.00,-110.00
19.40,-11.58,84.03,65.01,273.68,14.68,9.25,8.97,2.61,-1460.00,1070.00,-64.00
20.83,-11.44,82.17,70.25,283.12,27.26,9.08,8.72,2.97,-1312.00,1120.00,-70.00
22.06,-11.38,80.46,68.16,281.02,49.28,8.97,8.61,3.14,-1183.00,989.00,-42.00
23.29,-11.13,78.74,60.82,272.63,65.01,8.75,8.36,3.50,-1022.00,1012.00,-121.00
24.43,-10.92,77.02,75.50,278.92,72.35,8.64,8.31,3.72,-929.00,909.00,-22.00
25.29,-11.06,75.72,78.64,282.07,78.64,8.56,8.14,3.97,-704.00,725.00,44.00
25.90,-11.35,74.71,79.69,276.82,91.23,8.50,8.06,4.08,-542.00,541.00,119.00
26.22,-11.76,73.85,78.64,281.02,97.52,8.47,8.00,4.17,-383.00,317.00,150.00
26.40,-12.10,73.14,73.40,281.02,103.81,8.39,7.83,4.22,-290.00,230.00,144.00
26.31,-12.42,72.69,76.55,278.92,102.76,8.47,7.86,4.25,-126.00,24.00,149.00
25.97,-12.86,72.58,76.55,285.21,100.66,8.47,7.83,4.22,62.00,-149.00,163.00
25.42,-13.28,72.85,73.40,275.78,97.52,8.56,7.83,4.14,247.00,-283.00,146.00
24.72,-13.69,73.31,71.30,270.53,91.23,8.64,7.92,4.11,382.00,-391.00,140.00
23.94,-14.02,74.02,68.16,270.53,84.93,8.81,8.03,3.97,526.00,-448.00,101.00
23.08,-14.26,74.92,70.25,268.44,77.59,8.86,8.00,3.86,629.00,-478.00,79.00
22.13,-14.48,76.02,70.25,266.34,71.30,8.89,8.22,3.64,719.00,-547.00,40.00
21.14,-14.68,77.16,70.25,262.14,65.01,9.06,8.36,3.47,745.00,-567.00,31.00
20.07,-14.88,78.35,72.35,260.05,59.77,9.08,8.44,3.31,764.00,-623.00,21.00
19.01,-15.10,79.56,72.35,262.14,55.57,9.11,8.53,3.14,791.00,-638.00,21.00
18.00,-15.29,80.78,74.45,261.10,42.99,9.31,8.67,2.89,812.00,-628.00,39.00
16.93,-15.51,82.18,73.40,261.10,36.70,9.36,8.75,2.78,842.00,-637.00,37.00
15.97,-15.62,83.58,73.40,260.05,29.36,9.50,8.81,2.44,850.00,-587.00,7.00
15.09,-15.62,84.96,70.25,260.05,20.97,9.42,8.97,2.42,849.00,-515.00,-46.00
14.32,-15.48,86.36,72.35,256.90,4.19,9.50,9.17,2.08,845.00,-469.00,-96.00
13.51,-15.40,87.96,75.50,252.71,-1.05,9.50,9.22,2.03,827.00,-448.00,-97.00
12.74,-15.44,89.40,70.25,254.80,-6.29,9.50,9.33,1.75,740.00,-465.00,-67.00
11.99,-15.42,90.68,67.11,253.76,-11.53,9.61,9.36,1.67,640.00,-473.00,-12.00
11.32,-15.31,91.83,65.01,255.85,-14.68,9.58,9.47,1.47,560.00,-441.00,-18.00
10.81,-15.12,92.80,65.01,253.76,-18.87,9.67,9.47,1.47,493.00,-359.00,-45.00
10.46,-14.95,93.66,67.11,259.00,-24.12,9.75,9.56,1.17,432.00,-282.00,-53.00
10.10,-14.78,94.48,66.06,255.85,-27.26,9.72,9.61,1.25,394.00,-266.00,-65.00
9.84,-14.65,95.17,67.11,255.85,-28.31,9.72,9.67,1.06,319.00,-235.00,-45.00
9.64,-14.60,95.75,67.11,262.14,-29.36,9.67,9.56,1.03,277.00,-198.00,-22.00
9.48,-14.51,96.21,66.06,261.10,-31.46,9.75,9.75,0.94,238.00,-190.00,-20.00
9.37,-14.42,96.61,66.06,264.24,-34.60,9.72,9.75,0.92,197.00,-159.00,-15.00
9.32,-14.33,96.98,68.16,266.34,-34.60,9.72,9.75,0.92,171.00,-121.00,-23.00
9.30,-14.25,97.28,70.25,268.44,-30.41,9.86,9.69,0.86,152.00,-127.00,-35.00
9.29,-14.20,97.41,65.01,265.29,-33.55,9.69,9.72,0.72,118.00,-126.00,-42.00
9.32,-14.08,97.52,66.06,264.24,-34.60,9.72,9.75,0.89,67.00,-89.00,-37.00
9.40,-13.98,97.62,65.01,267.39,-35.65,9.69,9.78,0.78,58.00,-73.00,-53.00
9.47,-13.85,97.71,65.01,267.39,-33.55,9.78,9.72,0.78,49.00,-64.00,-53.00
9.60,-13.76,97.70,67.11,268.44,-35.65,9.69,9.75,0.75,22.00,-30.00,-47.00
9.71,-13.69,97.74,62.91,267.39,-34.60,9.83,9.83,0.67,22.00,-38.00,-53.00
9.83,-13.57,97.72,65.01,267.39,-32.51,9.64,9.89,0.72,11.00,-14.00,-51.00
10.00,-13.50,97.65,65.01,268.44,-31.46,9.64,9.78,0.72,-3.00,-1.00,-47.00
10.18,-13.44,97.54,63.96,268.44,-33.55,9.75,9.83,0.67,-9.00,11.00,-50.00
10.35,-13.37,97.47,65.01,269.48,-33.55,9.67,9.86,0.72,-15.00,24.00,-41.00
10.53,-13.34,97.42,67.11,267.39,-32.51,9.69,9.86,0.69,-11.00,28.00,-33.00
10.70,-13.37,97.34,66.06,269.48,-32.51,9.67,9.86,0.69,-19.00,32.00,-30.00
10.88,-13.37,97.24,66.06,268.44,-33.55,9.72,9.83,0.78,-28.00,42.00,-28.00
11.06,-13.37,97.17,63.96,269.48,-32.51,9.64,9.86,0.78,-36.00,47.00,-25.00
11.25,-13.33,97.08,65.01,270.53,-33.55,9.61,9.83,0.75,-39.00,48.00,-29.00
11.42,-13.31,97.01,65.01,270.53,-31.46,9.67,9.83,0.81,-36.00,51.00,-28.00
11.60,-13.30,96.92,65.01,269.48,-32.51,9.67,9.86,0.78,-33.00,49.00,-24.00
11.76,-13.30,96.85,66.06,268.44,-30.41,9.61,9.86,0.81,-35.00,51.00,-14.00
11.93,-13.34,96.75,66.06,268.44,-30.41,9.61,9.89,0.78,-39.00,51.00,-9.00
12.08,-13.38,96.65,67.11,270.53,-31.46,9.67,9.86,0.75,-41.00,47.00,-6.00
12.21,-13.42,96.58,66.06,269.48,-31.46,9.61,9.86,0.78,-41.00,44.00,-4.00
12.33,-13.45,96.53,66.06,269.48,-30.41,9.58,9.89,0.83,-36.00,39.00,-2.00
12.46,-13.48,96.46,66.06,268.44,-30.41,9.58,9.86,0.83,-36.00,39.00,2.00
12.58,-13.52,96.40,67.11,270.53,-26.21,9.69,9.83,0.89,-38.00,38.00,5.00
12.71,-13.57,96.26,66.06,270.53,-29.36,9.56,9.83,0.81,-39.00,34.00,5.00
12.81,-13.59,96.20,67.11,269.48,-30.41,9.58,9.94,0.92,-30.00,28.00,4.00
12.90,-13.63,96.18,67.11,268.44,-29.36,9.64,9.86,0.86,-29.00,22.00,5.00
12.98,-13.67,96.14,68.16,270.53,-30.41,9.58,9.78,0.83,-30.00,21.00,5.00
13.04,-13.71,96.13,66.06,270.53,-28.31,9.64,9.89,0.97,-29.00,18.00,0.00
13.13,-13.70,96.07,66.06,271.58,-29.36,9.64,9.89,1.00,-31.00,15.00,-4.00
13.22,-13.69,96.05,66.06,270.53,-30.41,9.61,9.92,0.92,-22.00,11.00,-5.00
13.27,-13.68,96.06,68.16,271.58,-28.31,9.56,9.83,0.89,-18.00,5.00,-3.00
13.32,-13.70,96.03,66.06,269.48,-29.36,9.56,9.83,0.94,-18.00,2.00,-6.00
13.38,-13.69,96.02,67.11,269.48,-30.41,9.58,9.89,0.89,-22.00,5.00,-8.00
13.42,-13.71,96.03,68.16,269.48,-31.46,9.61,9.86,0.89,-21.00,1.00,-3.00
13.44,-13.75,96.06,67.11,270.53,-29.36,9.56,9.89,1.00,-23.00,-2.00,-2.00
13.50,-13.75,96.05,66.06,269.48,-29.36,9.58,9.83,0.92,-23.00,-3.00,-6.00
13.53,-13.73,96.04,68.16,268.44,-29.36,9.58,9.83,0.97,-21.00,-6.00,-10.00
13.57,-13.76,96.04,67.11,269.48,-29.36,9.56,9.78,0.97,-21.00,-9.00,-10.00
13.61,-13.76,96.03,66.06,267.39,-31.46,9.64,9.83,0.92,-22.00,-9.00,-8.00
13.63,-13.76,96.06,66.06,268.44,-30.41,9.67,9.89,0.94,-29.00,0.00,-3.00
13.67,-13.76,96.06,65.01,268.44,-29.36,9.58,9.83,0.92,-32.00,3.00,-1.00
13.72,-13.74,96.03,66.06,269.48,-29.36,9.47,9.89,0.94,-34.00,11.00,3.00
13.79,-13.75,96.00,66.06,270.53,-29.36,9.58,9.83,0.94,-33.00,16.00,5.00
13.85,-13.75,95.97,66.06,269.48,-28.31,9.58,9.83,0.94,-31.00,16.00,8.00
13.93,-13.77,95.93,67.11,269.48,-29.36,9.56,9.86,0.92,-30.00,24.00,10.00
13.98,-13.79,95.91,65.01,268.44,-29.36,9.58,9.78,0.94,-29.00,21.00,4.00
14.04,-13.77,95.91,66.06,269.48,-28.31,9.58,9.92,1.00,-26.00,20.00,0.00
14.11,-13.78,95.89,67.11,268.44,-26.21,9.50,9.81,0.97,-16.00,19.00,7.00
14.18,-13.81,95.81,67.11,269.48,-27.26,9.56,9.83,0.94,-34.00,16.00,12.00
14.23,-13.83,95.76,67.11,270.53,-27.26,9.64,9.81,0.94,-35.00,15.00,3.00
14.27,-13.84,95.71,67.11,269.48,-28.31,9.58,9.83,0.94,-34.00,11.00,1.00
14.30,-13.84,95.70,67.11,270.53,-26.21,9.53,9.89,0.89,-34.00,6.00,-7.00
14.33,-13.83,95.65,67.11,271.58,-26.21,9.61,9.83,1.06,-26.00,5.00,-10.00
14.39,-13.82,95.60,66.06,268.44,-26.21,9.61,9.83,1.06,-28.00,12.00,-7.00
14.45,-13.81,95.55,66.06,268.44,-25.17,9.53,9.78,1.03,-34.00,16.00,-3.00
14.50,-13.81,95.48,67.11,269.48,-25.17,9.56,9.86,1.03,-33.00,13.00,-2.00
14.56,-13.82,95.42,67.11,270.53,-23.07,9.64,9.81,1.00,-30.00,16.00,-4.00
14.61,-13.82,95.34,67.11,269.48,-26.21,9.56,9.81,1.06,-25.00,15.00,-4.00
14.65,-13.83,95.32,67.11,268.44,-27.26,9.58,9.81,1.08,-24.00,15.00,0.00
14.69,-13.85,95.33,68.16,268.44,-24.12,9.53,9.78,1.03,-23.00,17.00,0.00
14.73,-13.89,95.29,67.11,268.44,-27.26,9.61,9.78,1.03,-20.00,14.00,3.00
14.74,-13.90,95.30,68.16,269.48,-29.36,9.56,9.75,1.03,-26.00,8.00,-1.00
14.74,-13.92,95.36,73.40,267.39,-30.41,9.53,9.83,1.06,-23.00,6.00,-3.00
14.67,-14.07,95.39,81.79,259.00,-38.80,9.61,9.75,1.08,-68.00,-49.00,23.00
14.51,-14.40,95.39,69.21,233.83,-35.65,9.61,9.78,1.11,-242.00,-78.00,12.00
14.50,-14.52,94.83,45.09,217.06,-32.51,9.58,9.64,1.17,-599.00,14.00,-31.00
14.63,-14.26,93.96,36.70,222.30,-30.41,9.53,9.67,1.42,-769.00,95.00,-67.00
14.97,-13.87,92.65,49.28,226.49,-28.31,9.50,9.56,1.50,-1070.00,224.00,-63.00
15.40,-13.55,91.12,35.65,233.83,-18.87,9.50,9.53,1.78,-1260.00,313.00,-157.00
16.12,-12.95,89.15,38.80,221.25,-4.19,9.42,9.39,1.97,-1490.00,517.00,-168.00
17.00,-12.58,86.73,39.85,238.03,2.10,9.44,9.17,2.22,-1694.00,632.00,-101.00
18.29,-12.13,84.28,35.65,251.66,15.73,9.19,8.94,2.64,-1718.00,963.00,-70.00
19.52,-11.68,81.91,62.91,266.34,37.75,9.14,8.67,2.86,-1667.00,923.00,71.00
20.93,-11.60,79.74,60.82,303.04,50.33,9.00,8.42,3.33,-1347.00,1067.00,22.00
22.16,-11.43,77.86,72.35,308.28,74.45,8.92,8.31,3.56,-1210.00,950.00,94.00
22.84,-11.49,76.32,69.21,307.23,93.32,8.89,8.11,3.75,-930.00,558.00,109.00
23.48,-11.61,75.15,81.79,317.72,109.05,8.81,7.94,3.83,-584.00,507.00,184.00
23.66,-11.92,74.62,83.89,307.23,120.59,8.81,7.97,3.89,-195.00,199.00,205.00
23.57,-12.39,74.46,81.79,299.89,114.29,8.83,7.86,3.89,119.00,-23.00,251.00
23.19,-12.95,74.73,81.79,291.50,104.86,8.94,7.92,3.78,388.00,-227.00,261.00
22.53,-13.54,75.38,77.59,277.87,96.47,8.97,7.97,3.69,609.00,-404.00,235.00
21.78,-14.04,76.24,75.50,262.14,83.89,9.08,8.14,3.56,769.00,-470.00,180.00
21.04,-14.54,77.14,74.45,259.00,71.30,9.14,8.11,3.42,796.00,-466.00,173.00
20.28,-14.96,78.24,72.35,252.71,62.91,9.22,8.31,3.17,849.00,-454.00,146.00
19.42,-15.26,79.42,72.35,252.71,49.28,9.36,8.39,3.06,873.00,-501.00,81.00
18.52,-15.49,80.77,76.55,255.85,42.99,9.28,8.47,2.83,868.00,-508.00,55.00
17.53,-15.73,82.19,74.45,250.61,35.65,9.47,8.64,2.75,875.00,-572.00,24.00
16.55,-15.93,83.54,74.45,253.76,24.12,9.50,8.75,2.44,824.00,-587.00,26.00
15.58,-16.07,84.99,74.45,255.85,14.68,9.58,8.78,2.42,809.00,-558.00,26.00
14.75,-16.06,86.51,73.40,263.19,9.44,9.64,9.00,2.08,822.00,-475.00,-50.00
13.96,-15.91,87.97,74.45,256.90,3.15,9.72,9.06,2.08,815.00,-452.00,-95.00
13.24,-15.77,89.36,70.25,250.61,0.00,9.78,9.14,1.78,776.00,-445.00,-127.00
12.64,-15.59,90.54,69.21,249.56,-2.10,9.69,9.19,1.64,693.00,-384.00,-119.00
12.19,-15.39,91.50,66.06,256.90,-7.34,9.69,9.39,1.53,607.00,-311.00,-129.00
11.85,-15.05,92.42,66.06,257.95,-13.63,9.69,9.39,1.36,578.00,-261.00,-165.00
11.65,-14.74,93.25,66.06,256.90,-18.87,9.69,9.56,1.25,505.00,-155.00,-168.00
11.45,-14.50,94.02,69.21,257.95,-20.97,9.72,9.61,1.19,445.00,-156.00,-137.00
11.31,-14.40,94.65,63.96,259.00,-24.12,9.69,9.72,1.11,373.00,-132.00,-100.00
11.25,-14.21,95.22,65.01,259.00,-29.36,9.64,9.67,1.08,334.00,-86.00,-85.00
11.21,-14.08,95.78,65.01,260.05,-27.26,9.67,9.75,1.00,292.00,-74.00,-78.00
11.24,-13.96,96.17,68.16,259.00,-27.26,9.61,9.69,1.03,258.00,-42.00,-70.00
11.32,-13.98,96.42,66.06,260.05,-29.36,9.64,9.75,0.92,181.00,-30.00,-39.00
11.39,-13.96,96.63,65.01,263.19,-31.46,9.64,9.75,0.92,139.00,-15.00,-26.00
11.45,-13.93,96.79,66.06,264.24,-32.51,9.64,9.81,0.94,95.00,-30.00,-2.00
11.54,-13.93,96.94,65.01,267.39,-32.51,9.67,9.75,0.89,81.00,-13.00,-1.00
11.64,-13.90,97.03,68.16,267.39,-31.46,9.67,9.83,0.92,61.00,1.00,2.00
11.77,-13.93,97.07,66.06,267.39,-33.55,9.61,9.81,0.86,55.00,8.00,-1.00
11.89,-13.91,97.15,67.11,268.44,-35.65,9.61,9.89,0.78,47.00,9.00,-10.00
11.98,-13.88,97.25,67.11,269.48,-34.60,9.64,9.92,0.92,45.00,4.00,-24.00
12.11,-13.83,97.32,67.11,270.53,-33.55,9.56,9.89,0.83,42.00,12.00,-34.00
12.24,-13.77,97.34,67.11,269.48,-33.55,9.64,9.89,0.81,34.00,9.00,-44.00
12.35,-13.73,97.35,68.16,267.39,-33.55,9.61,9.94,0.81,23.00,1.00,-40.00
12.46,-13.72,97.36,68.16,267.39,-32.51,9.56,9.86,0.86,14.00,3.00,-43.00
12.59,-13.69,97.32,66.06,268.44,-34.60,9.53,9.86,0.86,1.00,8.00,-53.00
12.71,-13.62,97.31,66.06,269.48,-34.60,9.50,9.83,0.92,-6.00,10.00,-53.00
12.80,-13.56,97.31,66.06,269.48,-34.60,9.58,9.89,0.86,-10.00,-12.00,-51.00
12.88,-13.49,97.30,66.06,268.44,-33.55,9.56,9.94,0.94,-11.00,-13.00,-54.00
12.99,-13.44,97.25,63.96,269.48,-31.46,9.53,9.89,0.89,-24.00,-9.00,-55.00
13.10,-13.35,97.15,65.01,269.48,-32.51,9.56,10.00,0.89,-39.00,-3.00,-49.00
13.21,-13.30,97.06,61.87,269.48,-33.55,9.47,9.94,0.83,-47.00,7.00,-45.00
13.30,-13.21,96.99,65.01,268.44,-34.60,9.53,9.97,0.89,-51.00,10.00,-40.00
13.40,-13.18,96.96,63.96,273.68,-31.46,9.64,9.97,0.86,-45.00,11.00,-41.00
13.49,-13.13,96.86,61.87,271.58,-32.51,9.50,9.97,0.83,-45.00,13.00,-35.00
13.57,-13.05,96.80,63.96,270.53,-30.41,9.47,9.97,0.92,-45.00,12.00,-34.00
13.68,-13.03,96.70,63.96,269.48,-32.51,9.50,9.92,0.92,-45.00,14.00,-30.00
13.76,-13.02,96.64,63.96,271.58,-30.41,9.53,10.00,0.92,-51.00,17.00,-26.00
13.85,-13.01,96.57,63.96,267.39,-30.41,9.44,9.97,0.86,-37.00,14.00,-18.00
13.92,-13.04,96.49,62.91,269.48,-30.41,9.44,9.97,0.86,-47.00,16.00,-6.00
13.99,-13.04,96.42,65.01,272.63,-30.41,9.58,10.00,1.00,-48.00,16.00,0.00
14.07,-13.07,96.35,62.91,270.53,-29.36,9.44,9.89,0.89,-45.00,11.00,-3.00
14.12,-13.06,96.28,63.96,270.53,-28.31,9.50,10.00,0.97,-48.00,3.00,-7.00
14.18,-13.06,96.19,63.96,270.53,-30.41,9.56,9.94,0.94,-43.00,4.00,-11.00
14.21,-13.06,96.16,62.91,270.53,-28.31,9.53,9.89,0.89,-43.00,-3.00,-9.00
14.24,-13.05,96.08,62.91,270.53,-27.26,9.39,10.00,0.97,-45.00,-2.00,-7.00
14.29,-13.04,95.99,61.87,269.48,-28.31,9.50,9.97,0.97,-46.00,-1.00,-7.00
14.33,-13.02,95.94,63.96,269.48,-26.21,9.53,9.97,1.03,-44.00,-1.00,-4.00
14.38,-13.04,95.85,61.87,269.48,-28.31,9.44,9.92,0.97,-39.00,2.00,-7.00
14.41,-13.01,95.82,62.91,269.48,-27.26,9.47,9.97,0.92,-36.00,0.00,-5.00
14.44,-13.02,95.77,63.96,268.44,-27.26,9.47,9.94,0.97,-37.00,1.00,-2.00
14.46,-13.05,95.72,65.01,269.48,-26.21,9.42,9.97,1.00,-41.00,-1.00,2.00
14.50,-13.10,95.65,63.96,271.58,-28.31,9.47,9.92,0.97,-39.00,1.00,-1.00
14.52,-13.10,95.64,62.91,270.53,-28.31,9.47,9.89,0.97,-32.00,-1.00,-4.00
14.52,-13.09,95.64,62.91,270.53,-28.31,9.47,10.00,1.00,-31.00,-3.00,-1.00
14.54,-13.09,95.63,63.96,271.58,-26.21,9.50,9.89,1.03,-33.00,-1.00,3.00
14.57,-13.11,95.58,62.91,271.58,-26.21,9.44,9.92,1.00,-31.00,0.00,2.00
14.60,-13.10,95.54,62.91,268.44,-27.26,9.53,9.94,1.00,-28.00,6.00,5.00
14.63,-13.11,95.52,61.87,270.53,-27.26,9.44,9.94,1.11,-29.00,7.00,5.00
14.68,-13.09,95.51,63.96,271.58,-25.17,9.44,9.92,1.03,-26.00,10.00,3.00
14.72,-13.12,95.45,63.96,270.53,-26.21,9.47,9.92,0.94,-29.00,13.00,7.00
14.75,-13.14,95.42,62.91,270.53,-28.31,9.50,9.89,1.11,-28.00,18.00,9.00
14.79,-13.15,95.43,66.06,268.44,-26.21,9.50,9.94,1.08,-32.00,17.00,13.00
14.83,-13.23,95.40,65.01,269.48,-27.26,9.44,9.86,1.03,-30.00,14.00,12.00
14.85,-13.28,95.40,65.01,269.48,-28.31,9.53,9.92,1.08,-26.00,8.00,14.00
14.87,-13.33,95.44,65.01,270.53,-28.31,9.47,9.89,1.03,-18.00,5.00,22.00
14.87,-13.38,95.47,63.96,271.58,-25.17,9.47,9.92,1.08,-15.00,3.00,22.00
14.91,-13.39,95.44,65.01,271.58,-24.12,9.58,9.86,1.11,-14.00,10.00,19.00
14.96,-13.40,95.40,65.01,273.68,-26.21,9.50,9.89,1.03,-8.00,11.00,7.00
14.98,-13.39,95.41,63.96,273.68,-27.26,9.44,9.92,1.03,-1.00,3.00,-2.00
14.99,-13.35,95.44,65.01,269.48,-25.17,9.42,9.86,1.00,3.00,1.00,-8.00
15.00,-13.36,95.44,65.01,269.48,-24.12,9.50,9.92,1.03,0.00,-2.00,-5.00
15.02,-13.37,95.40,63.96,268.44,-26.21,9.47,9.92,1.11,-8.00,-3.00,-3.00
15.03,-13.37,95.41,66.06,269.48,-25.17,9.53,9.86,1.08,-9.00,-10.00,1.00
15.03,-13.41,95.40,65.01,270.53,-27.26,9.47,9.92,1.08,-8.00,-11.00,3.00
15.03,-13.43,95.43,65.01,270.53,-26.21,9.50,9.86,1.06,-11.00,-12.00,10.00
15.02,-13.44,95.43,65.01,270.53,-25.17,9.53,9.92,1.08,-12.00,-15.00,11.00
15.02,-13.46,95.41,63.96,269.48,-26.21,9.53,9.92,1.06,-17.00,-16.00,13.00
15.02,-13.46,95.41,63.96,268.44,-26.21,9.58,9.86,1.06,-19.00,-9.00,9.00
15.02,-13.46,95.41,67.11,270.53,-27.26,9.56,9.86,1.08,-14.00,-4.00,8.00
15.03,-13.51,95.42,66.06,267.39,-26.21,9.50,9.89,1.00,-24.00,-3.00,11.00
15.04,-13.56,95.38,67.11,267.39,-29.36,9.53,9.83,1.08,-39.00,4.00,8.00
15.03,-13.62,95.41,70.25,267.39,-33.55,9.53,9.83,1.06,-48.00,-7.00,15.00
14.95,-13.74,95.46,62.91,229.64,-39.85,9.50,9.81,1.06,-98.00,-33.00,18.00
14.81,-13.84,95.43,44.04,216.01,-35.65,9.47,9.81,1.22,-285.00,-56.00,-4.00
14.80,-13.64,94.81,42.99,222.30,-33.55,9.53,9.81,1.28,-629.00,-7.00,-35.00
14.99,-13.40,93.75,54.53,243.27,-30.41,9.50,9.61,1.39,-916.00,133.00,-55.00
15.24,-13.38,92.51,51.38,246.42,-15.73,9.50,9.53,1.50,-1066.00,189.00,33.00
15.65,-13.31,90.91,47.19,235.93,0.00,9.44,9.39,1.83,-1168.00,286.00,44.00
16.29,-13.33,88.88,44.04,245.37,12.58,9.50,9.28,1.94,-1313.00,404.00,130.00
17.08,-13.11,86.69,57.67,255.85,27.26,9.47,9.03,2.33,-1343.00,529.00,69.00
17.97,-13.26,84.27,55.57,292.55,26.21,9.39,8.86,2.47,-1403.00,572.00,190.00
18.92,-13.08,82.42,76.55,315.62,49.28,9.33,8.61,2.83,-1204.00,710.00,108.00
19.55,-13.27,80.87,80.74,319.82,71.30,9.39,8.61,2.94,-946.00,464.00,193.00
20.05,-13.26,79.68,78.64,317.72,84.93,9.31,8.44,3.11,-626.00,411.00,40.00
20.20,-13.40,78.88,92.27,304.09,97.52,9.33,8.42,3.11,-355.00,147.00,118.00
20.11,-13.79,78.37,85.98,306.18,93.32,9.28,8.28,3.14,-86.00,-31.00,151.00
19.80,-14.24,78.36,90.18,298.84,90.18,9.36,8.31,3.00,183.00,-189.00,234.00
19.33,-14.77,78.69,81.79,290.46,78.64,9.42,8.33,2.97,415.00,-281.00,236.00
18.74,-15.20,79.21,80.74,281.02,66.06,9.56,8.42,2.86,499.00,-354.00,222.00
18.07,-15.57,80.05,80.74,269.48,56.62,9.64,8.44,2.72,647.00,-388.00,173.00
17.30,-15.91,81.03,77.59,263.19,46.14,9.61,8.53,2.56,709.00,-440.00,125.00
16.54,-16.11,82.11,79.69,261.10,35.65,9.72,8.56,2.42,727.00,-417.00,71.00
15.75,-16.30,83.33,83.89,257.95,26.21,9.81,8.64,2.28,743.00,-427.00,36.00
14.89,-16.53,84.65,81.79,254.80,19.92,9.78,8.69,2.14,745.00,-463.00,2.00
14.09,-16.66,85.95,80.74,252.71,12.58,9.83,8.83,1.97,736.00,-446.00,-22.00
13.34,-16.71,87.26,78.64,252.71,5.24,9.89,8.89,1.86,725.00,-410.00,-66.00
12.69,-16.65,88.55,75.50,253.76,-1.05,9.83,9.03,1.64,703.00,-361.00,-95.00
12.13,-16.51,89.76,81.79,253.76,-10.49,9.83,9.11,1.53,653.00,-305.00,-100.00
11.54,-16.56,90.97,78.64,251.66,-9.44,9.94,9.17,1.39,579.00,-333.00,-57.00
11.09,-16.53,91.93,72.35,251.66,-17.83,9.97,9.25,1.31,518.00,-277.00,-73.00
10.71,-16.35,92.90,73.40,256.90,-18.87,9.89,9.31,1.17,470.00,-237.00,-86.00
10.46,-16.14,93.66,69.21,255.85,-20.97,9.89,9.36,1.14,401.00,-174.00,-111.00
10.19,-15.85,94.34,75.50,260.05,-26.21,9.89,9.44,1.00,348.00,-215.00,-114.00
9.95,-15.70,95.00,69.21,260.05,-26.21,9.94,9.44,0.97,323.00,-194.00,-114.00
9.85,-15.45,95.49,68.16,260.05,-29.36,9.97,9.53,0.89,259.00,-124.00,-112.00
9.78,-15.20,95.91,67.11,260.05,-26.21,10.00,9.53,0.83,205.00,-100.00,-110.00
9.79,-14.97,96.15,68.16,262.14,-27.26,9.83,9.56,0.78,165.00,-68.00,-104.00
9.89,-14.83,96.31,67.11,265.29,-29.36,9.86,9.61,0.81,127.00,-5.00,-69.00
10.02,-14.69,96.46,68.16,265.29,-28.31,9.89,9.64,0.75,107.00,10.00,-49.00
10.17,-14.62,96.54,68.16,267.39,-27.26,9.89,9.67,0.78,89.00,29.00,-29.00
10.33,-14.58,96.59,70.25,267.39,-29.36,9.83,9.69,0.83,87.00,31.00,-11.00
10.50,-14.58,96.66,68.16,266.34,-29.36,9.83,9.61,0.75,80.00,32.00,-10.00
10.66,-14.55,96.70,71.30,265.29,-29.36,9.92,9.72,0.78,58.00,47.00,-1.00
10.84,-14.61,96.71,71.30,266.34,-27.26,9.86,9.69,0.83,46.00,56.00,4.00
11.02,-14.64,96.68,72.35,269.48,-32.51,9.89,9.64,0.81,46.00,40.00,-3.00
11.16,-14.65,96.76,72.35,268.44,-31.46,9.83,9.69,0.75,49.00,32.00,-19.00
11.28,-14.64,96.81,71.30,268.44,-32.51,9.83,9.67,0.75,46.00,26.00,-32.00
11.39,-14.61,96.86,72.35,266.34,-32.51,9.83,9.67,0.75,30.00,20.00,-33.00
11.48,-14.62,96.89,72.35,266.34,-32.51,9.86,9.72,0.75,13.00,5.00,-32.00
11.56,-14.63,96.91,70.25,269.48,-33.55,9.83,9.75,0.78,4.00,1.00,-27.00
11.64,-14.57,96.94,70.25,269.48,-35.65,9.78,9.72,0.78,5.00,-6.00,-31.00
11.71,-14.52,97.00,69.21,268.44,-32.51,9.78,9.72,0.72,3.00,-6.00,-33.00
11.77,-14.46,97.00,68.16,266.34,-32.51,9.75,9.75,0.78,-1.00,-13.00,-30.00
11.85,-14.41,96.99,69.21,267.39,-33.55,9.83,9.81,0.78,-12.00,-8.00,-25.00
11.93,-14.38,96.99,68.16,269.48,-31.46,9.78,9.78,0.67,-13.00,-3.00,-22.00
12.00,-14.33,96.94,69.21,268.44,-33.55,9.89,9.75,0.78,-17.00,0.00,-20.00
12.08,-14.31,96.93,68.16,267.39,-33.55,9.75,9.78,0.72,-21.00,5.00,-17.00
12.15,-14.28,96.92,67.11,268.44,-32.51,9.75,9.75,0.86,-26.00,9.00,-17.00
12.27,-14.22,96.87,68.16,268.44,-32.51,9.72,9.75,0.75,-30.00,19.00,-18.00
12.37,-14.19,96.83,67.11,269.48,-32.51,9.78,9.81,0.75,-30.00,26.00,-21.00
12.48,-14.14,96.79,67.11,270.53,-31.46,9.69,9.72,0.83,-27.00,33.00,-23.00
12.62,-14.09,96.73,69.21,269.48,-30.41,9.72,9.81,0.83,-29.00,39.00,-23.00
12.76,-14.08,96.65,67.11,270.53,-29.36,9.81,9.81,0.81,-29.00,45.00,-24.00
12.91,-14.04,96.54,68.16,268.44,-30.41,9.72,9.75,0.81,-33.00,56.00,-20.00
13.05,-14.04,96.48,68.16,268.44,-30.41,9.61,9.78,0.78,-32.00,62.00,-17.00
13.19,-14.04,96.41,68.16,268.44,-29.36,9.75,9.81,0.86,-34.00,63.00,-15.00
13.33,-14.05,96.34,68.16,269.48,-30.41,9.64,9.75,0.83,-27.00,62.00,-14.00
13.46,-14.04,96.30,68.16,269.48,-31.46,9.67,9.83,0.86,-26.00,60.00,-15.00
13.58,-14.04,96.29,69.21,269.48,-28.31,9.61,9.81,0.86,-22.00,55.00,-13.00
13.69,-14.06,96.22,69.21,268.44,-29.36,9.75,9.75,0.89,-23.00,48.00,-10.00
13.79,-14.08,96.17,69.21,269.48,-28.31,9.69,9.83,0.94,-30.00,39.00,-13.00
13.88,-14.08,96.11,69.21,270.53,-29.36,9.67,9.78,0.94,-26.00,29.00,-20.00
13.95,-14.07,96.08,68.16,269.48,-29.36,9.69,9.86,0.89,-23.00,19.00,-24.00
14.00,-14.04,96.06,67.11,268.44,-27.26,9.72,9.78,0.89,-24.00,13.00,-27.00
14.05,-13.99,96.00,68.16,269.48,-27.26,9.64,9.81,0.94,-28.00,9.00,-31.00
14.10,-13.97,95.93,67.11,269.48,-29.36,9.72,9.83,0.94,-35.00,8.00,-28.00
14.14,-13.93,95.92,67.11,268.44,-29.36,9.69,9.83,0.97,-31.00,4.00,-27.00
14.17,-13.90,95.91,67.11,268.44,-28.31,9.69,9.78,0.94,-29.00,5.00,-22.00
14.20,-13.89,95.88,68.16,271.58,-26.21,9.58,9.75,1.00,-30.00,5.00,-13.00
14.25,-13.89,95.81,67.11,269.48,-29.36,9.61,9.78,0.94,-28.00,3.00,-11.00
14.27,-13.88,95.83,66.06,270.53,-28.31,9.67,9.78,0.94,-22.00,-1.00,-10.00
14.29,-13.85,95.81,67.11,269.48,-29.36,9.61,9.81,0.89,-24.00,-1.00,-5.00
14.29,-13.85,95.83,68.16,269.48,-29.36,9.69,9.75,0.97,-20.00,0.00,-4.00
14.30,-13.88,95.85,66.06,267.39,-28.31,9.61,9.83,0.97,-15.00,-3.00,3.00
14.34,-13.88,95.83,67.11,268.44,-28.31,9.64,9.83,0.97,-34.00,9.00,3.00
14.38,-13.89,95.80,68.16,269.48,-27.26,9.67,9.81,0.97,-37.00,11.00,-1.00
14.41,-13.91,95.75,68.16,270.53,-26.21,9.61,9.81,0.97,-33.00,7.00,-4.00
14.45,-13.92,95.70,67.11,271.58,-27.26,9.72,9.67,0.97,-26.00,8.00,-7.00
14.48,-13.91,95.67,67.11,269.48,-26.21,9.67,9.81,0.97,-26.00,12.00,-4.00
14.52,-13.91,95.62,68.16,269.48,-23.07,9.67,9.78,0.97,-28.00,14.00,0.00
14.57,-13.94,95.51,68.16,270.53,-26.21,9.67,9.75,1.00,-29.00,14.00,2.00
14.61,-13.96,95.47,67.11,269.48,-28.31,9.58,9.78,1.00,-29.00,12.00,1.00
14.62,-13.96,95.48,67.11,269.48,-25.17,9.72,9.78,1.00,-29.00,9.00,1.00
14.65,-13.96,95.43,67.11,269.48,-23.07,9.69,9.81,0.97,-28.00,11.00,2.00
14.70,-13.97,95.34,68.16,269.48,-25.17,9.67,9.75,1.03,-31.00,18.00,5.00
14.74,-14.00,95.29,68.16,269.48,-27.26,9.64,9.72,1.00,-34.00,21.00,8.00
14.75,-14.02,95.30,69.21,270.53,-30.41,9.56,9.83,1.00,-30.00,11.00,6.00
14.73,-14.05,95.37,68.16,267.39,-29.36,9.61,9.78,1.00,-26.00,0.00,2.00
14.70,-14.06,95.41,67.11,263.19,-30.41,9.64,9.75,1.03,-40.00,-16.00,-1.00
14.66,-14.08,95.43,66.06,264.24,-29.36,9.61,9.75,1.06,-74.00,-16.00,-2.00
14.63,-14.06,95.40,68.16,265.29,-29.36,9.64,9.72,1.06,-97.00,-20.00,0.00
14.59,-14.09,95.35,69.21,267.39,-29.36,9.67,9.75,1.03,-114.00,-32.00,4.00
14.53,-14.15,95.29,68.16,267.39,-33.55,9.56,9.72,1.00,-119.00,-32.00,20.00
14.46,-14.19,95.30,69.21,265.29,-30.41,9.67,9.78,1.11,-128.00,-26.00,28.00
14.46,-14.22,95.18,62.91,260.05,-27.26,9.75,9.69,1.11,-181.00,-4.00,-8.00
14.50,-14.11,94.94,65.01,254.80,-25.17,9.61,9.64,1.11,-225.00,23.00,-28.00
14.61,-14.06,94.57,62.91,254.80,-23.07,9.64,9.64,1.19,-311.00,61.00,-51.00
14.80,-13.94,94.02,67.11,256.90,-22.02,9.58,9.64,1.19,-408.00,121.00,-82.00
14.91,-13.92,93.42,66.06,243.27,-17.83,9.58,9.58,1.28,-484.00,75.00,-64.00
15.14,-13.93,92.56,50.33,216.01,-5.24,9.47,9.50,1.47,-630.00,156.00,-87.00
15.67,-13.77,90.99,41.94,199.23,0.00,9.58,9.44,1.61,-997.00,340.00,-93.00
16.30,-13.57,88.92,41.94,205.52,7.34,9.44,9.28,1.89,-1364.00,428.00,-77.00
17.26,-13.27,86.29,41.94,211.81,16.78,9.44,9.19,2.14,-1699.00,672.00,-114.00
18.24,-13.09,83.32,58.72,235.93,29.36,9.39,8.83,2.58,-1945.00,710.00,18.00
19.23,-12.90,80.39,60.82,276.82,29.36,9.22,8.69,2.81,-1916.00,748.00,-69.00
20.22,-12.60,78.16,80.74,305.14,54.53,9.17,8.36,3.22,-1661.00,846.00,-25.00
20.63,-12.60,76.20,69.21,316.67,80.74,9.06,8.25,3.39,-1403.00,419.00,-11.00
20.97,-12.52,74.72,69.21,333.45,108.00,9.14,8.06,3.50,-975.00,351.00,56.00
20.98,-12.61,73.88,68.16,340.79,123.73,9.11,8.03,3.61,-503.00,111.00,138.00
20.79,-12.97,73.72,83.89,336.59,125.83,9.11,7.89,3.56,-39.00,-64.00,284.00
20.36,-13.53,74.16,75.50,320.86,117.44,9.08,7.89,3.56,353.00,-247.00,340.00
19.92,-13.99,74.92,78.64,300.94,104.86,9.33,7.94,3.42,646.00,-255.00,312.00
19.29,-14.51,75.80,81.79,285.21,88.08,9.31,8.00,3.33,735.00,-394.00,291.00
18.54,-14.99,76.99,78.64,273.68,78.64,9.39,8.06,3.03,908.00,-455.00,196.00
17.69,-15.36,78.29,80.74,264.24,69.21,9.44,8.22,3.00,991.00,-504.00,137.00
16.80,-15.78,79.66,78.64,251.66,60.82,9.61,8.31,2.75,1025.00,-558.00,126.00
15.89,-16.22,80.93,79.69,245.37,48.23,9.69,8.44,2.58,982.00,-578.00,145.00
14.92,-16.70,82.32,79.69,252.71,40.89,9.83,8.64,2.22,970.00,-621.00,153.00
13.94,-16.97,83.74,73.40,248.51,31.46,9.94,8.69,2.19,950.00,-586.00,83.00
13.12,-17.04,85.18,72.35,248.51,22.02,9.89,8.78,1.86,948.00,-498.00,52.00
12.45,-16.98,86.58,79.69,247.46,12.58,9.92,8.89,1.81,910.00,-379.00,-6.00
11.80,-17.03,87.99,78.64,246.42,5.24,9.97,8.89,1.58,858.00,-369.00,-42.00
11.20,-17.05,89.30,78.64,246.42,-4.19,9.94,9.03,1.39,778.00,-347.00,-38.00
10.64,-16.98,90.56,75.50,245.37,-8.39,9.94,9.14,1.31,681.00,-316.00,-99.00
10.21,-16.76,91.65,72.35,248.51,-15.73,10.00,9.25,1.19,610.00,-254.00,-161.00
9.87,-16.48,92.68,72.35,253.76,-16.78,10.00,9.36,1.06,536.00,-210.00,-155.00
9.46,-16.18,93.58,74.45,257.95,-23.07,10.03,9.36,1.03,480.00,-282.00,-159.00
9.17,-15.97,94.40,67.11,257.95,-25.17,9.97,9.47,0.83,417.00,-217.00,-128.00
8.95,-15.63,95.09,69.21,256.90,-26.21,9.97,9.50,0.83,364.00,-178.00,-128.00
8.84,-15.40,95.66,68.16,260.05,-26.21,9.92,9.61,0.69,318.00,-129.00,-110.00
8.83,-15.17,96.10,66.06,262.14,-29.36,9.92,9.61,0.67,285.00,-70.00,-101.00
8.87,-14.95,96.48,68.16,264.24,-34.60,9.94,9.72,0.64,240.00,-38.00,-77.00
8.93,-14.82,96.86,68.16,263.19,-33.55,9.89,9.69,0.61,200.00,-14.00,-53.00
9.05,-14.75,97.10,68.16,262.14,-35.65,9.86,9.72,0.61,147.00,15.00,-25.00
9.18,-14.74,97.31,69.21,263.19,-37.75,9.83,9.72,0.53,104.00,26.00,6.00
9.32,-14.74,97.50,70.25,265.29,-36.70,9.92,9.67,0.64,82.00,39.00,9.00
9.48,-14.77,97.62,71.30,265.29,-36.70,9.89,9.61,0.67,69.00,37.00,14.00
9.66,-14.81,97.70,72.35,265.29,-37.75,9.89,9.69,0.64,49.00,50.00,16.00
9.81,-14.88,97.78,70.25,265.29,-36.70,9.94,9.72,0.56,32.00,29.00,19.00
9.96,-14.87,97.82,71.30,266.34,-37.75,9.92,9.72,0.64,25.00,33.00,1.00
10.11,-14.86,97.87,73.40,265.29,-39.85,9.81,9.64,0.61,18.00,23.00,-8.00
10.22,-14.90,97.95,74.45,267.39,-39.85,9.86,9.69,0.56,12.00,9.00,-8.00
10.32,-14.93,98.01,75.50,268.44,-38.80,9.83,9.67,0.58,1.00,3.00,-12.00
10.41,-14.95,98.03,72.35,268.44,-39.85,9.89,9.75,0.64,-5.00,-11.00,-25.00
10.50,-14.90,98.07,70.25,269.48,-38.80,9.78,9.72,0.56,-4.00,-21.00,-33.00
10.58,-14.80,98.09,70.25,266.34,-37.75,9.86,9.69,0.61,-9.00,-24.00,-43.00
10.67,-14.72,98.06,69.21,267.39,-37.75,9.89,9.67,0.58,-22.00,-18.00,-44.00
10.76,-14.63,98.03,69.21,268.44,-35.65,9.78,9.83,0.61,-27.00,-15.00,-43.00
10.88,-14.55,97.95,69.21,267.39,-37.75,9.86,9.64,0.64,-32.00,-12.00,-38.00
10.98,-14.48,97.92,68.16,267.39,-37.75,9.94,9.78,0.61,-33.00,-4.00,-35.00
11.08,-14.41,97.89,68.16,268.44,-37.75,9.89,9.69,0.61,-33.00,2.00,-31.00
11.18,-14.34,97.86,69.21,268.44,-36.70,9.78,9.78,0.53,-33.00,4.00,-30.00
11.28,-14.31,97.80,69.21,268.44,-35.65,9.89,9.78,0.64,-36.00,9.00,-29.00
11.40,-14.27,97.73,68.16,268.44,-35.65,9.83,9.72,0.61,-35.00,14.00,-30.00
11.52,-14.21,97.66,70.25,268.44,-34.60,9.78,9.78,0.61,-38.00,19.00,-35.00
11.64,-14.20,97.59,68.16,269.48,-36.70,9.78,9.81,0.64,-28.00,16.00,-36.00
11.75,-14.14,97.56,68.16,267.39,-33.55,9.86,9.81,0.64,-34.00,20.00,-38.00
11.88,-14.10,97.46,68.16,268.44,-32.51,9.83,9.78,0.67,-41.00,28.00,-35.00
12.00,-14.07,97.35,68.16,270.53,-33.55,9.78,9.83,0.69,-39.00,23.00,-34.00
12.12,-14.02,97.27,70.25,269.48,-33.55,9.83,9.83,0.61,-33.00,18.00,-36.00
12.20,-14.02,97.22,68.16,268.44,-34.60,9.78,9.86,0.67,-29.00,11.00,-36.00
12.26,-13.98,97.19,68.16,269.48,-34.60,9.75,9.83,0.67,-33.00,3.00,-36.00
12.32,-13.94,97.15,70.25,270.53,-31.46,9.69,9.83,0.75,-37.00,-3.00,-35.00
12.40,-13.95,97.07,68.16,269.48,-32.51,9.78,9.86,0.64,-34.00,-9.00,-32.00
12.44,-13.92,97.01,67.11,269.48,-33.55,9.72,9.78,0.64,-34.00,-15.00,-30.00
12.46,-13.88,96.99,67.11,268.44,-33.55,9.69,9.89,0.69,-31.00,-15.00,-27.00
12.50,-13.85,96.97,67.11,271.58,-30.41,9.78,9.78,0.72,-29.00,-13.00,-26.00
12.56,-13.81,96.88,66.06,269.48,-31.46,9.78,9.83,0.75,-31.00,-8.00,-24.00
12.62,-13.77,96.82,66.06,269.48,-30.41,9.75,9.78,0.64,-31.00,-4.00,-23.00
12.66,-13.74,96.75,66.06,270.53,-31.46,9.78,9.86,0.64,-26.00,-1.00,-17.00
12.70,-13.72,96.72,66.06,270.53,-31.46,9.81,9.83,0.69,-19.00,1.00,-8.00
12.74,-13.71,96.70,66.06,270.53,-32.51,9.72,9.72,0.64,-13.00,7.00,1.00
12.78,-13.72,96.70,66.06,268.44,-31.46,9.72,9.83,0.72,-11.00,16.00,8.00
12.85,-13.75,96.67,66.06,268.44,-32.51,9.72,9.83,0.75,-17.00,18.00,14.00
12.90,-13.77,96.68,67.11,270.53,-33.55,9.75,9.83,0.72,-14.00,16.00,16.00
12.95,-13.80,96.69,66.06,269.48,-32.51,9.75,9.86,0.72,-16.00,15.00,15.00
12.99,-13.81,96.68,67.11,269.48,-31.46,9.81,9.81,0.72,-25.00,10.00,15.00
13.04,-13.84,96.64,67.11,268.44,-32.51,9.69,9.78,0.69,-27.00,11.00,14.00
13.07,-13.87,96.64,68.16,267.39,-33.55,9.78,9.81,0.78,-24.00,7.00,12.00
13.10,-13.92,96.66,68.16,268.44,-32.51,9.78,9.83,0.72,-24.00,5.00,14.00
13.13,-13.97,96.65,68.16,268.44,-31.46,9.78,9.83,0.72,-25.00,7.00,16.00
13.16,-14.01,96.62,68.16,269.48,-30.41,9.81,9.72,0.72,-28.00,6.00,16.00
13.20,-14.04,96.56,68.16,269.48,-31.46,9.75,9.72,0.75,-35.00,7.00,9.00
13.24,-14.05,96.52,67.11,269.48,-31.46,9.75,9.81,0.72,-36.00,9.00,6.00
13.27,-14.04,96.49,67.11,269.48,-31.46,9.67,9.83,0.75,-32.00,7.00,-3.00
13.32,-14.02,96.47,68.16,269.48,-30.41,9.75,9.83,0.72,-32.00,9.00,-7.00
13.36,-14.02,96.42,67.11,268.44,-30.41,9.75,9.69,0.81,-31.00,14.00,-8.00
13.42,-14.01,96.38,67.11,268.44,-32.51,9.78,9.75,0.75,-32.00,16.00,-6.00
13.45,-14.00,96.40,67.11,270.53,-32.51,9.75,9.81,0.69,-27.00,16.00,-6.00
13.47,-13.98,96.41,69.21,270.53,-29.36,9.75,9.69,0.78,-22.00,14.00,-4.00
13.51,-14.00,96.36,69.21,269.48,-30.41,9.72,9.78,0.83,-21.00,11.00,-4.00
13.55,-14.03,96.34,67.11,270.53,-29.36,9.75,9.78,0.81,-20.00,9.00,-4.00
13.59,-14.01,96.30,67.11,269.48,-30.41,9.69,9.78,0.75,-22.00,6.00,-2.00
13.61,-14.00,96.30,69.21,270.53,-29.36,9.72,9.81,0.69,-14.00,3.00,-1.00
13.63,-14.04,96.27,68.16,269.48,-30.41,9.75,9.78,0.78,-22.00,8.00,8.00
13.66,-14.07,96.26,66.06,267.39,-31.46,9.69,9.78,0.86,-16.00,16.00,15.00
13.71,-14.08,96.27,68.16,266.34,-27.26,9.75,9.72,0.81,-26.00,22.00,22.00
13.78,-14.15,96.17,68.16,268.44,-30.41,9.78,9.81,0.83,-41.00,32.00,29.00
13.82,-14.19,96.15,70.25,270.53,-28.31,9.81,9.78,0.75,-34.00,17.00,28.00
13.83,-14.25,96.10,69.21,270.53,-30.41,9.64,9.75,0.78,-26.00,4.00,22.00
13.84,-14.28,96.10,68.16,269.48,-30.41,9.83,9.75,0.81,-24.00,3.00,21.00
13.84,-14.29,96.11,68.16,269.48,-27.26,9.78,9.67,0.72,-23.00,1.00,15.00
13.85,-14.30,96.04,68.16,268.44,-30.41,9.72,9.69,0.86,-28.00,7.00,13.00
13.86,-14.29,96.06,69.21,269.48,-29.36,9.72,9.69,0.81,-24.00,-2.00,7.00
13.86,-14.30,96.06,70.25,270.53,-27.26,9.75,9.75,0.89,-18.00,-5.00,5.00
13.88,-14.33,96.02,68.16,269.48,-27.26,9.72,9.69,0.83,-15.00,-7.00,6.00
13.89,-14.32,95.98,69.21,268.44,-27.26,9.78,9.67,0.83,-17.00,-5.00,9.00
13.90,-14.34,95.94,68.16,268.44,-27.26,9.78,9.72,0.89,-21.00,-1.00,7.00
13.93,-14.34,95.90,68.16,268.44,-28.31,9.86,9.72,0.83,-22.00,1.00,6.00
13.94,-14.33,95.89,70.25,271.58,-27.26,9.67,9.67,0.81,-21.00,5.00,3.00
13.96,-14.34,95.85,69.21,269.48,-28.31,9.78,9.75,0.83,-19.00,5.00,-1.00
13.97,-14.33,95.84,69.21,268.44,-28.31,9.69,9.75,0.83,-21.00,9.00,-4.00
14.00,-14.33,95.83,69.21,268.44,-27.26,9.81,9.81,0.83,-21.00,10.00,-11.00
14.03,-14.31,95.79,70.25,268.44,-26.21,9.81,9.67,0.86,-24.00,15.00,-15.00
14.06,-14.33,95.75,73.40,271.58,-34.60,9.78,9.69,0.89,-16.00,12.00,-14.00
14.04,-14.37,95.88,72.35,272.63,-41.94,9.78,9.69,0.81,-11.00,4.00,-15.00
13.97,-14.37,96.16,68.16,265.29,-42.99,9.75,9.72,0.83,9.00,-2.00,-23.00
13.99,-14.35,96.34,67.11,251.66,-38.80,9.69,9.72,0.92,-75.00,52.00,-18.00
14.11,-14.40,96.21,66.06,230.69,-34.60,9.81,9.69,0.97,-247.00,106.00,-6.00
14.31,-14.59,95.62,58.72,218.10,-32.51,9.69,9.67,1.06,-528.00,146.00,37.00
14.75,-14.67,94.57,42.99,223.35,-26.21,9.67,9.61,1.22,-811.00,310.00,16.00
15.35,-14.64,93.13,48.23,228.59,-20.97,9.64,9.36,1.42,-1037.00,420.00,135.00
16.24,-14.57,91.39,42.99,234.88,-16.78,9.67,9.28,1.58,-1213.00,620.00,75.00
17.17,-14.47,89.48,48.23,225.44,-3.15,9.64,9.11,1.94,-1355.00,691.00,155.00
18.19,-14.38,87.26,62.91,271.58,20.97,9.53,8.94,2.19,-1480.00,731.00,84.00
19.43,-14.28,84.79,59.77,279.97,34.60,9.42,8.67,2.56,-1448.00,856.00,86.00
20.60,-13.81,82.57,74.45,278.92,55.57,9.39,8.67,2.75,-1270.00,849.00,-85.00
21.75,-13.74,80.38,75.50,276.82,75.50,9.25,8.44,3.08,-1144.00,829.00,25.00
22.67,-13.63,78.27,74.45,288.36,75.50,9.17,8.31,3.22,-1016.00,674.00,-16.00
23.41,-13.58,76.70,97.52,321.91,76.55,9.03,8.14,3.53,-818.00,607.00,75.00
23.74,-13.61,76.11,103.81,311.43,95.42,9.03,8.11,3.53,-338.00,384.00,5.00
23.64,-13.89,75.80,96.47,293.60,104.86,9.14,8.00,3.53,-92.00,62.00,62.00
23.41,-14.30,75.46,85.98,291.50,97.52,9.08,8.03,3.56,-9.00,-68.00,124.00
22.92,-14.70,75.55,82.84,288.36,87.03,9.14,7.94,3.44,204.00,-257.00,156.00
22.21,-15.09,76.08,84.93,279.97,80.74,9.17,8.11,3.42,413.00,-383.00,152.00
21.38,-15.51,76.87,81.79,270.53,71.30,9.25,8.14,3.33,572.00,-469.00,130.00
20.47,-15.86,77.85,75.50,264.24,62.91,9.42,8.22,3.14,664.00,-518.00,99.00
19.49,-16.08,78.94,75.50,261.10,56.62,9.50,8.36,2.94,708.00,-556.00,68.00
18.51,-16.24,80.10,76.55,262.14,47.19,9.56,8.44,2.75,756.00,-555.00,42.00
17.48,-16.41,81.39,76.55,259.00,37.75,9.58,8.56,2.58,776.00,-577.00,46.00
16.44,-16.56,82.75,79.69,254.80,32.51,9.56,8.64,2.44,785.00,-588.00,41.00
15.40,-16.75,84.09,74.45,251.66,25.17,9.75,8.81,2.22,773.00,-617.00,24.00
14.48,-16.79,85.37,74.45,254.80,16.78,9.81,8.89,2.08,747.00,-528.00,8.00
13.72,-16.71,86.68,82.84,256.90,5.24,9.86,9.00,1.94,741.00,-430.00,-42.00
12.98,-16.73,88.07,88.08,254.80,2.10,9.69,9.06,1.81,722.00,-404.00,-86.00
12.28,-16.85,89.31,84.93,251.66,1.05,9.89,9.11,1.58,660.00,-410.00,-94.00
11.65,-16.87,90.34,73.40,252.71,2.10,9.89,9.08,1.50,584.00,-392.00,-114.00
11.15,-16.65,91.18,68.16,264.24,-12.58,9.86,9.36,1.31,548.00,-363.00,-103.00
10.73,-16.35,92.22,70.25,271.58,-15.73,9.92,9.33,1.19,556.00,-260.00,-57.00
10.32,-16.05,93.25,66.06,260.05,-20.97,9.92,9.42,1.03,587.00,-282.00,-79.00
10.01,-15.78,94.18,65.01,252.71,-24.12,9.94,9.31,1.03,505.00,-204.00,-51.00
9.81,-15.54,94.96,60.82,252.71,-30.41,9.89,9.50,0.92,420.00,-158.00,-58.00
9.79,-15.23,95.65,63.96,257.95,-33.55,9.86,9.58,0.97,346.00,-34.00,-62.00
9.88,-14.98,96.29,65.01,261.10,-39.85,9.94,9.56,0.89,328.00,11.00,-84.00
9.87,-14.82,96.85,70.25,253.76,-38.80,9.89,9.58,0.75,218.00,-37.00,-35.00
9.89,-14.83,97.29,71.30,254.80,-39.85,9.92,9.58,0.78,177.00,-25.00,-22.00
9.93,-14.88,97.60,68.16,260.05,-38.80,9.92,9.69,0.67,97.00,-21.00,-13.00
9.99,-14.83,97.77,71.30,262.14,-38.80,9.86,9.67,0.75,51.00,-17.00,-7.00
10.11,-14.83,97.88,73.40,264.24,-37.75,9.92,9.61,0.81,27.00,-6.00,-19.00
10.21,-14.85,97.93,73.40,264.24,-34.60,9.89,9.61,0.75,9.00,-21.00,-23.00
10.35,-14.87,97.88,72.35,264.24,-34.60,9.86,9.58,0.81,-9.00,-8.00,-23.00
10.49,-14.86,97.84,73.40,264.24,-35.65,9.89,9.67,0.72,-12.00,-9.00,-26.00
10.63,-14.88,97.80,71.30,265.29,-36.70,9.89,9.67,0.75,-16.00,2.00,-27.00
10.76,-14.85,97.79,72.35,266.34,-35.65,9.94,9.67,0.75,-16.00,4.00,-26.00
10.90,-14.83,97.75,71.30,267.39,-34.60,9.78,9.64,0.72,-23.00,10.00,-26.00
11.05,-14.79,97.67,72.35,268.44,-32.51,9.89,9.64,0.75,-29.00,15.00,-34.00
11.21,-14.75,97.56,71.30,268.44,-34.60,9.89,9.64,0.78,-30.00,16.00,-47.00
11.37,-14.68,97.48,70.25,268.44,-32.51,9.83,9.64,0.72,-39.00,21.00,-54.00
11.53,-14.59,97.36,72.35,267.39,-30.41,9.81,9.67,0.81,-47.00,28.00,-58.00
11.71,-14.57,97.20,70.25,269.48,-32.51,9.83,9.64,0.78,-49.00,34.00,-56.00
11.87,-14.50,97.09,70.25,266.34,-30.41,9.83,9.64,0.81,-52.00,40.00,-49.00
12.03,-14.47,96.96,70.25,269.48,-31.46,9.83,9.69,0.75,-47.00,39.00,-40.00
12.17,-14.43,96.86,70.25,269.48,-29.36,9.75,9.69,0.83,-46.00,37.00,-35.00
12.31,-14.41,96.73,71.30,269.48,-30.41,9.81,9.67,0.75,-41.00,30.00,-28.00
12.41,-14.41,96.66,69.21,269.48,-29.36,9.72,9.75,0.83,-31.00,20.00,-23.00
12.51,-14.38,96.59,69.21,267.39,-29.36,9.75,9.67,0.83,-24.00,12.00,-22.00
12.60,-14.36,96.52,70.25,269.48,-31.46,9.72,9.72,0.81,-29.00,7.00,-17.00
12.65,-14.37,96.51,68.16,267.39,-31.46,9.72,9.78,0.86,-20.00,-1.00,-5.00
12.72,-14.36,96.50,70.25,267.39,-27.26,9.78,9.72,0.89,-30.00,6.00,-1.00
12.81,-14.39,96.38,70.25,269.48,-29.36,9.78,9.67,0.89,-36.00,8.00,1.00
12.88,-14.40,96.33,70.25,270.53,-30.41,9.75,9.67,0.86,-28.00,6.00,-5.00
12.94,-14.40,96.31,69.21,269.48,-28.31,9.72,9.69,0.92,-27.00,3.00,-7.00
13.01,-14.38,96.26,69.21,267.39,-27.26,9.78,9.67,0.86,-21.00,4.00,-10.00
13.08,-14.38,96.19,69.21,267.39,-28.31,9.81,9.69,0.92,-21.00,10.00,-8.00
13.16,-14.38,96.13,70.25,269.48,-27.26,9.69,9.72,0.89,-29.00,17.00,-3.00
13.23,-14.39,96.07,69.21,268.44,-29.36,9.72,9.69,0.86,-27.00,7.00,-5.00
13.28,-14.39,96.05,70.25,269.48,-27.26,9.78,9.69,0.83,-26.00,12.00,-5.00
13.33,-14.39,96.00,70.25,269.48,-27.26,9.75,9.67,0.89,-23.00,7.00,-6.00
13.38,-14.40,95.95,70.25,268.44,-26.21,9.75,9.69,0.83,-21.00,7.00,-5.00
13.42,-14.43,95.89,70.25,268.44,-28.31,9.69,9.69,0.83,-19.00,6.00,0.00
13.45,-14.44,95.89,69.21,269.48,-27.26,9.81,9.75,0.89,-15.00,4.00,-2.00
13.48,-14.42,95.87,70.25,270.53,-26.21,9.69,9.75,0.89,-14.00,1.00,-5.00
13.52,-14.42,95.82,69.21,268.44,-28.31,9.72,9.69,0.97,-15.00,-5.00,-7.00
13.55,-14.41,95.82,69.21,268.44,-29.36,9.75,9.67,0.89,-18.00,-6.00,-10.00
13.55,-14.38,95.85,68.16,268.44,-28.31,9.72,9.69,0.92,-19.00,-9.00,-14.00
13.57,-14.34,95.84,69.21,268.44,-26.21,9.75,9.69,0.94,-21.00,-6.00,-16.00
13.61,-14.33,95.80,68.16,269.48,-27.26,9.75,9.69,0.97,-20.00,-5.00,-13.00
13.65,-14.30,95.78,69.21,268.44,-28.31,9.72,9.72,0.92,-18.00,-4.00,-10.00
13.67,-14.29,95.79,70.25,268.44,-27.26,9.61,9.67,0.89,-13.00,-3.00,-9.00
13.69,-14.31,95.78,69.21,268.44,-27.26,9.69,9.69,0.89,-15.00,-2.00,-9.00
13.71,-14.31,95.76,68.16,268.44,-29.36,9.75,9.75,0.97,-15.00,0.00,-5.00
13.74,-14.30,95.79,68.16,269.48,-28.31,9.81,9.64,0.83,-16.00,1.00,-3.00
13.74,-14.27,95.80,69.21,270.53,-28.31,9.78,9.67,0.92,-18.00,-3.00,-8.00
13.75,-14.25,95.79,69.21,269.48,-29.36,9.81,9.61,0.89,-18.00,-2.00,-14.00
13.75,-14.24,95.82,70.25,268.44,-28.31,9.72,9.72,0.86,-18.00,-7.00,-16.00
13.75,-14.24,95.81,68.16,267.39,-28.31,9.72,9.75,0.86,-27.00,-8.00,-21.00
13.76,-14.21,95.79,69.21,268.44,-27.26,9.72,9.75,0.89,-32.00,-2.00,-23.00
13.79,-14.20,95.75,68.16,268.44,-29.36,9.72,9.64,0.94,-33.00,1.00,-21.00
13.81,-14.17,95.76,67.11,268.44,-26.21,9.64,9.69,0.92,-32.00,0.00,-18.00
13.84,-14.13,95.71,69.21,269.48,-27.26,9.67,9.75,0.86,-28.00,0.00,-15.00
13.86,-14.14,95.69,68.16,269.48,-26.21,9.75,9.69,0.94,-27.00,5.00,-13.00
13.90,-14.12,95.64,68.16,269.48,-29.36,9.67,9.78,0.94,-25.00,6.00,-10.00
13.92,-14.12,95.67,68.16,269.48,-26.21,9.67,9.67,0.97,-21.00,8.00,-7.00
13.96,-14.11,95.64,69.21,268.44,-25.17,9.81,9.67,0.94,-19.00,5.00,-5.00
13.98,-14.14,95.61,71.30,271.58,-26.21,9.75,9.72,0.86,-8.00,1.00,-4.00
13.99,-14.18,95.58,68.16,266.34,-24.12,9.72,9.75,0.89,-19.00,-3.00,-1.00
14.00,-14.19,95.51,68.16,270.53,-24.12,9.72,9.67,0.94,-27.00,0.00,-2.00
14.03,-14.18,95.44,69.21,270.53,-25.17,9.72,9.75,0.89,-26.00,-1.00,-2.00
14.03,-14.19,95.42,68.16,270.53,-25.17,9.69,9.69,0.94,-15.00,-9.00,-4.00
14.03,-14.17,95.40,67.11,269.48,-25.17,9.75,9.69,0.94,-14.00,-10.00,-6.00
14.03,-14.14,95.38,69.21,268.44,-25.17,9.67,9.67,0.97,-15.00,-8.00,-7.00
14.04,-14.15,95.37,68.16,269.48,-25.17,9.75,9.64,0.97,-17.00,-9.00,-6.00
14.04,-14.14,95.35,69.21,268.44,-24.12,9.75,9.69,0.92,-19.00,-8.00,-6.00
14.04,-14.16,95.30,67.11,268.44,-25.17,9.67,9.69,0.92,-22.00,-6.00,-8.00
14.04,-14.13,95.28,69.21,269.48,-28.31,9.69,9.75,0.89,-24.00,-3.00,-6.00
14.02,-14.15,95.32,71.30,268.44,-30.41,9.67,9.67,0.92,-26.00,-2.00,-1.00
13.97,-14.23,95.40,74.45,255.85,-27.26,9.69,9.69,1.00,-27.00,-17.00,10.00
13.93,-14.45,95.30,65.01,235.93,-20.97,9.75,9.67,0.97,-140.00,-32.00,27.00
13.95,-14.59,94.94,63.96,219.15,-25.17,9.72,9.72,0.92,-251.00,5.00,46.00
14.03,-14.87,94.22,56.62,224.40,-32.51,9.67,9.58,1.06,-579.00,79.00,115.00
14.23,-14.96,93.28,54.53,235.93,-29.36,9.78,9.56,1.17,-841.00,185.00,94.00
14.52,-14.87,92.04,53.48,226.49,-16.78,9.78,9.31,1.47,-1055.00,251.00,39.00
14.97,-14.83,90.24,56.62,228.59,-3.15,9.67,9.19,1.53,-1326.00,326.00,45.00
15.58,-14.78,88.01,47.19,232.78,7.34,9.64,9.06,1.92,-1529.00,436.00,17.00
16.44,-14.51,85.53,49.28,240.12,19.92,9.58,8.92,2.19,-1640.00,609.00,25.00
17.47,-14.39,82.84,75.50,270.53,28.31,9.56,8.64,2.53,-1729.00,728.00,168.00
18.23,-14.59,80.52,65.01,305.14,38.80,9.58,8.42,2.75,-1606.00,572.00,155.00
18.97,-14.38,78.66,73.40,312.48,58.72,9.42,8.14,3.00,-1296.00,623.00,102.00
19.58,-14.36,77.16,78.64,301.99,78.64,9.53,8.03,3.14,-980.00,513.00,156.00
19.97,-14.46,75.94,78.64,300.94,87.03,9.44,7.92,3.33,-704.00,346.00,168.00
20.29,-14.65,75.13,97.52,308.28,92.27,9.42,7.72,3.42,-402.00,277.00,232.00
20.25,-15.07,74.90,99.61,300.94,92.27,9.42,7.69,3.39,-72.00,46.00,225.00
19.96,-15.58,75.05,98.57,289.41,94.37,9.47,7.69,3.39,173.00,-128.00,232.00
19.56,-16.10,75.29,94.37,279.97,87.03,9.58,7.67,3.28,274.00,-221.00,202.00
18.95,-16.61,75.84,90.18,274.73,81.79,9.61,7.72,3.25,440.00,-358.00,180.00
18.23,-16.99,76.61,88.08,266.34,73.40,9.69,7.86,3.00,573.00,-428.00,127.00
17.38,-17.32,77.54,84.93,263.19,67.11,9.69,7.89,2.94,651.00,-486.00,88.00
16.51,-17.55,78.58,85.98,260.05,62.91,9.92,7.97,2.72,711.00,-519.00,58.00
15.61,-17.77,79.65,81.79,257.95,53.48,9.89,8.08,2.67,744.00,-534.00,41.00
14.70,-17.86,80.80,80.74,252.71,47.19,9.97,8.22,2.56,747.00,-544.00,9.00
13.91,-17.88,81.94,81.79,249.56,39.85,10.06,8.22,2.33,757.00,-477.00,-27.00
13.18,-17.84,83.08,80.74,248.51,32.51,10.00,8.36,2.11,756.00,-415.00,-85.00
12.52,-17.78,84.21,80.74,251.66,23.07,10.08,8.47,1.97,726.00,-367.00,-86.00
11.90,-17.71,85.34,80.74,246.42,15.73,10.06,8.67,1.81,660.00,-330.00,-74.00
11.31,-17.64,86.41,82.84,248.51,7.34,10.11,8.64,1.72,590.00,-308.00,-96.00
10.81,-17.58,87.48,83.89,250.61,3.15,10.11,8.78,1.61,543.00,-250.00,-120.00
10.42,-17.38,88.42,82.84,249.56,1.05,10.14,8.92,1.50,485.00,-181.00,-218.00
10.19,-17.16,89.21,81.79,254.80,-3.15,10.14,8.97,1.42,429.00,-102.00,-232.00
9.98,-16.90,89.94,79.69,257.95,-5.24,10.06,9.06,1.39,382.00,-97.00,-238.00
9.67,-16.60,90.60,81.79,262.14,-7.34,10.08,9.19,1.33,325.00,-192.00,-237.00
9.44,-16.34,91.19,74.45,260.05,-7.34,10.00,9.11,1.22,303.00,-163.00,-233.00
9.27,-16.00,91.66,73.40,260.05,-7.34,9.89,9.25,1.19,264.00,-128.00,-218.00
9.13,-15.71,92.02,72.35,259.00,-8.39,9.94,9.25,1.11,220.00,-133.00,-185.00
9.02,-15.49,92.33,71.30,264.24,-11.53,9.94,9.44,1.14,197.00,-119.00,-153.00
8.93,-15.29,92.63,68.16,264.24,-12.58,9.92,9.39,1.11,175.00,-101.00,-109.00
8.87,-15.09,92.93,70.25,266.34,-12.58,9.89,9.53,1.03,178.00,-91.00,-83.00
8.88,-14.99,93.17,71.30,266.34,-13.63,9.97,9.44,1.03,171.00,-46.00,-51.00
8.90,-14.94,93.39,70.25,264.24,-17.83,9.81,9.47,0.89,160.00,-37.00,-34.00
8.91,-14.91,93.65,71.30,266.34,-18.87,9.94,9.47,0.92,147.00,-18.00,-11.00
8.93,-14.94,93.89,71.30,267.39,-19.92,9.92,9.56,0.94,130.00,-19.00,13.00
8.97,-14.93,94.12,71.30,266.34,-20.97,9.86,9.53,0.94,130.00,-19.00,1.00
9.04,-14.93,94.32,72.35,265.29,-22.02,9.89,9.58,0.86,115.00,-3.00,-7.00
9.11,-14.92,94.51,72.35,265.29,-20.97,9.92,9.61,0.92,106.00,9.00,-24.00
9.23,-14.89,94.65,73.40,265.29,-20.97,9.89,9.64,0.86,98.00,20.00,-49.00
9.34,-14.87,94.74,70.25,265.29,-25.17,9.83,9.56,0.89,77.00,15.00,-56.00
9.44,-14.78,94.90,71.30,265.29,-22.02,9.81,9.69,0.81,65.00,17.00,-62.00
9.56,-14.72,94.95,70.25,265.29,-24.12,9.86,9.64,0.94,48.00,18.00,-57.00
9.67,-14.66,95.03,69.21,266.34,-24.12,9.83,9.69,0.92,36.00,9.00,-54.00
9.78,-14.58,95.07,69.21,266.34,-25.17,9.83,9.67,0.86,19.00,10.00,-48.00
9.86,-14.52,95.11,68.16,267.39,-26.21,9.78,9.61,0.89,2.00,0.00,-40.00
9.95,-14.45,95.15,69.21,267.39,-23.07,9.81,9.67,0.86,-9.00,8.00,-29.00
10.07,-14.42,95.10,68.16,269.48,-20.97,9.81,9.64,0.89,-20.00,20.00,-29.00
10.20,-14.35,95.01,67.11,269.48,-24.12,9.78,9.69,0.92,-21.00,24.00,-32.00
10.33,-14.27,94.98,67.11,270.53,-24.12,9.81,9.67,0.86,-21.00,26.00,-36.00
10.44,-14.18,94.96,67.11,269.48,-23.07,9.78,9.75,0.86,-20.00,30.00,-38.00
10.57,-14.11,94.92,67.11,269.48,-22.02,9.75,9.64,0.89,-23.00,37.00,-39.00
10.71,-14.05,94.84,66.06,268.44,-19.92,9.72,9.67,0.89,-29.00,47.00,-37.00
10.87,-14.00,94.74,67.11,267.39,-23.07,9.75,9.78,0.92,-25.00,52.00,-24.00
11.01,-13.99,94.72,69.21,268.44,-23.07,9.67,9.75,0.89,-20.00,56.00,-14.00
11.13,-14.04,94.70,68.16,269.48,-22.02,9.78,9.69,1.03,-17.00,50.00,-2.00
11.26,-14.06,94.66,68.16,269.48,-20.97,9.78,9.64,0.89,-20.00,44.00,1.00
11.36,-14.07,94.61,70.25,268.44,-20.97,9.69,9.61,0.94,-23.00,37.00,1.00
11.46,-14.13,94.57,68.16,269.48,-18.87,9.69,9.67,0.94,-17.00,34.00,-2.00
11.56,-14.13,94.49,69.21,270.53,-23.07,9.75,9.61,0.89,-16.00,27.00,-2.00
11.61,-14.16,94.51,68.16,267.39,-20.97,9.81,9.58,1.00,-12.00,24.00,3.00
11.68,-14.19,94.46,68.16,270.53,-20.97,9.75,9.69,0.97,-30.00,18.00,11.00
11.75,-14.19,94.43,68.16,272.63,-20.97,9.69,9.69,0.97,-24.00,15.00,2.00
11.79,-14.15,94.41,68.16,272.63,-20.97,9.75,9.67,0.97,-14.00,2.00,-12.00
11.81,-14.11,94.42,68.16,270.53,-18.87,9.67,9.67,0.97,-2.00,-13.00,-25.00
11.85,-14.06,94.39,68.16,269.48,-18.87,9.75,9.75,0.92,-1.00,-11.00,-31.00
11.88,-14.03,94.36,67.11,268.44,-20.97,9.78,9.69,0.92,-3.00,-10.00,-30.00
11.89,-14.00,94.36,67.11,267.39,-20.97,9.83,9.75,0.92,-16.00,-9.00,-24.00
11.89,-13.96,94.36,69.21,270.53,-20.97,9.72,9.64,0.92,-14.00,-14.00,-30.00
11.88,-13.94,94.37,68.16,271.58,-19.92,9.78,9.72,0.94,-6.00,-24.00,-37.00
11.87,-13.90,94.37,66.06,269.48,-19.92,9.69,9.69,0.86,-1.00,-29.00,-34.00
11.86,-13.85,94.36,67.11,268.44,-20.97,9.61,9.69,0.94,-7.00,-26.00,-28.00
11.86,-13.82,94.37,66.06,269.48,-16.78,9.75,9.67,0.94,-12.00,-24.00,-27.00
11.87,-13.78,94.30,66.06,270.53,-19.92,9.72,9.69,0.89,-10.00,-26.00,-24.00
11.85,-13.74,94.29,66.06,270.53,-20.97,9.64,9.75,0.94,-10.00,-26.00,-21.00
11.84,-13.72,94.30,66.06,270.53,-19.92,9.72,9.69,0.92,-11.00,-25.00,-16.00
11.83,-13.70,94.30,65.01,268.44,-22.02,9.75,9.75,0.92,-10.00,-24.00,-12.00
11.82,-13.67,94.34,63.96,268.44,-20.97,9.61,9.75,0.89,-8.00,-19.00,-12.00
11.82,-13.63,94.34,66.06,271.58,-20.97,9.69,9.69,0.94,-11.00,-13.00,-8.00
11.84,-13.63,94.35,67.11,269.48,-22.02,9.69,9.69,0.92,-4.00,-7.00,1.00
11.84,-13.67,94.40,63.96,268.44,-23.07,9.72,9.75,0.92,3.00,-8.00,9.00
11.84,-13.66,94.47,66.06,268.44,-22.02,9.72,9.75,0.97,5.00,-8.00,12.00
11.85,-13.69,94.51,67.11,271.58,-22.02,9.72,9.72,0.89,6.00,-11.00,12.00
11.85,-13.72,94.54,67.11,269.48,-20.97,9.69,9.78,0.92,5.00,-10.00,12.00
11.87,-13.76,94.54,66.06,270.53,-23.07,9.69,9.72,0.94,-1.00,-9.00,13.00
11.88,-13.76,94.58,67.11,270.53,-24.12,9.67,9.69,0.97,-2.00,-11.00,4.00
11.89,-13.77,94.64,67.11,268.44,-24.12,9.75,9.69,0.86,1.00,-13.00,-4.00
11.88,-13.78,94.70,66.06,269.48,-24.12,9.75,9.78,0.94,-1.00,-13.00,-9.00
11.89,-13.75,94.74,65.01,269.48,-22.02,9.72,9.75,0.94,-4.00,-9.00,-13.00
11.94,-13.72,94.72,63.96,268.44,-22.02,9.67,9.81,0.92,-12.00,3.00,-10.00
11.99,-13.68,94.70,66.06,268.44,-22.02,9.75,9.72,1.00,-16.00,9.00,-7.00
12.05,-13.68,94.68,65.01,270.53,-23.07,9.69,9.67,0.83,-21.00,14.00,-8.00
12.09,-13.65,94.66,67.11,268.44,-24.12,9.78,9.78,0.89,-22.00,18.00,-9.00
12.12,-13.67,94.68,66.06,269.48,-23.07,9.75,9.75,0.89,-23.00,17.00,-9.00
12.16,-13.68,94.67,66.06,271.58,-22.02,9.67,9.72,1.00,-21.00,16.00,-6.00
12.22,-13.67,94.65,66.06,270.53,-20.97,9.67,9.72,0.86,-16.00,12.00,-5.00
12.26,-13.67,94.62,66.06,270.53,-23.07,9.78,9.72,0.94,-12.00,10.00,-2.00
12.28,-13.68,94.64,67.11,268.44,-20.97,9.69,9.72,0.92,-7.00,4.00,5.00
12.31,-13.72,94.61,67.11,268.44,-18.87,9.69,9.78,1.03,-13.00,5.00,5.00
12.37,-13.76,94.52,67.11,269.48,-19.92,9.64,9.78,0.92,-24.00,7.00,7.00
12.41,-13.78,94.47,67.11,269.48,-20.97,9.69,9.72,0.94,-21.00,3.00,1.00
12.43,-13.79,94.46,67.11,271.58,-20.97,9.72,9.72,0.94,-15.00,1.00,-6.00
12.45,-13.80,94.44,70.25,269.48,-23.07,9.78,9.72,0.89,-16.00,0.00,-1.00
12.41,-13.88,94.47,71.30,264.24,-26.21,9.64,9.69,0.94,-17.00,-26.00,9.00
12.32,-14.03,94.50,66.06,253.76,-28.31,9.75,9.69,0.83,-85.00,-54.00,28.00
12.23,-14.11,94.41,56.62,248.51,-23.07,9.67,9.67,1.03,-211.00,-27.00,27.00
12.27,-14.04,94.12,56.62,247.46,-23.07,9.78,9.67,1.03,-274.00,14.00,38.00
12.35,-14.09,93.63,54.53,240.12,-24.12,9.78,9.53,1.06,-424.00,63.00,107.00
12.51,-14.20,92.91,53.48,235.93,-20.97,9.72,9.56,1.11,-625.00,135.00,153.00
12.74,-14.34,91.84,54.53,230.69,-10.49,9.75,9.42,1.31,-857.00,183.00,178.00
13.15,-14.49,90.28,53.48,228.59,0.00,9.89,9.25,1.42,-1097.00,280.00,159.00
13.69,-14.61,88.28,54.53,229.64,10.49,9.81,9.08,1.78,-1333.00,378.00,159.00
14.55,-14.74,85.85,52.43,232.78,16.78,9.75,8.94,1.94,-1554.00,573.00,196.00
15.32,-14.73,83.39,65.01,250.61,29.36,9.81,8.67,2.36,-1627.00,551.00,155.00
16.29,-14.73,80.88,58.72,254.80,36.70,9.78,8.47,2.56,-1619.00,695.00,123.00
17.11,-14.72,78.54,82.84,269.48,53.48,9.69,8.19,2.89,-1585.00,625.00,245.00
18.13,-14.96,76.30,76.55,291.50,62.91,9.50,7.94,3.08,-1422.00,764.00,210.00
18.85,-14.88,74.82,100.66,315.62,72.35,9.53,7.72,3.36,-988.00,616.00,133.00
19.11,-15.09,73.92,101.71,307.23,92.27,9.56,7.67,3.47,-651.00,297.00,138.00
19.11,-15.52,73.31,98.57,299.89,108.00,9.53,7.53,3.53,-389.00,66.00,234.00
18.90,-15.97,73.08,91.23,306.18,108.00,9.50,7.47,3.50,-53.00,-111.00,226.00
18.54,-16.30,73.36,91.23,300.94,106.95,9.61,7.47,3.42,259.00,-190.00,196.00
18.10,-16.62,73.80,90.18,287.31,101.71,9.69,7.47,3.42,382.00,-247.00,184.00
17.54,-16.97,74.48,85.98,265.29,83.89,9.78,7.64,3.31,565.00,-349.00,169.00
16.92,-17.30,75.40,85.98,259.00,74.45,9.75,7.53,3.19,689.00,-362.00,131.00
16.29,-17.59,76.47,88.08,256.90,65.01,9.81,7.78,3.03,758.00,-358.00,99.00
15.58,-17.88,77.73,89.13,255.85,59.77,9.86,7.81,2.89,824.00,-395.00,69.00
14.82,-18.11,79.07,90.18,244.32,54.53,10.00,7.89,2.75,879.00,-435.00,24.00
14.09,-18.45,80.28,87.03,243.27,47.19,10.00,7.94,2.50,844.00,-438.00,39.00
13.44,-18.63,81.48,84.93,247.46,34.60,10.06,8.19,2.33,823.00,-373.00,5.00
12.80,-18.60,82.86,87.03,249.56,27.26,10.14,8.28,2.25,833.00,-328.00,-73.00
12.27,-18.56,84.24,89.13,247.46,23.07,10.11,8.42,2.11,832.00,-260.00,-101.00
11.75,-18.62,85.47,89.13,251.66,11.53,10.17,8.44,1.97,750.00,-280.00,-66.00
11.18,-18.63,86.78,82.84,247.46,9.44,10.17,8.64,1.86,699.00,-301.00,-76.00
10.84,-18.48,87.86,82.84,248.51,4.19,10.08,8.61,1.78,633.00,-174.00,-107.00
10.53,-18.23,88.91,79.69,253.76,-1.05,10.11,8.83,1.67,603.00,-176.00,-185.00
10.42,-17.85,89.82,80.74,249.56,-2.10,10.08,8.83,1.56,530.00,-56.00,-216.00
10.26,-17.58,90.60,79.69,256.90,-3.15,10.08,8.94,1.53,473.00,-107.00,-204.00
10.13,-17.27,91.31,74.45,256.90,-6.29,10.03,9.03,1.44,457.00,-123.00,-198.00
10.12,-16.94,91.88,76.55,263.19,-8.39,10.00,9.14,1.42,389.00,-45.00,-159.00
10.15,-16.66,92.42,73.40,261.10,-10.49,10.00,9.14,1.33,370.00,-38.00,-151.00
10.22,-16.39,92.90,75.50,263.19,-14.68,9.97,9.22,1.22,353.00,-2.00,-129.00
10.33,-16.20,93.38,75.50,263.19,-14.68,10.00,9.36,1.28,325.00,29.00,-114.00
10.44,-16.04,93.77,76.55,262.14,-17.83,9.89,9.31,1.25,298.00,13.00,-98.00
10.58,-15.94,94.16,73.40,261.10,-19.92,9.89,9.36,1.08,275.00,28.00,-95.00
10.72,-15.85,94.48,74.45,264.24,-22.02,9.97,9.44,1.14,227.00,53.00,-52.00
10.85,-15.76,94.82,74.45,264.24,-23.07,9.92,9.47,1.08,222.00,28.00,-56.00
11.01,-15.71,95.10,76.55,266.34,-25.17,9.86,9.50,1.08,201.00,58.00,-35.00
11.14,-15.68,95.38,73.40,263.19,-27.26,9.83,9.61,1.11,186.00,24.00,-43.00
11.23,-15.64,95.63,76.55,261.10,-27.26,9.89,9.58,1.17,134.00,4.00,-19.00
11.40,-15.67,95.82,77.59,264.24,-28.31,9.86,9.58,0.97,122.00,38.00,-31.00
11.48,-15.67,96.00,75.50,264.24,-30.41,9.83,9.58,1.03,103.00,-7.00,-38.00
11.58,-15.64,96.16,74.45,265.29,-28.31,9.86,9.53,1.06,75.00,7.00,-37.00
11.68,-15.58,96.25,74.45,264.24,-29.36,9.81,9.61,0.94,58.00,-8.00,-41.00
11.75,-15.53,96.33,75.50,264.24,-29.36,9.83,9.67,1.00,44.00,-20.00,-39.00
11.83,-15.52,96.36,72.35,265.29,-29.36,9.89,9.64,1.00,5.00,-22.00,-31.00
11.89,-15.44,96.35,71.30,266.34,-31.46,9.86,9.58,0.94,-16.00,-34.00,-30.00
11.92,-15.34,96.37,71.30,267.39,-29.36,9.83,9.69,1.06,-27.00,-35.00,-30.00
12.01,-15.26,96.33,70.25,267.39,-26.21,9.81,9.64,1.00,-34.00,-18.00,-28.00
12.13,-15.16,96.22,70.25,267.39,-26.21,9.86,9.69,0.94,-32.00,-5.00,-28.00
12.24,-15.08,96.12,71.30,267.39,-26.21,9.81,9.67,1.03,-33.00,4.00,-27.00
12.38,-15.03,96.03,71.30,268.44,-26.21,9.78,9.67,1.06,-33.00,18.00,-22.00
12.51,-14.98,95.95,72.35,267.39,-26.21,9.81,9.61,1.06,-28.00,20.00,-23.00
12.65,-14.96,95.87,72.35,268.44,-25.17,9.78,9.61,1.08,-30.00,25.00,-25.00
12.78,-14.93,95.78,72.35,269.48,-25.17,9.81,9.64,1.06,-30.00,25.00,-33.00
12.90,-14.88,95.70,73.40,267.39,-27.26,9.78,9.64,1.00,-28.00,20.00,-41.00
12.99,-14.85,95.68,70.25,268.44,-24.12,9.75,9.67,1.06,-23.00,15.00,-51.00
13.10,-14.75,95.59,71.30,268.44,-24.12,9.72,9.64,0.97,-24.00,13.00,-55.00
13.17,-14.69,95.51,70.25,267.39,-25.17,9.78,9.72,1.06,-31.00,7.00,-53.00
13.25,-14.62,95.46,70.25,268.44,-22.02,9.81,9.78,1.06,-32.00,5.00,-52.00
13.33,-14.55,95.35,71.30,268.44,-23.07,9.75,9.69,1.06,-29.00,3.00,-50.00
13.40,-14.52,95.28,69.21,268.44,-24.12,9.69,9.72,1.06,-27.00,-3.00,-43.00
13.45,-14.46,95.24,69.21,268.44,-24.12,9.69,9.72,1.03,-23.00,-3.00,-38.00
13.48,-14.40,95.21,68.16,269.48,-24.12,9.75,9.64,1.00,-19.00,-9.00,-34.00
13.50,-14.33,95.19,69.21,270.53,-23.07,9.67,9.72,1.03,-14.00,-12.00,-33.00
13.53,-14.29,95.16,69.21,268.44,-24.12,9.61,9.64,1.00,-12.00,-13.00,-33.00
13.54,-14.26,95.15,69.21,266.34,-25.17,9.69,9.69,1.06,-13.00,-15.00,-27.00
13.57,-14.25,95.15,69.21,268.44,-24.12,9.67,9.72,1.03,-24.00,-8.00,-26.00
13.59,-14.23,95.13,68.16,271.58,-22.02,9.67,9.75,1.08,-23.00,-6.00,-26.00
13.64,-14.17,95.06,67.11,271.58,-25.17,9.67,9.75,1.08,-21.00,-8.00,-29.00
13.67,-14.09,95.07,67.11,270.53,-26.21,9.69,9.75,1.06,-16.00,-8.00,-36.00
13.69,-14.02,95.10,67.11,268.44,-23.07,9.67,9.72,1.08,-15.00,-5.00,-35.00
13.73,-13.98,95.06,66.06,269.48,-23.07,9.67,9.81,1.03,-18.00,0.00,-32.00
13.77,-13.91,95.02,67.11,268.44,-24.12,9.61,9.69,1.06,-21.00,4.00,-29.00
13.81,-13.89,95.01,66.06,270.53,-24.12,9.64,9.78,1.06,-19.00,6.00,-26.00
13.84,-13.84,95.00,67.11,270.53,-23.07,9.64,9.78,1.08,-18.00,6.00,-21.00
13.89,-13.82,94.98,68.16,269.48,-23.07,9.72,9.83,1.03,-14.00,5.00,-19.00
13.91,-13.83,94.96,66.06,269.48,-25.17,9.61,9.81,1.08,-12.00,3.00,-16.00
13.94,-13.80,94.98,67.11,268.44,-24.12,9.67,9.78,1.03,-12.00,3.00,-13.00
13.96,-13.81,94.98,69.21,270.53,-22.02,9.64,9.67,1.14,-15.00,2.00,-10.00
14.00,-13.84,94.94,67.11,270.53,-24.12,9.58,9.78,1.08,-14.00,-1.00,-10.00
14.02,-13.84,94.95,67.11,268.44,-26.21,9.67,9.81,1.00,-12.00,-4.00,-7.00
14.01,-13.85,95.00,67.11,268.44,-25.17,9.64,9.81,1.08,-13.00,-4.00,-4.00
14.02,-13.86,95.02,66.06,270.53,-23.07,9.67,9.72,1.14,-16.00,-5.00,-4.00
14.05,-13.83,94.99,66.06,270.53,-24.12,9.69,9.81,1.06,-19.00,-4.00,-7.00
14.06,-13.80,94.99,67.11,269.48,-24.12,9.58,9.75,1.06,-14.00,-4.00,-9.00
14.08,-13.80,94.99,68.16,269.48,-23.07,9.64,9.78,1.06,-16.00,-3.00,-11.00
14.10,-13.82,94.96,67.11,269.48,-23.07,9.64,9.81,1.06,-16.00,2.00,-9.00
14.13,-13.83,94.94,67.11,269.48,-24.12,9.61,9.78,1.11,-17.00,4.00,-6.00
14.16,-13.83,94.94,67.11,268.44,-25.17,9.58,9.72,1.08,-15.00,4.00,-5.00
14.18,-13.85,94.96,68.16,267.39,-22.02,9.69,9.86,1.08,-17.00,5.00,0.00
14.21,-13.90,94.93,69.21,269.48,-24.12,9.67,9.78,1.03,-13.00,3.00,7.00
14.21,-13.96,94.93,67.11,270.53,-24.12,9.61,9.72,1.08,-15.00,-3.00,8.00
14.21,-13.95,94.94,67.11,269.48,-22.02,9.67,9.75,1.08,-15.00,-7.00,2.00
14.22,-13.94,94.90,67.11,269.48,-22.02,9.64,9.75,1.08,-16.00,-14.00,-7.00
14.22,-13.93,94.87,68.16,269.48,-23.07,9.64,9.72,1.08,-16.00,-19.00,-8.00
14.20,-13.94,94.86,67.11,268.44,-24.12,9.67,9.72,1.14,-19.00,-23.00,-6.00
14.19,-13.94,94.88,67.11,268.44,-22.02,9.69,9.72,1.08,-19.00,-25.00,-4.00
14.17,-13.94,94.85,67.11,269.48,-23.07,9.64,9.75,1.11,-17.00,-25.00,-2.00
14.16,-13.94,94.85,67.11,269.48,-23.07,9.61,9.75,1.11,-15.00,-23.00,-1.00
14.16,-13.94,94.85,68.16,269.48,-24.12,9.67,9.86,1.11,-13.00,-20.00,0.00
14.15,-13.97,94.87,67.11,267.39,-23.07,9.67,9.81,1.03,-18.00,-18.00,7.00
14.14,-14.01,94.82,68.16,263.19,-22.02,9.61,9.67,1.03,-45.00,-11.00,22.00
14.14,-14.10,94.65,68.16,254.80,-24.12,9.61,9.72,1.06,-133.00,-6.00,35.00
14.18,-14.25,94.31,60.82,244.32,-25.17,9.61,9.75,1.17,-294.00,35.00,46.00
14.30,-14.29,93.78,50.33,233.83,-22.02,9.67,9.69,1.19,-466.00,94.00,40.00
14.60,-14.20,92.89,50.33,233.83,-22.02,9.72,9.47,1.42,-682.00,222.00,47.00
15.13,-14.06,91.73,45.09,218.10,-1.05,9.67,9.47,1.50,-884.00,382.00,0.00
15.85,-13.97,90.07,50.33,216.01,0.00,9.64,9.33,1.81,-1018.00,483.00,35.00
16.86,-14.07,87.90,57.67,242.22,4.19,9.58,9.14,2.06,-1384.00,700.00,123.00
18.00,-14.12,85.61,61.87,274.73,5.24,9.33,8.94,2.39,-1516.00,816.00,130.00
19.04,-13.93,83.65,69.21,275.78,22.02,9.44,8.78,2.69,-1437.00,806.00,38.00
19.97,-13.82,81.72,75.50,286.26,34.60,9.31,8.61,2.94,-1333.00,731.00,13.00
20.79,-13.81,80.02,79.69,293.60,57.67,9.19,8.42,3.14,-1152.00,656.00,45.00
21.44,-13.77,78.49,74.45,295.70,70.25,9.14,8.36,3.19,-917.00,538.00,8.00
21.99,-13.68,77.23,84.93,301.99,72.35,9.11,8.14,3.50,-694.00,488.00,40.00
22.38,-13.72,76.29,90.18,305.14,83.89,9.03,8.06,3.61,-551.00,380.00,33.00
22.40,-13.83,75.82,83.89,294.65,90.18,9.03,8.00,3.61,-238.00,129.00,9.00
22.24,-13.96,75.59,84.93,292.55,85.98,9.11,8.08,3.61,-32.00,0.00,22.00
21.81,-14.20,75.78,78.64,288.36,82.84,9.06,8.17,3.53,189.00,-181.00,39.00
21.23,-14.37,76.29,75.50,276.82,76.55,9.11,8.14,3.50,397.00,-281.00,27.00
20.53,-14.57,77.01,74.45,275.78,71.30,9.22,8.22,3.42,522.00,-376.00,41.00
19.73,-14.77,77.93,73.40,270.53,65.01,9.17,8.25,3.25,639.00,-451.00,40.00
18.88,-14.96,78.99,73.40,266.34,56.62,9.31,8.39,3.11,720.00,-487.00,40.00
18.01,-15.14,80.12,71.30,262.14,51.38,9.36,8.47,2.92,741.00,-503.00,35.00
17.14,-15.27,81.26,73.40,260.05,44.04,9.50,8.64,2.78,761.00,-514.00,26.00
16.23,-15.42,82.46,74.45,259.00,36.70,9.47,8.69,2.64,770.00,-540.00,13.00
15.33,-15.56,83.69,72.35,255.85,28.31,9.61,8.86,2.36,770.00,-548.00,3.00
14.45,-15.61,84.95,73.40,256.90,20.97,9.58,8.83,2.28,753.00,-522.00,-23.00
13.66,-15.60,86.21,72.35,256.90,14.68,9.69,8.97,2.08,739.00,-469.00,-57.00
12.95,-15.54,87.43,73.40,257.95,7.34,9.72,9.14,1.94,715.00,-430.00,-73.00
12.22,-15.53,88.63,72.35,259.00,3.15,9.67,9.19,1.75,663.00,-449.00,-49.00
11.54,-15.49,89.75,73.40,260.05,-1.05,9.75,9.22,1.64,629.00,-439.00,-40.00
10.94,-15.43,90.77,70.25,259.00,-4.19,9.78,9.33,1.36,585.00,-407.00,-56.00
10.48,-15.31,91.63,67.11,257.95,-10.49,9.78,9.39,1.42,514.00,-310.00,-64.00
10.04,-15.08,92.51,67.11,257.95,-15.73,9.81,9.50,1.14,487.00,-325.00,-102.00
9.68,-14.87,93.28,66.06,259.00,-18.87,9.81,9.44,1.08,410.00,-261.00,-102.00
9.38,-14.66,93.95,66.06,262.14,-18.87,9.86,9.58,1.00,351.00,-235.00,-94.00
9.16,-14.48,94.46,65.01,260.05,-20.97,9.83,9.58,1.06,300.00,-198.00,-81.00
9.05,-14.32,94.86,65.01,257.95,-24.12,9.75,9.61,0.94,236.00,-146.00,-67.00
8.97,-14.20,95.27,65.01,261.10,-28.31,9.86,9.75,0.83,224.00,-121.00,-64.00
8.90,-14.09,95.64,65.01,264.24,-26.21,9.81,9.64,0.83,170.00,-105.00,-46.00
8.89,-13.99,95.87,65.01,262.14,-27.26,9.83,9.83,0.78,136.00,-77.00,-42.00
8.91,-13.93,96.04,63.96,265.29,-32.51,9.92,9.72,0.72,98.00,-62.00,-30.00
8.92,-13.85,96.25,65.01,263.19,-30.41,9.72,9.81,0.75,66.00,-51.00,-21.00
8.99,-13.82,96.34,65.01,266.34,-28.31,9.86,9.75,0.75,34.00,-26.00,-19.00
9.11,-13.78,96.34,67.11,266.34,-31.46,9.81,9.72,0.69,8.00,0.00,-16.00
9.22,-13.77,96.38,65.01,269.48,-31.46,9.81,9.75,0.69,-3.00,8.00,-28.00
9.34,-13.69,96.41,66.06,269.48,-32.51,9.78,9.78,0.61,1.00,12.00,-42.00
9.45,-13.63,96.45,66.06,269.48,-31.46,9.75,9.81,0.72,1.00,23.00,-46.00
9.60,-13.58,96.46,66.06,269.48,-30.41,9.83,9.78,0.72,-10.00,28.00,-46.00
9.77,-13.54,96.42,66.06,267.39,-30.41,9.78,9.75,0.69,-22.00,44.00,-43.00
9.93,-13.51,96.37,67.11,269.48,-30.41,9.72,9.78,0.78,-28.00,49.00,-40.00
10.11,-13.51,96.33,67.11,269.48,-28.31,9.75,9.78,0.75,-26.00,50.00,-39.00
10.29,-13.50,96.25,66.06,268.44,-27.26,9.69,9.75,0.78,-27.00,51.00,-36.00
10.47,-13.50,96.15,66.06,269.48,-28.31,9.75,9.83,0.81,-35.00,56.00,-30.00
10.65,-13.49,96.07,66.06,269.48,-26.21,9.78,9.78,0.67,-38.00,59.00,-26.00
10.81,-13.49,95.96,67.11,270.53,-25.17,9.69,9.86,0.81,-38.00,61.00,-22.00
10.99,-13.51,95.83,66.06,269.48,-27.26,9.67,9.81,0.81,-37.00,57.00,-21.00
11.14,-13.51,95.77,66.06,268.44,-25.17,9.67,9.86,0.89,-36.00,52.00,-18.00
11.31,-13.53,95.66,67.11,269.48,-24.12,9.67,9.78,0.83,-42.00,51.00,-14.00
11.46,-13.56,95.54,65.01,269.48,-23.07,9.69,9.89,0.89,-44.00,52.00,-14.00
11.62,-13.53,95.41,67.11,269.48,-24.12,9.61,9.78,0.89,-43.00,52.00,-19.00
11.76,-13.55,95.31,66.06,269.48,-23.07,9.64,9.81,0.86,-44.00,51.00,-22.00
11.89,-13.54,95.20,66.06,270.53,-23.07,9.67,9.81,0.92,-42.00,48.00,-23.00
12.02,-13.53,95.11,67.11,270.53,-23.07,9.61,9.81,0.97,-38.00,47.00,-24.00
12.15,-13.54,95.03,63.96,268.44,-24.12,9.72,9.81,0.89,-33.00,43.00,-26.00
12.23,-13.49,94.99,66.06,269.48,-24.12,9.61,9.81,0.94,-32.00,36.00,-28.00
12.33,-13.48,94.96,67.11,269.48,-22.02,9.61,9.83,1.00,-31.00,35.00,-25.00
12.44,-13.50,94.88,65.01,270.53,-23.07,9.69,9.72,0.94,-36.00,34.00,-24.00
12.51,-13.46,94.82,65.01,271.58,-22.02,9.61,9.81,1.00,-37.00,28.00,-30.00
12.59,-13.41,94.76,66.06,270.53,-25.17,9.61,9.81,0.94,-30.00,20.00,-37.00
12.63,-13.38,94.78,65.01,270.53,-23.07,9.61,9.78,1.00,-26.00,17.00,-37.00
12.68,-13.34,94.76,65.01,270.53,-24.12,9.64,9.78,0.94,-26.00,10.00,-38.00
12.72,-13.31,94.75,65.01,269.48,-22.02,9.56,9.89,0.97,-29.00,14.00,-35.00
12.78,-13.29,94.70,62.91,269.48,-24.12,9.56,9.92,0.86,-32.00,14.00,-31.00
12.81,-13.24,94.70,63.96,270.53,-24.12,9.61,9.89,0.97,-31.00,18.00,-27.00
12.86,-13.21,94.69,62.91,270.53,-22.02,9.64,9.81,0.94,-33.00,23.00,-25.00
12.93,-13.17,94.64,63.96,271.58,-24.12,9.56,9.86,1.00,-32.00,33.00,-22.00
13.00,-13.15,94.63,60.82,270.53,-23.07,9.58,9.89,1.08,-32.00,38.00,-21.00
13.09,-13.07,94.61,61.87,270.53,-22.02,9.56,9.78,0.97,-26.00,40.00,-25.00
13.17,-13.02,94.58,63.96,270.53,-19.92,9.61,9.83,0.97,-26.00,41.00,-26.00
13.25,-13.02,94.51,63.96,271.58,-24.12,9.47,9.81,1.00,-20.00,42.00,-24.00
13.30,-13.02,94.53,63.96,268.44,-19.92,9.58,9.89,1.11,-19.00,34.00,-15.00
13.39,-13.04,94.46,62.91,270.53,-22.02,9.61,9.86,1.03,-27.00,34.00,-13.00
13.44,-13.04,94.45,63.96,270.53,-19.92,9.50,9.89,1.03,-24.00,27.00,-10.00
13.48,-13.05,94.40,65.01,271.58,-20.97,9.53,9.86,1.11,-22.00,15.00,-11.00
13.51,-13.06,94.38,63.96,271.58,-20.97,9.53,9.89,1.08,-19.00,4.00,-15.00
13.54,-13.06,94.36,63.96,269.48,-19.92,9.50,9.89,1.14,-18.00,2.00,-13.00
13.57,-13.07,94.32,62.91,269.48,-17.83,9.50,9.89,1.08,-25.00,-2.00,-13.00
13.60,-13.06,94.24,60.82,269.48,-19.92,9.56,9.86,1.14,-29.00,-1.00,-10.00
13.63,-13.02,94.21,62.91,271.58,-22.02,9.42,9.86,1.03,-29.00,1.00,-9.00
13.63,-13.00,94.22,61.87,272.63,-19.92,9.53,9.83,1.06,-25.00,3.00,-11.00
13.65,-12.97,94.19,62.91,270.53,-16.78,9.47,9.83,1.08,-22.00,5.00,-10.00
13.68,-12.97,94.10,63.96,270.53,-18.87,9.42,9.86,1.06,-23.00,7.00,-6.00
13.71,-13.00,94.07,60.82,270.53,-20.97,9.50,9.83,1.08,-21.00,8.00,-6.00
13.72,-12.96,94.09,63.96,271.58,-19.92,9.56,9.86,1.17,-17.00,9.00,-7.00
13.75,-12.97,94.08,63.96,271.58,-20.97,9.53,9.86,1.11,-16.00,9.00,-8.00
