0,-17.94,-20.78,96.19,105.91,241.17,-66.06,11.53,9.19,-3.36,-9.00,-8.00,-11.00
0,-18.25,-21.00,97.07,71.30,252.71,7.34,11.58,9.42,-3.22,-10.00,-7.00,-8.00
0,-17.90,-20.48,96.16,97.52,264.24,-36.70,11.58,9.39,-3.25,-1.00,-8.00,-9.00
0,-17.92,-20.43,96.33,88.08,251.66,-25.17,11.11,9.28,-3.61,-3.00,-4.00,-9.00
0,-17.94,-20.31,96.25,91.23,285.21,-15.73,11.47,9.36,-3.36,-13.00,3.00,-1.00
0,-17.84,-20.09,95.98,93.32,256.90,-38.80,11.53,9.39,-3.33,-9.00,-2.00,-7.00
0,-17.92,-20.04,96.23,94.37,269.48,-35.65,11.53,9.39,-3.31,-7.00,-5.00,-16.00
0,-17.95,-19.93,96.33,119.54,268.44,-40.89,11.42,9.14,-3.31,-12.00,-6.00,-19.00
0,-18.01,-20.24,96.52,124.78,192.94,-51.38,11.44,9.47,-3.31,-14.00,-9.00,-19.00
0,-18.19,-21.08,97.06,96.47,278.92,-12.58,11.53,9.47,-3.28,-14.00,-10.00,-17.00
0,-18.02,-20.90,96.67,106.95,257.95,-6.29,11.47,9.42,-3.33,-10.00,-12.00,-14.00
0,-17.83,-21.05,96.16,84.93,273.68,-20.97,11.44,9.28,-3.39,-12.00,-9.00,-6.00
0,-17.77,-20.70,95.99,108.00,257.95,-56.62,11.56,9.17,-3.42,-10.00,-5.00,0.00
0,-17.99,-20.86,96.57,96.47,261.10,-2.10,11.53,9.44,-3.36,-7.00,-3.00,-1.00
0,-17.78,-20.80,95.98,103.81,233.83,-32.51,11.53,9.39,-3.36,-5.00,-1.00,-7.00
0,-17.84,-21.08,96.16,99.61,256.90,-14.68,11.17,9.25,-3.36,-6.00,-3.00,-9.00
0,-17.77,-21.08,95.88,109.05,231.74,-56.62,11.53,9.50,-3.36,-4.00,-7.00,-10.00
0,-18.06,-21.44,96.67,90.18,255.85,-47.19,11.06,9.17,-3.67,-4.00,-9.00,-9.00
0,-18.29,-21.21,97.04,90.18,295.70,-6.29,11.47,9.50,-3.33,-4.00,-12.00,-9.00
0,-18.13,-20.88,96.59,101.71,276.82,-45.09,11.47,9.33,-3.39,-5.00,-15.00,-7.00
0,-18.21,-20.79,96.82,75.50,285.21,2.10,11.53,9.36,-3.31,-6.00,-14.00,-9.00
0,-17.96,-20.28,96.17,73.40,292.55,-2.10,11.56,9.50,-3.31,-10.00,-11.00,-11.00
0,-17.77,-19.76,95.67,84.93,276.82,-3.15,11.53,9.33,-3.25,-11.00,-7.00,-13.00
0,-17.60,-19.50,95.21,82.84,266.34,-27.26,11.61,9.47,-3.31,-9.00,-3.00,-13.00
0,-17.61,-19.27,95.26,111.15,223.35,-75.50,11.50,9.42,-3.31,-9.00,-2.00,-10.00
0,-18.04,-19.91,96.54,101.71,241.17,-55.57,11.44,9.00,-3.47,-8.00,-1.00,-10.00
0,-18.28,-20.15,97.17,115.34,220.20,-69.21,11.75,8.72,-3.39,-10.00,-1.00,-10.00
0,-18.58,-20.79,98.11,97.52,242.22,-44.04,11.53,9.44,-3.33,-9.00,-2.00,-11.00
0,-18.60,-20.87,98.32,76.55,262.14,-33.55,11.53,9.47,-3.31,-12.00,-3.00,-6.00
0,-18.49,-20.40,98.23,99.61,240.12,-68.16,11.47,9.33,-3.31,-4.00,-6.00,-9.00
0,-18.68,-20.55,98.97,71.30,266.34,5.24,11.53,9.44,-3.36,-12.00,-7.00,-3.00
0,-18.27,-20.03,97.97,113.25,234.88,-8.39,11.06,9.22,-3.64,-6.00,-7.00,-7.00
0,-18.05,-20.61,97.38,88.08,262.14,7.34,11.47,9.47,-3.42,-16.00,-5.00,-5.00
0,-17.70,-20.42,96.49,102.76,254.80,-1.05,11.53,9.47,-3.42,-20.00,-4.00,-7.00
0,-17.47,-20.57,95.87,83.89,289.41,4.19,11.56,9.31,-3.28,-18.00,-6.00,-11.00
0,-17.26,-20.19,95.30,85.98,290.46,1.05,11.61,9.42,-3.31,-10.00,-8.00,-21.00
0,-17.11,-19.87,94.83,95.42,265.29,-12.58,11.56,9.47,-3.36,-10.00,-7.00,-21.00
0,-17.08,-19.84,94.62,106.95,230.69,-59.77,11.56,9.47,-3.31,-12.00,-6.00,-14.00
0,-17.45,-20.30,95.59,72.35,277.87,-11.53,11.56,9.53,-3.25,-7.00,-7.00,-6.00
0,-17.38,-19.78,95.30,90.18,279.97,-3.15,11.53,9.28,-3.33,-2.00,-9.00,-1.00
0,-17.26,-19.62,94.90,110.10,267.39,-49.28,11.56,9.56,-3.36,0.00,-9.00,-2.00
0,-17.45,-19.83,95.37,77.59,296.75,3.15,11.53,9.28,-3.33,-5.00,-6.00,-3.00
0,-17.32,-19.43,94.88,111.15,250.61,-65.01,11.53,9.47,-3.31,-7.00,-6.00,-4.00
0,-17.63,-19.80,95.76,105.91,277.87,-1.05,11.56,9.47,-3.36,-7.00,-7.00,-7.00
0,-17.51,-19.89,95.30,106.95,241.17,-67.11,11.58,9.47,-3.25,2.00,-13.00,-5.00
0,-17.84,-20.23,96.29,103.81,272.63,-38.80,11.53,9.22,-3.25,0.00,-9.00,-4.00
0,-17.89,-20.27,96.44,103.81,241.17,-60.82,11.53,9.39,-3.39,-11.00,-6.00,3.00
0,-18.16,-20.52,97.19,99.61,241.17,-37.75,11.83,8.75,-3.31,-6.00,-7.00,-3.00
0,-18.19,-20.68,97.37,76.55,281.02,1.05,11.47,9.14,-3.39,-5.00,-11.00,-10.00
0,-17.93,-20.20,96.68,90.18,260.05,-17.83,11.31,9.06,-3.17,-5.00,-11.00,-15.00
0,-17.79,-20.07,96.41,123.73,211.81,-33.55,11.53,9.44,-3.28,-8.00,-9.00,-13.00
0,-17.83,-20.92,96.61,88.08,252.71,-36.70,11.78,9.17,-3.47,-14.00,-7.00,-5.00
0,-17.89,-20.74,96.76,97.52,246.42,-77.59,11.64,8.81,-3.47,-11.00,-6.00,1.00
0,-18.26,-20.77,97.79,88.08,298.84,-6.29,11.42,9.25,-3.39,-7.00,-2.00,6.00
0,-18.06,-20.47,97.28,103.81,260.05,-65.01,11.53,9.47,-3.31,-5.00,2.00,8.00
0,-18.21,-20.56,97.88,109.05,242.22,-20.97,11.50,9.56,-3.25,-4.00,5.00,10.00
0,-18.04,-20.94,97.60,90.18,268.44,-36.70,11.42,8.94,-3.50,0.00,2.00,7.00
0,-18.02,-20.72,97.62,108.00,257.95,-17.83,11.25,9.22,-3.50,1.00,0.00,6.00
0,-17.90,-20.92,97.29,94.37,241.17,-78.64,11.56,9.44,-3.39,-2.00,-5.00,6.00
0,-18.26,-20.91,98.36,89.13,234.88,-48.23,11.50,8.97,-3.50,-3.00,-9.00,7.00
0,-18.37,-20.87,98.68,103.81,253.76,-42.99,11.53,9.33,-3.39,-1.00,-13.00,7.00
0,-18.36,-20.99,98.78,85.98,272.63,-8.39,11.42,9.03,-3.56,0.00,-14.00,7.00
0,-18.11,-20.69,98.14,63.96,282.07,7.34,11.64,9.42,-3.44,-2.00,-11.00,9.00
0,-17.74,-20.03,97.25,103.81,272.63,-11.53,11.56,8.89,-3.36,-2.00,-6.00,12.00
0,-17.55,-20.12,96.84,112.20,240.12,-40.89,11.64,9.31,-3.36,-1.00,-5.00,11.00
0,-17.62,-20.60,97.12,93.32,259.00,-29.36,11.42,8.78,-3.33,-1.00,-4.00,11.00
0,-17.58,-20.53,97.06,106.95,245.37,-47.19,11.00,9.19,-3.58,-2.00,-3.00,10.00
0,-17.76,-20.81,97.43,88.08,271.58,-28.31,11.28,9.00,-3.25,-4.00,-3.00,8.00
0,-17.68,-20.55,97.29,98.57,253.76,-36.70,11.64,9.33,-3.36,-6.00,-3.00,5.00
0,-17.68,-20.61,97.38,89.13,241.17,-49.28,11.50,8.67,-3.33,-9.00,-5.00,6.00
0,-17.82,-20.55,97.81,110.10,238.03,-24.12,11.61,9.31,-3.36,-5.00,-9.00,5.00
0,-17.72,-20.98,97.60,94.37,253.76,-36.70,11.58,9.06,-3.36,-10.00,-10.00,6.00
0,-17.72,-20.91,97.67,88.08,257.95,-47.19,11.06,9.19,-3.53,-8.00,-13.00,2.00
0,-17.83,-20.69,97.91,81.79,254.80,-37.75,11.47,9.00,-3.53,-19.00,-7.00,1.00
0,-17.85,-20.39,97.94,96.47,266.34,-29.36,11.11,9.17,-3.56,-22.00,-5.00,-1.00
0,-17.80,-20.33,97.77,108.00,253.76,-66.06,11.58,9.36,-3.33,-17.00,-3.00,-9.00
0,-17.96,-20.51,98.39,105.91,270.53,-27.26,11.17,9.19,-3.47,-11.00,-5.00,-15.00
0,-17.87,-20.56,98.15,85.98,276.82,-27.26,11.58,9.42,-3.33,-10.00,-6.00,-12.00
0,-17.73,-20.26,97.91,73.40,268.44,-27.26,11.58,9.42,-3.36,-14.00,-7.00,-2.00
0,-17.61,-19.79,97.70,89.13,275.78,2.10,11.58,9.39,-3.36,-15.00,-8.00,2.00
0,-17.33,-19.64,96.97,93.32,246.42,-45.09,11.58,9.33,-3.36,-6.00,-12.00,-1.00
0,-17.42,-19.72,97.32,94.37,253.76,2.10,11.17,9.19,-3.47,-2.00,-12.00,2.00
0,-17.19,-19.81,96.56,106.95,236.98,-28.31,11.58,9.33,-3.36,-1.00,-13.00,2.00
0,-17.17,-20.25,96.59,110.10,255.85,-69.21,11.42,8.94,-3.44,-5.00,-7.00,1.00
0,-17.47,-20.49,97.35,95.42,269.48,-53.48,11.64,9.44,-3.33,-7.00,-10.00,5.00
0,-17.59,-20.37,97.71,93.32,278.92,-14.68,11.28,9.22,-3.47,2.00,-16.00,0.00
0,-17.46,-20.22,97.30,110.10,250.61,-11.53,11.58,9.33,-3.39,-11.00,-11.00,4.00
0,-17.28,-20.57,96.84,90.18,272.63,5.24,11.53,9.33,-3.31,-15.00,-5.00,7.00
0,-17.00,-20.39,96.10,90.18,252.71,-36.70,11.58,9.25,-3.31,-10.00,-4.00,7.00
0,-17.06,-20.31,96.32,99.61,273.68,1.05,11.64,9.39,-3.39,-4.00,-4.00,0.00
0,-16.88,-20.29,95.74,87.03,276.82,-18.87,11.47,9.39,-3.39,-6.00,-4.00,-3.00
0,-16.84,-20.03,95.56,80.74,281.02,-10.49,11.64,9.33,-3.36,-10.00,-3.00,-7.00
0,-16.76,-19.67,95.25,121.63,235.93,-47.19,11.58,9.42,-3.36,-12.00,-7.00,-3.00
0,-17.00,-20.39,95.81,104.86,265.29,-32.51,11.11,9.08,-3.56,-11.00,-11.00,-2.00
0,-17.13,-20.49,95.91,100.66,239.08,-38.80,11.75,9.06,-3.39,-13.00,-9.00,2.00
0,-17.26,-20.71,96.23,95.42,236.98,-50.33,11.58,9.14,-3.36,-15.00,-3.00,3.00
0,-17.48,-20.80,96.79,90.18,286.26,-1.05,11.53,9.19,-3.39,-11.00,0.00,-1.00
0,-17.28,-20.53,96.23,70.25,267.39,-3.15,11.61,9.39,-3.28,-8.00,2.00,-3.00
0,-17.06,-19.98,95.67,104.86,235.93,-69.21,11.58,9.33,-3.39,-8.00,2.00,-3.00
0,-17.43,-20.32,96.70,76.55,274.73,10.49,11.64,9.31,-3.39,-9.00,1.00,-3.00
0,-17.16,-19.90,95.86,91.23,271.58,-27.26,11.00,9.11,-3.67,-10.00,-3.00,-8.00
0,-17.24,-19.76,95.84,108.00,260.05,9.44,11.86,8.81,-3.33,-12.00,-8.00,-7.00
0,-16.99,-20.03,95.11,109.05,252.71,-52.43,11.64,9.44,-3.25,-12.00,-8.00,-6.00
0,-17.20,-20.30,95.71,110.10,259.00,-6.29,11.58,9.39,-3.31,-11.00,-7.00,-7.00
0,-17.08,-20.55,95.30,81.79,287.31,-11.53,11.58,9.33,-3.28,-12.00,-2.00,-7.00
0,-16.99,-20.16,95.03,89.13,289.41,-13.63,11.22,9.17,-3.50,-10.00,2.00,-5.00
0,-16.99,-19.91,94.82,122.68,274.73,-39.85,11.58,9.33,-3.36,-9.00,3.00,-7.00
0,-17.11,-20.22,95.08,77.59,265.29,-18.87,11.64,9.25,-3.31,-9.00,3.00,-8.00
0,-17.10,-19.83,94.97,106.95,278.92,-20.97,11.64,9.31,-3.25,-11.00,1.00,-10.00
0,-17.09,-19.91,94.90,77.59,278.92,0.00,11.75,9.28,-3.31,-13.00,-2.00,-11.00
0,-16.96,-19.52,94.43,110.10,232.78,-37.75,11.61,9.31,-3.19,-15.00,-3.00,-8.00
0,-17.14,-20.06,94.89,106.95,281.02,-25.17,11.53,9.25,-3.31,-10.00,-9.00,-9.00
0,-17.19,-20.12,94.89,103.81,272.63,-31.46,11.64,9.31,-3.36,-15.00,-7.00,-3.00
0,-17.28,-20.17,95.04,102.76,268.44,-36.70,11.81,8.78,-3.47,-8.00,-7.00,0.00
0,-17.40,-20.22,95.27,99.61,266.34,-27.26,11.58,9.28,-3.28,-10.00,-5.00,-6.00
0,-17.43,-20.23,95.31,108.00,282.07,-37.75,11.61,9.31,-3.33,-15.00,1.00,-6.00
0,-17.50,-20.28,95.47,100.66,275.78,-17.83,11.58,8.83,-3.36,-19.00,4.00,-1.00
0,-17.47,-20.24,95.31,98.57,278.92,-32.51,11.64,9.31,-3.31,-8.00,-3.00,-13.00
0,-17.52,-20.16,95.41,108.00,261.10,-49.28,11.75,8.89,-3.39,-10.00,-5.00,-10.00
0,-17.70,-20.34,95.87,91.23,256.90,-31.46,11.64,9.42,-3.31,-13.00,-5.00,-5.00
0,-17.74,-20.25,95.97,102.76,262.14,-40.89,11.53,9.00,-3.33,-13.00,-6.00,2.00
0,-17.85,-20.35,96.23,99.61,271.58,-26.21,11.50,9.00,-3.36,-8.00,-8.00,9.00
0,-17.84,-20.34,96.18,97.52,267.39,-45.09,11.31,9.11,-3.56,-2.00,-9.00,8.00
0,-17.98,-20.30,96.49,112.20,250.61,-46.14,11.50,9.25,-3.39,-1.00,-6.00,4.00
0,-18.11,-20.64,96.85,116.39,232.78,-4.19,11.50,9.39,-3.42,-7.00,-3.00,3.00
0,-17.90,-21.25,96.29,105.91,257.95,-31.46,11.61,9.31,-3.25,-9.00,0.00,0.00
0,-17.88,-21.34,96.34,113.25,241.17,1.05,12.08,9.08,-3.28,-8.00,-5.00,1.00
0,-17.62,-21.73,95.71,79.69,271.58,-17.83,11.58,9.31,-3.36,0.00,-11.00,-2.00
0,-17.56,-21.23,95.51,92.27,268.44,-5.24,11.53,8.94,-3.56,-10.00,-5.00,-5.00
0,-17.47,-21.03,95.08,96.47,231.74,-82.84,11.58,9.28,-3.25,-17.00,-4.00,0.00
0,-18.01,-21.11,96.54,93.32,272.63,-20.97,11.64,9.22,-3.22,-10.00,-6.00,-13.00
0,-17.95,-20.88,96.34,85.98,282.07,-11.53,11.53,9.14,-3.42,-7.00,-9.00,-18.00
0,-17.83,-20.51,95.99,114.29,248.51,-58.72,11.64,8.67,-3.36,-7.00,-9.00,-26.00
0,-18.06,-20.83,96.66,110.10,275.78,-22.02,11.11,9.17,-3.58,-8.00,-7.00,-29.00
0,-18.07,-20.89,96.47,99.61,275.78,11.53,11.64,9.33,-3.25,-12.00,-11.00,-15.00
0,-17.76,-20.80,95.69,104.86,254.80,-52.43,11.61,9.36,-3.22,-13.00,-10.00,-8.00
0,-17.93,-20.92,96.23,92.27,241.17,-63.96,11.50,8.92,-3.50,-15.00,-7.00,-3.00
0,-18.28,-20.87,97.09,99.61,277.87,-20.97,11.58,9.39,-3.36,-12.00,-4.00,-3.00
0,-18.18,-20.77,96.84,93.32,254.80,-41.94,11.33,9.00,-3.58,-10.00,-2.00,-5.00
0,-18.28,-20.68,97.08,102.76,245.37,-34.60,11.64,9.33,-3.31,-8.00,-2.00,-6.00
0,-18.27,-20.85,97.17,89.13,288.36,-7.34,11.61,9.33,-3.36,-5.00,-5.00,-9.00
0,-18.08,-20.54,96.70,93.32,251.66,-29.36,11.86,8.75,-3.42,-6.00,-10.00,-12.00
0,-18.06,-20.50,96.70,79.69,283.12,-6.29,11.64,9.33,-3.25,-6.00,-15.00,-11.00
0,-17.87,-20.08,96.22,106.95,248.51,-26.21,11.64,9.22,-3.25,-6.00,-16.00,-8.00
0,-17.84,-20.38,96.20,84.93,276.82,-31.46,11.53,9.33,-3.28,-8.00,-14.00,-4.00
0,-17.84,-20.07,96.22,104.86,238.03,-26.21,11.58,9.31,-3.31,-9.00,-11.00,-5.00
0,-17.83,-20.43,96.22,66.06,279.97,5.24,11.53,9.14,-3.47,-9.00,-7.00,-6.00
0,-17.60,-19.79,95.54,95.42,274.73,6.29,11.53,9.36,-3.31,-9.00,-4.00,-6.00
0,-17.38,-19.74,94.92,95.42,269.48,-32.51,11.58,9.33,-3.31,-10.00,0.00,-6.00
0,-17.44,-19.70,95.08,104.86,261.10,8.39,11.53,9.14,-3.36,-9.00,1.00,-6.00
0,-17.25,-19.91,94.43,89.13,294.65,-2.10,11.53,9.33,-3.33,-12.00,2.00,-5.00
0,-17.16,-19.67,94.09,83.89,265.29,-29.36,11.53,9.19,-3.31,-13.00,1.00,-6.00
0,-17.26,-19.45,94.29,106.95,272.63,1.05,11.53,9.14,-3.36,-10.00,-2.00,-10.00
0,-17.18,-19.62,93.89,111.15,226.49,-16.78,11.64,9.31,-3.33,-14.00,-2.00,-4.00
0,-17.24,-20.21,93.91,103.81,257.95,-39.85,11.31,9.00,-3.42,-8.00,-8.00,-5.00
0,-17.48,-20.35,94.36,103.81,245.37,-42.99,11.53,9.28,-3.39,-12.00,-9.00,-3.00
0,-17.74,-20.58,94.90,82.84,289.41,-20.97,11.64,9.36,-3.31,-11.00,-11.00,-3.00
0,-17.76,-20.19,94.82,96.47,277.87,11.53,11.58,9.19,-3.36,-12.00,-9.00,-5.00
0,-17.56,-20.11,94.17,90.18,274.73,-7.34,11.50,9.00,-3.53,-19.00,2.00,-6.00
0,-17.53,-19.93,93.91,98.57,250.61,-62.91,11.64,9.11,-3.25,-15.00,4.00,-10.00
0,-17.88,-20.02,94.87,90.18,287.31,-11.53,11.47,9.03,-3.47,-7.00,-2.00,-17.00
0,-17.88,-19.79,94.65,100.66,268.44,-12.58,11.50,9.03,-3.50,-12.00,-6.00,-15.00
0,-17.89,-19.84,94.48,98.57,272.63,-9.44,11.58,9.33,-3.25,-6.00,-26.00,-12.00
0,-17.92,-19.83,94.29,92.27,273.68,-20.97,11.64,9.33,-3.36,0.00,-68.00,-12.00
0,-18.50,-19.65,94.48,171.97,191.89,-57.67,11.72,8.83,-3.39,-3.00,-376.00,-22.00
0,-20.40,-21.63,95.59,220.20,182.45,-63.96,11.69,8.81,-3.75,-336.00,-1031.00,0.00
0,-23.49,-24.00,96.25,214.96,186.65,-48.23,11.36,9.06,-3.83,-954.00,-1794.00,233.00
0,-27.75,-26.23,96.75,188.74,201.33,-73.40,11.22,9.03,-4.42,-1325.00,-2587.00,381.00
0,-33.30,-27.45,98.00,170.92,220.20,-47.19,11.08,9.31,-4.50,-1526.00,-3238.00,307.00
0,-38.97,-28.14,98.74,147.85,238.03,6.29,10.75,9.36,-5.03,-1611.00,-3510.00,378.00
0,-43.62,-28.31,98.08,96.47,249.56,75.50,10.11,9.22,-5.67,-1563.00,-3249.00,297.00
0,-46.90,-27.78,95.70,-3.15,328.20,92.27,10.25,9.50,-5.81,-1433.00,-2788.00,289.00
0,-48.57,-26.78,94.22,-48.23,382.73,94.37,10.06,9.42,-5.89,-908.00,-1419.00,350.00
0,-48.72,-26.97,94.21,-38.80,367.00,45.09,10.31,9.42,-5.78,-49.00,-78.00,136.00
0,-46.70,-25.89,94.12,-36.70,363.86,55.57,10.19,9.33,-5.72,722.00,1175.00,-348.00
0,-43.22,-24.56,94.01,25.17,342.88,48.23,10.53,9.50,-5.36,1173.00,2143.00,-568.00
0,-38.64,-23.21,93.67,48.23,308.28,56.62,10.64,9.42,-5.19,1418.00,2823.00,-491.00
0,-33.33,-21.86,92.92,82.84,261.10,34.60,11.22,9.03,-4.72,1546.00,3259.00,-436.00
0,-27.74,-21.01,92.27,89.13,247.46,18.87,11.06,9.44,-4.33,1607.00,3464.00,-467.00
0,-22.37,-20.42,92.00,117.44,238.03,-5.24,11.00,9.28,-3.86,1596.00,3479.00,-468.00
0,-17.63,-20.64,92.35,164.63,244.32,-17.83,11.47,9.22,-3.44,1529.00,3235.00,-403.00
0,-14.05,-21.52,92.93,168.82,241.17,-25.17,11.11,9.25,-3.19,1303.00,2496.00,-319.00
0,-11.83,-22.18,93.71,169.87,241.17,-19.92,11.50,9.06,-3.08,1070.00,1634.00,-455.00
0,-10.76,-23.01,94.10,188.74,174.06,-84.93,11.19,9.22,-2.89,580.00,823.00,-259.00
0,-11.52,-25.26,95.85,173.02,210.76,-63.96,11.64,9.53,-2.94,85.00,70.00,55.00
0,-12.80,-26.46,96.80,153.09,235.93,-45.09,11.69,8.94,-3.03,-211.00,-477.00,17.00
0,-14.55,-27.01,97.18,115.34,257.95,-11.53,11.28,9.50,-3.14,-466.00,-946.00,105.00
0,-16.17,-26.73,96.73,90.18,235.93,-24.12,11.08,9.47,-3.14,-566.00,-1102.00,109.00
0,-17.90,-26.31,96.55,84.93,278.92,-38.80,11.58,9.44,-3.25,-609.00,-1074.00,207.00
0,-19.40,-25.80,96.51,78.64,254.80,-32.51,11.83,9.03,-3.56,-561.00,-881.00,314.00
0,-20.47,-25.23,96.43,52.43,300.94,3.15,11.58,9.42,-3.47,-415.00,-618.00,284.00
0,-20.78,-24.22,95.76,84.93,264.24,-2.10,11.94,9.00,-3.50,-217.00,-349.00,158.00
0,-20.70,-23.67,95.24,75.50,286.26,-12.58,11.47,9.19,-3.53,-38.00,-96.00,44.00
0,-20.48,-22.96,95.02,81.79,253.76,-48.23,11.00,8.92,-3.56,57.00,94.00,20.00
0,-20.50,-22.40,95.70,92.27,271.58,-23.07,11.64,9.00,-3.75,143.00,174.00,-54.00
0,-20.28,-22.09,95.69,105.91,243.27,10.49,11.53,9.56,-3.42,112.00,159.00,-1.00
0,-19.74,-22.32,94.90,102.76,227.54,14.68,11.53,9.22,-3.50,81.00,146.00,28.00
0,-19.27,-22.56,94.15,99.61,248.51,6.29,11.56,9.14,-3.44,51.00,126.00,21.00
0,-18.95,-22.54,93.55,81.79,283.12,-12.58,11.53,9.03,-3.53,14.00,88.00,23.00
0,-18.93,-21.99,93.45,74.45,278.92,-1.05,11.06,9.22,-3.64,4.00,33.00,-7.00
0,-18.96,-21.35,93.11,96.47,255.85,1.05,11.56,9.36,-3.39,-24.00,-11.00,-11.00
0,-18.96,-21.25,92.77,116.39,260.05,-29.36,11.64,8.78,-3.50,-27.00,-41.00,-29.00
0,-19.22,-21.45,93.07,91.23,256.90,-33.55,11.31,9.14,-3.56,-38.00,-61.00,-43.00
0,-19.57,-21.17,93.47,100.66,247.46,-50.33,11.64,9.33,-3.44,-41.00,-65.00,-58.00
0,-20.00,-21.16,94.23,92.27,240.12,-70.25,11.75,8.72,-3.50,-43.00,-73.00,-59.00
0,-20.57,-21.02,95.43,103.81,233.83,-80.74,11.53,9.22,-3.53,-40.00,-79.00,-63.00
0,-21.16,-21.16,96.75,97.52,272.63,5.24,11.58,9.31,-3.47,-38.00,-76.00,-56.00
0,-20.96,-20.99,96.03,106.95,279.97,-39.85,11.53,9.22,-3.53,-35.00,-67.00,-36.00
0,-21.03,-20.94,96.17,110.10,231.74,-63.96,11.58,9.39,-3.47,-35.00,-44.00,-19.00
0,-21.34,-21.34,97.06,84.93,255.85,-68.16,10.94,9.19,-3.75,-29.00,-25.00,-2.00
0,-21.63,-21.03,97.81,103.81,251.66,-48.23,11.53,9.14,-3.44,-15.00,-5.00,5.00
0,-21.65,-21.15,98.08,94.37,272.63,-27.26,11.44,9.00,-3.58,-12.00,2.00,12.00
0,-21.45,-20.99,97.85,100.66,249.56,16.78,11.47,9.36,-3.47,-9.00,20.00,13.00
0,-20.90,-21.15,96.68,91.23,283.12,-40.89,11.58,9.36,-3.44,-9.00,24.00,12.00
0,-20.82,-20.89,96.80,97.52,272.63,-10.49,11.53,9.28,-3.50,-3.00,18.00,12.00
0,-20.60,-20.80,96.37,72.35,284.16,-23.07,11.58,9.39,-3.53,-7.00,12.00,8.00
0,-20.48,-20.25,96.19,90.18,283.12,-18.87,11.50,9.14,-3.44,-14.00,6.00,6.00
0,-20.35,-20.03,95.97,84.93,276.82,-35.65,11.58,9.28,-3.44,-14.00,-1.00,-3.00
0,-20.35,-19.75,96.09,88.08,273.68,-16.78,11.61,9.28,-3.47,-9.00,-14.00,-11.00
0,-20.25,-19.55,95.85,111.15,253.76,-4.19,11.44,9.14,-3.61,-7.00,-19.00,-18.00
0,-20.10,-19.93,95.40,96.47,265.29,-33.55,11.53,9.39,-3.44,-6.00,-22.00,-16.00
0,-20.14,-19.92,95.56,96.47,268.44,14.68,11.58,9.36,-3.50,-8.00,-22.00,-6.00
0,-19.87,-19.92,94.77,69.21,272.63,-19.92,11.00,9.17,-3.69,-4.00,-21.00,-1.00
0,-19.91,-19.40,94.72,97.52,279.97,3.15,11.39,9.14,-3.58,-4.00,-16.00,6.00
0,-19.78,-19.41,94.26,121.63,241.17,-56.62,11.56,9.25,-3.47,-6.00,-9.00,7.00
0,-20.05,-20.09,95.07,108.00,239.08,-44.04,11.28,9.19,-3.53,-5.00,-2.00,7.00
0,-20.25,-20.50,95.59,88.08,257.95,-24.12,11.69,8.78,-3.56,-5.00,1.00,5.00
0,-20.22,-20.34,95.56,114.29,229.64,-53.48,11.53,9.19,-3.50,-6.00,2.00,4.00
0,-20.45,-20.94,96.29,111.15,246.42,-54.53,11.56,9.31,-3.44,-7.00,1.00,5.00
0,-20.63,-21.24,96.86,88.08,275.78,-9.44,11.56,9.19,-3.42,-11.00,-2.00,7.00
0,-20.42,-20.94,96.40,119.54,254.80,-49.28,11.58,9.39,-3.44,-14.00,-7.00,7.00
0,-20.51,-21.31,96.79,101.71,270.53,-26.21,11.53,9.22,-3.50,-16.00,-9.00,7.00
0,-20.44,-21.26,96.66,97.52,266.34,-39.85,11.53,9.39,-3.53,-19.00,-6.00,10.00
0,-20.46,-21.16,96.81,87.03,250.61,-40.89,11.53,9.08,-3.39,-16.00,-5.00,9.00
0,-20.49,-20.95,97.05,96.47,254.80,-52.43,11.58,9.17,-3.50,-11.00,-2.00,8.00
0,-20.59,-20.92,97.47,94.37,260.05,-33.55,11.53,9.14,-3.47,-15.00,3.00,9.00
0,-20.51,-20.83,97.44,114.29,241.17,-83.89,11.56,9.25,-3.39,-15.00,3.00,6.00
0,-20.80,-21.19,98.49,82.84,278.92,-34.60,11.58,9.42,-3.44,-18.00,5.00,5.00
0,-20.66,-20.78,98.35,102.76,262.14,-46.14,11.61,9.33,-3.42,-15.00,4.00,-1.00
0,-20.59,-20.82,98.47,106.95,235.93,-53.48,11.58,9.39,-3.42,-17.00,2.00,3.00
0,-20.62,-21.15,98.88,105.91,231.74,-67.11,11.22,9.11,-3.56,-16.00,2.00,5.00
0,-20.81,-21.44,99.59,89.13,254.80,-8.39,11.53,9.25,-3.42,-18.00,0.00,4.00
0,-20.38,-21.25,98.80,102.76,231.74,-74.45,11.53,9.22,-3.44,-8.00,13.00,4.00
0,-20.56,-21.45,99.71,106.95,271.58,-42.99,11.64,9.28,-3.42,4.00,11.00,0.00
0,-20.45,-21.41,99.68,135.27,248.51,-12.58,11.58,8.72,-3.28,8.00,-27.00,-17.00
0,-20.38,-21.97,99.15,150.99,220.20,-92.27,11.64,9.31,-3.44,-33.00,-213.00,-52.00
0,-21.50,-22.69,100.45,182.45,212.86,-88.08,11.22,9.11,-3.69,-125.00,-569.00,-108.00
0,-23.55,-23.72,101.51,213.91,211.81,-75.50,11.47,9.33,-3.78,-392.00,-1196.00,-22.00
0,-26.57,-24.80,102.19,174.06,182.45,-93.32,11.47,9.44,-4.22,-767.00,-1954.00,98.00
0,-30.79,-25.97,103.56,135.27,219.15,23.07,11.33,9.28,-4.39,-1122.00,-2486.00,279.00
0,-33.80,-26.31,101.82,79.69,266.34,7.34,11.33,8.94,-4.78,-1244.00,-2587.00,302.00
0,-36.52,-25.27,100.40,31.46,281.02,-16.78,10.44,9.19,-5.14,-1149.00,-2281.00,282.00
0,-39.28,-23.49,99.50,46.14,287.31,-36.70,10.64,8.75,-5.36,-1042.00,-2046.00,286.00
0,-41.38,-22.29,99.14,55.57,325.06,-6.29,10.61,9.47,-5.39,-742.00,-1509.00,268.00
0,-42.33,-21.50,98.62,24.12,341.84,45.09,9.89,9.08,-5.58,-351.00,-873.00,109.00
0,-42.13,-20.51,97.91,19.92,328.20,49.28,10.47,9.47,-5.61,34.00,-166.00,-121.00
0,-40.72,-19.30,97.10,50.33,285.21,-7.34,10.69,9.33,-5.42,366.00,576.00,-251.00
0,-38.60,-18.33,96.89,59.77,291.50,15.73,10.53,9.50,-5.28,618.00,1174.00,-258.00
0,-35.86,-17.71,96.43,76.55,253.76,-39.85,10.67,8.78,-5.25,794.00,1564.00,-230.00
0,-33.22,-17.64,97.14,96.47,265.29,-52.43,10.33,9.19,-5.17,895.00,1764.00,-198.00
0,-30.64,-17.92,97.98,117.44,230.69,-9.44,11.22,9.33,-4.89,920.00,1791.00,-188.00
0,-27.80,-19.25,97.75,109.05,260.05,0.00,11.39,8.69,-4.53,823.00,1765.00,70.00
0,-24.94,-19.45,97.51,127.93,227.54,-67.11,10.83,9.08,-4.50,936.00,1669.00,-324.00
0,-23.08,-20.47,98.61,157.29,216.01,-38.80,11.31,9.19,-4.19,732.00,1438.00,-135.00
0,-21.50,-22.03,98.93,147.85,232.78,-68.16,11.00,9.06,-4.19,565.00,1056.00,-123.00
0,-20.75,-23.01,99.62,135.27,218.10,-61.87,11.47,9.19,-3.89,321.00,663.00,-44.00
0,-20.43,-24.02,100.14,128.97,248.51,-36.70,11.44,9.22,-3.89,103.00,361.00,80.00
0,-20.12,-24.47,99.91,94.37,270.53,-33.55,11.47,9.22,-3.89,9.00,154.00,81.00
0,-19.93,-24.14,99.54,110.10,240.12,-68.16,11.47,8.92,-3.89,-68.00,46.00,89.00
0,-20.15,-24.23,100.03,102.76,244.32,-63.96,11.50,9.14,-3.86,-81.00,26.00,67.00
0,-20.28,-24.09,100.36,81.79,284.16,-28.31,11.64,9.28,-3.83,-84.00,34.00,28.00
0,-19.96,-23.45,99.81,95.42,255.85,-5.24,11.64,9.31,-3.81,-70.00,72.00,16.00
0,-19.41,-23.22,98.84,79.69,267.39,-24.12,11.53,9.03,-3.81,-35.00,109.00,6.00
0,-19.05,-22.65,98.40,111.15,246.42,-68.16,11.50,9.11,-3.69,-7.00,128.00,15.00
0,-19.11,-22.82,99.01,103.81,268.44,-25.17,11.58,9.11,-3.75,10.00,124.00,23.00
0,-18.83,-22.72,98.63,88.08,294.65,-14.68,11.58,9.19,-3.61,7.00,101.00,17.00
0,-18.49,-22.30,98.10,114.29,228.59,-76.55,11.50,8.81,-3.75,-12.00,83.00,18.00
0,-18.81,-22.69,99.06,87.03,283.12,-22.02,11.53,9.03,-3.75,-26.00,53.00,23.00
0,-18.64,-22.24,98.59,90.18,271.58,-12.58,11.61,9.11,-3.61,-39.00,15.00,10.00
0,-18.41,-21.88,97.99,103.81,270.53,-10.49,11.61,9.14,-3.67,-44.00,-16.00,-16.00
0,-18.25,-21.77,97.42,102.76,263.19,-4.19,11.75,8.81,-3.67,-52.00,-35.00,-28.00
0,-18.08,-21.70,96.76,125.83,277.87,-50.33,11.78,8.69,-3.61,-56.00,-47.00,-32.00
0,-18.25,-21.83,96.97,109.05,221.25,-75.50,11.64,9.22,-3.64,-57.00,-52.00,-35.00
0,-18.77,-22.13,98.06,93.32,281.02,-9.44,11.28,9.00,-3.86,-44.00,-57.00,-36.00
0,-18.70,-21.76,97.51,103.81,259.00,-55.57,11.69,8.78,-3.81,-32.00,-56.00,-36.00
0,-18.93,-21.69,97.91,117.44,261.10,-24.12,11.22,9.06,-3.67,-32.00,-45.00,-33.00
0,-18.89,-21.88,97.66,108.00,246.42,-68.16,11.47,8.86,-3.75,-28.00,-32.00,-26.00
0,-19.21,-21.95,98.40,92.27,274.73,-37.75,11.44,9.08,-3.75,-9.00,-27.00,-34.00
0,-19.22,-21.60,98.35,74.45,270.53,-2.10,11.61,9.17,-3.64,-4.00,-21.00,-31.00
0,-18.91,-21.01,97.58,102.76,248.51,-69.21,11.53,8.89,-3.81,-6.00,-8.00,-23.00
0,-19.18,-21.08,98.33,95.42,268.44,-17.83,11.00,9.06,-3.81,-8.00,-5.00,-11.00
0,-19.07,-20.96,97.91,91.23,279.97,-47.19,11.53,9.11,-3.67,-4.00,-7.00,2.00
0,-19.10,-20.71,98.05,106.95,269.48,-70.25,11.58,9.06,-3.61,-2.00,-10.00,8.00
0,-19.28,-20.76,98.61,85.98,265.29,-33.55,11.64,9.31,-3.64,0.00,-11.00,10.00
0,-19.20,-20.51,98.48,96.47,233.83,-49.28,11.61,9.22,-3.69,-5.00,-8.00,14.00
0,-19.28,-20.68,98.80,85.98,286.26,-15.73,11.50,9.08,-3.67,-10.00,-5.00,10.00
0,-19.06,-20.37,98.30,103.81,250.61,-76.55,11.58,9.19,-3.64,-13.00,-2.00,9.00
0,-19.30,-20.53,99.11,71.30,239.08,-70.25,11.58,9.25,-3.75,-3.00,-6.00,7.00
0,-19.52,-20.10,99.83,108.00,245.37,-65.01,11.58,9.17,-3.56,-8.00,-3.00,6.00
0,-19.59,-20.43,100.29,94.37,272.63,-41.94,11.56,9.19,-3.64,-16.00,7.00,18.00
0,-19.44,-20.32,100.14,97.52,270.53,-3.15,11.64,8.72,-3.89,-8.00,2.00,12.00
0,-19.08,-20.31,99.28,97.52,270.53,-3.15,11.53,8.94,-3.75,-6.00,-2.00,9.00
0,-18.74,-20.30,98.49,105.91,271.58,-66.06,11.53,8.94,-3.75,-8.00,-2.00,5.00
0,-18.85,-20.35,98.92,114.29,249.56,-47.19,11.56,9.08,-3.69,-10.00,-4.00,0.00
0,-18.87,-20.72,99.07,97.52,286.26,-7.34,11.53,9.11,-3.64,-10.00,-5.00,-6.00
0,-18.60,-20.58,98.43,105.91,248.51,-12.58,11.64,8.81,-3.67,-12.00,-5.00,-4.00
0,-18.36,-20.83,97.88,106.95,259.00,-65.01,11.53,9.11,-3.61,-13.00,-5.00,-2.00
0,-18.52,-20.94,98.42,74.45,274.73,-17.83,11.83,8.50,-3.86,-13.00,1.00,-1.00
0,-18.36,-20.42,97.96,112.20,250.61,-12.58,11.53,8.92,-3.75,-10.00,5.00,-2.00
0,-18.17,-20.78,97.46,112.20,248.51,-58.72,11.78,9.03,-3.72,-9.00,5.00,-6.00
0,-18.35,-21.07,97.99,102.76,278.92,5.24,11.58,8.92,-3.81,-7.00,3.00,-7.00
0,-18.09,-21.01,97.21,78.64,273.68,-22.02,11.14,9.19,-3.69,-6.00,-1.00,-10.00
0,-18.03,-20.54,96.96,93.32,292.55,-11.53,11.58,9.22,-3.64,-6.00,-8.00,-11.00
0,-17.92,-20.31,96.58,109.05,251.66,-16.78,11.78,8.67,-3.72,-7.00,-13.00,-10.00
0,-17.87,-20.60,96.31,114.29,250.61,-40.89,11.64,9.11,-3.69,-11.00,-17.00,-12.00
0,-18.01,-20.93,96.58,88.08,290.46,-17.83,11.47,9.11,-3.56,-12.00,-17.00,-15.00
0,-17.96,-20.59,96.32,91.23,272.63,-40.89,11.64,9.17,-3.67,-11.00,-15.00,-14.00
0,-18.07,-20.38,96.51,103.81,254.80,-16.78,11.11,8.83,-3.56,-9.00,-13.00,-14.00
0,-18.03,-20.54,96.24,110.10,257.95,-39.85,11.64,9.22,-3.58,-8.00,-10.00,-13.00
0,-18.13,-20.74,96.46,96.47,260.05,-55.57,11.53,8.83,-3.81,-8.00,-9.00,-13.00
0,-18.38,-20.67,96.98,116.39,244.32,-18.87,11.61,9.17,-3.61,-9.00,-9.00,-12.00
0,-18.31,-21.12,96.72,104.86,219.15,-74.45,11.33,9.42,-3.72,-10.00,-9.00,-14.00
0,-18.75,-21.45,97.81,97.52,254.80,-14.68,11.64,9.22,-3.72,-10.00,-13.00,-10.00
0,-18.62,-21.40,97.36,88.08,278.92,-15.73,11.31,8.78,-3.75,-6.00,-13.00,-9.00
0,-18.53,-21.06,96.99,100.66,255.85,-31.46,11.58,9.11,-3.72,-9.00,-14.00,-5.00
0,-18.56,-21.09,96.99,101.71,267.39,-3.15,11.58,8.89,-3.78,-8.00,-13.00,-2.00
0,-18.39,-21.08,96.40,91.23,284.16,-14.68,11.58,9.22,-3.61,-12.00,-9.00,-4.00
0,-18.29,-20.80,96.08,98.57,264.24,-58.72,11.11,9.11,-3.75,-16.00,-3.00,-8.00
0,-18.56,-20.73,96.65,97.52,260.05,-34.60,11.36,9.03,-3.81,-12.00,-4.00,-13.00
0,-18.66,-20.68,96.73,101.71,265.29,-48.23,11.11,8.78,-3.81,-6.00,-5.00,-16.00
0,-18.83,-20.68,97.04,84.93,265.29,-36.70,11.58,9.17,-3.61,-8.00,-3.00,-10.00
0,-18.86,-20.39,97.11,109.05,254.80,-76.55,11.56,9.22,-3.64,-9.00,-4.00,-2.00
0,-19.16,-20.60,97.96,112.20,236.98,-80.74,11.64,8.61,-3.78,-6.00,-7.00,6.00
0,-19.53,-20.99,98.99,115.34,277.87,-38.80,11.53,9.31,-3.69,-4.00,-8.00,8.00
0,-19.48,-21.12,98.91,84.93,290.46,-1.05,11.61,9.22,-3.61,-3.00,-8.00,8.00
0,-19.15,-20.76,98.18,112.20,255.85,-37.75,11.58,9.11,-3.58,-5.00,-5.00,10.00
0,-19.10,-21.02,98.20,116.39,245.37,-12.58,11.22,8.94,-3.78,-4.00,-4.00,2.00
0,-18.92,-21.46,97.69,103.81,230.69,-65.01,11.22,8.97,-3.81,-6.00,-2.00,-2.00
0,-19.23,-21.68,98.50,87.03,287.31,-2.10,11.50,8.92,-3.81,3.00,-8.00,0.00
0,-19.00,-21.31,97.82,93.32,263.19,-25.17,11.53,9.03,-3.69,-2.00,-8.00,4.00
0,-18.90,-21.15,97.58,109.05,252.71,-53.48,11.58,9.06,-3.64,-11.00,-2.00,8.00
0,-19.03,-21.34,97.97,91.23,274.73,-5.24,11.64,9.11,-3.69,-12.00,-5.00,9.00
0,-18.81,-21.09,97.35,120.59,261.10,-48.23,11.42,8.94,-3.75,-6.00,-14.00,-6.00
0,-18.93,-21.38,97.61,89.13,293.60,-5.24,11.50,9.03,-3.75,-11.00,-16.00,-10.00
0,-18.78,-21.01,97.08,116.39,262.14,-40.89,11.53,9.14,-3.75,-10.00,-29.00,-18.00
0,-18.99,-21.22,97.26,101.71,279.97,-3.15,11.58,9.11,-3.61,-18.00,-98.00,-17.00
0,-19.01,-21.10,96.71,114.29,255.85,-52.43,11.61,9.22,-3.83,-55.00,-165.00,-3.00
0,-19.43,-21.35,97.13,72.35,269.48,-18.87,11.64,9.17,-3.78,-73.00,-157.00,24.00
0,-19.47,-20.77,96.83,97.52,269.48,-45.09,11.53,9.17,-3.83,-36.00,-96.00,19.00
0,-19.65,-20.66,97.11,75.50,265.29,-17.83,11.00,8.92,-3.92,9.00,-54.00,-7.00
0,-19.49,-20.22,96.78,81.79,273.68,-36.70,11.64,9.11,-3.78,20.00,68.00,1.00
0,-19.00,-19.99,96.78,52.43,281.02,-1.05,11.50,8.69,-3.75,66.00,351.00,30.00
0,-17.74,-19.34,96.09,77.59,248.51,-6.29,11.42,8.83,-3.67,206.00,731.00,60.00
0,-16.13,-19.40,95.61,66.06,281.02,-30.41,11.58,9.00,-3.36,350.00,1015.00,78.00
0,-14.47,-18.92,95.79,71.30,282.07,-18.87,11.75,9.00,-3.19,486.00,1149.00,-64.00
0,-12.72,-18.52,95.75,101.71,270.53,-41.94,11.61,8.81,-3.17,494.00,1172.00,-112.00
0,-11.51,-18.69,96.15,139.46,248.51,-71.30,11.75,9.11,-2.86,409.00,921.00,-96.00
0,-10.86,-19.56,96.93,188.74,222.30,-85.98,11.75,9.17,-2.81,220.00,642.00,-71.00
0,-11.42,-21.02,98.03,195.04,216.01,-57.67,11.42,8.92,-2.97,55.00,-130.00,-36.00
0,-13.18,-22.46,98.69,226.49,187.70,-85.98,11.39,9.11,-3.14,-293.00,-1029.00,-30.00
0,-16.64,-24.08,99.81,234.88,177.21,-80.74,11.64,9.08,-3.47,-759.00,-2027.00,86.00
0,-21.65,-25.71,101.04,184.55,234.88,-4.19,11.47,8.69,-4.03,-1170.00,-3032.00,264.00
0,-27.02,-26.44,100.75,100.66,275.78,58.72,10.89,9.00,-4.69,-1514.00,-3670.00,441.00
0,-31.63,-25.83,98.91,44.04,287.31,66.06,11.03,9.00,-4.89,-1649.00,-3531.00,407.00
0,-35.12,-24.61,96.73,22.02,304.09,17.83,10.75,9.11,-5.31,-1464.00,-2836.00,387.00
0,-38.53,-23.30,95.56,26.21,304.09,-12.58,10.39,8.97,-5.75,-1287.00,-2451.00,424.00
0,-40.91,-22.20,94.97,18.87,346.03,11.53,10.53,8.61,-5.86,-890.00,-1600.00,374.00
0,-41.86,-21.42,94.54,18.87,322.96,7.34,10.53,9.08,-5.75,-344.00,-733.00,134.00
0,-41.37,-19.98,94.27,28.31,292.55,-28.31,10.58,9.11,-5.75,172.00,166.00,-202.00
0,-39.96,-18.50,94.63,35.65,311.43,16.78,10.50,8.92,-5.58,495.00,918.00,-257.00
0,-37.64,-17.44,94.40,60.82,296.75,-7.34,10.75,9.11,-5.31,704.00,1385.00,-243.00
0,-35.08,-16.81,94.64,78.64,284.16,7.34,10.75,9.17,-5.33,838.00,1612.00,-251.00
0,-32.41,-16.60,94.57,113.25,236.98,-19.92,10.97,8.72,-4.94,844.00,1676.00,-208.00
0,-29.92,-17.56,95.02,150.99,210.76,-7.34,11.06,9.22,-4.78,825.00,1637.00,-108.00
0,-27.75,-19.66,94.93,121.63,281.02,-22.02,11.69,8.58,-4.67,619.00,1389.00,123.00
0,-26.08,-19.66,95.34,139.46,234.88,-36.70,11.33,8.92,-4.53,711.00,1053.00,-317.00
0,-25.06,-20.69,95.78,149.95,212.86,-38.80,11.44,8.94,-4.64,380.00,758.00,-88.00
0,-24.44,-22.03,96.21,105.91,270.53,-33.55,11.72,8.56,-4.47,232.00,521.00,-119.00
0,-23.97,-21.94,96.21,143.65,227.54,-73.40,11.69,8.58,-4.31,81.00,330.00,-63.00
0,-24.07,-22.86,97.10,113.25,246.42,-63.96,11.39,9.03,-4.28,-11.00,189.00,-7.00
0,-24.21,-23.02,97.69,124.78,213.91,-53.48,11.08,8.67,-4.11,-41.00,102.00,7.00
0,-24.28,-23.70,98.11,106.95,252.71,-60.82,11.42,9.03,-4.25,-52.00,106.00,26.00
0,-24.29,-23.65,98.49,73.40,284.16,-25.17,11.33,8.72,-4.31,-38.00,128.00,26.00
0,-23.92,-22.97,98.07,101.71,266.34,10.49,11.17,8.92,-4.33,-8.00,170.00,44.00
0,-23.30,-22.89,97.07,115.34,273.68,-31.46,10.92,8.89,-4.11,42.00,182.00,32.00
0,-23.03,-22.91,97.03,110.10,248.51,-11.53,11.53,9.08,-4.11,81.00,174.00,-8.00
0,-22.61,-23.04,96.60,117.44,266.34,-73.40,11.47,9.11,-4.11,74.00,171.00,-5.00
0,-22.69,-23.07,97.33,99.61,264.24,-50.33,11.64,9.00,-4.03,62.00,143.00,-13.00
0,-22.67,-22.84,97.65,124.78,232.78,-13.63,11.64,8.83,-4.44,43.00,100.00,-15.00
0,-22.46,-23.39,97.21,97.52,281.02,-11.53,11.86,8.56,-4.03,16.00,60.00,-9.00
0,-22.18,-23.05,96.76,94.37,270.53,-6.29,11.61,9.03,-3.97,-2.00,49.00,-1.00
0,-21.93,-22.73,96.20,109.05,219.15,-87.03,11.86,8.33,-4.06,-18.00,35.00,3.00
0,-22.48,-23.03,97.65,106.95,263.19,-39.85,11.53,8.83,-4.08,-24.00,26.00,4.00
0,-22.51,-22.92,97.71,90.18,270.53,-31.46,11.75,8.42,-4.14,-16.00,16.00,-10.00
0,-22.45,-22.49,97.58,88.08,278.92,-30.41,11.39,8.44,-4.22,-10.00,8.00,-18.00
0,-22.41,-22.04,97.45,102.76,282.07,-22.02,11.61,9.11,-4.00,-4.00,6.00,-21.00
0,-22.28,-21.84,97.20,85.98,267.39,-29.36,11.72,8.53,-4.06,2.00,4.00,-29.00
0,-22.21,-21.41,97.11,123.73,244.32,-35.65,11.47,8.92,-4.14,5.00,1.00,-39.00
0,-22.26,-21.87,97.22,120.59,241.17,-76.55,11.64,9.08,-4.00,3.00,-1.00,-38.00
0,-22.60,-22.21,98.17,121.63,260.05,-68.16,11.58,9.08,-4.03,-2.00,-10.00,-28.00
0,-22.80,-22.38,98.71,93.32,265.29,-15.73,11.58,9.08,-4.00,-11.00,-12.00,-22.00
0,-22.56,-22.09,98.18,112.20,246.42,-62.91,11.86,8.56,-4.03,-21.00,-7.00,-16.00
0,-22.71,-22.25,98.73,106.95,256.90,-61.87,11.53,8.92,-4.14,-20.00,-2.00,-19.00
0,-22.85,-22.22,99.14,103.81,288.36,-30.41,11.58,9.11,-3.97,-14.00,3.00,-16.00
0,-22.67,-22.02,98.87,94.37,278.92,-9.44,11.06,8.78,-4.36,-15.00,5.00,-11.00
0,-22.45,-21.75,98.23,108.00,277.87,-31.46,11.47,9.11,-4.03,-14.00,9.00,-5.00
0,-22.33,-21.71,98.06,70.25,256.90,-25.17,11.47,9.08,-4.06,-13.00,9.00,-2.00
0,-22.19,-21.05,97.80,94.37,285.21,-32.51,11.61,9.06,-4.00,1.00,7.00,-12.00
0,-22.10,-20.82,97.69,110.10,243.27,-90.18,11.53,9.11,-3.97,-1.00,0.00,-4.00
0,-22.48,-21.06,98.87,117.44,244.32,-36.70,11.47,9.11,-4.11,15.00,-8.00,-12.00
0,-22.44,-21.49,98.84,110.10,261.10,-37.75,11.53,9.08,-4.06,-1.00,2.00,-1.00
0,-22.35,-21.62,98.76,113.25,266.34,-9.44,11.17,8.86,-4.19,-13.00,8.00,7.00
0,-22.10,-21.76,98.15,80.74,254.80,-46.14,11.47,9.00,-3.97,-9.00,7.00,-3.00
0,-22.11,-21.32,98.34,85.98,265.29,-20.97,11.86,8.56,-4.08,-11.00,7.00,-9.00
0,-21.93,-21.00,97.95,81.79,288.36,0.00,11.58,8.50,-4.17,-12.00,7.00,-10.00
0,-21.64,-20.59,97.24,113.25,234.88,-62.91,11.47,9.03,-4.03,-15.00,14.00,-8.00
0,-21.85,-21.05,97.96,104.86,270.53,-19.92,11.28,8.89,-4.14,-11.00,18.00,2.00
0,-21.72,-21.08,97.62,111.15,289.41,-26.21,11.44,8.69,-4.14,0.00,14.00,2.00
0,-21.63,-21.09,97.43,111.15,289.41,-26.21,11.44,8.50,-4.08,0.00,14.00,7.00
0,-21.54,-21.10,97.24,112.20,255.85,-52.43,11.53,8.81,-4.11,-2.00,13.00,5.00
0,-21.67,-21.31,97.62,122.68,227.54,-49.28,11.53,9.03,-4.03,-7.00,10.00,-3.00
0,-21.81,-21.97,98.05,99.61,256.90,-44.04,11.58,9.03,-3.92,-11.00,5.00,-9.00
0,-21.83,-21.87,98.19,123.73,226.49,-46.14,11.64,8.94,-4.06,-11.00,1.00,-10.00
0,-21.93,-22.50,98.50,81.79,277.87,-16.78,11.47,8.69,-4.14,-9.00,-6.00,-15.00
0,-21.75,-21.96,98.01,111.15,224.40,-48.23,11.53,9.03,-3.97,-17.00,-4.00,-11.00
0,-21.86,-22.32,98.37,118.49,251.66,-56.62,11.53,8.94,-3.97,-17.00,-4.00,-12.00
0,-21.99,-22.52,98.74,123.73,244.32,-57.67,11.58,9.08,-3.97,-14.00,-7.00,-23.00
0,-22.11,-22.84,99.14,119.54,265.29,-52.43,11.25,8.81,-4.06,-13.00,-9.00,-34.00
0,-22.16,-22.89,99.29,77.59,277.87,-25.17,11.64,8.97,-3.97,-16.00,-5.00,-35.00
0,-21.95,-22.21,98.88,108.00,224.40,-90.18,11.53,9.14,-3.92,-23.00,1.00,-28.00
0,-22.37,-22.42,100.14,100.66,266.34,-46.14,11.44,9.08,-3.92,-19.00,3.00,-24.00
0,-22.28,-22.23,100.08,118.49,243.27,-66.06,11.47,8.97,-4.03,-17.00,5.00,-20.00
0,-22.37,-22.51,100.53,112.20,246.42,4.19,11.61,9.08,-3.97,-16.00,9.00,-14.00
0,-21.82,-22.74,99.39,112.20,250.61,-44.04,11.47,8.44,-4.19,-13.00,14.00,-11.00
0,-21.77,-22.84,99.42,109.05,230.69,-29.36,11.47,8.92,-4.08,-9.00,16.00,-13.00
0,-21.63,-23.05,99.19,120.59,257.95,-67.11,11.61,8.50,-3.94,-10.00,18.00,-13.00
0,-21.73,-23.17,99.64,112.20,270.53,-23.07,11.06,8.78,-4.28,-9.00,16.00,-12.00
0,-21.59,-23.12,99.21,85.98,298.84,-3.15,11.53,8.67,-4.03,-6.00,9.00,-11.00
0,-21.28,-22.59,98.51,116.39,241.17,-41.94,11.53,9.11,-3.94,-7.00,6.00,-10.00
0,-21.29,-22.87,98.63,108.00,223.35,-76.55,11.58,8.83,-4.14,-8.00,1.00,-9.00
0,-21.68,-23.08,99.62,98.57,292.55,-9.44,11.58,9.06,-3.89,-11.00,-1.00,-4.00
0,-21.40,-22.75,98.99,110.10,254.80,-83.89,11.83,8.67,-4.00,-9.00,-2.00,-3.00
0,-21.66,-22.74,99.81,98.57,274.73,-13.63,11.61,9.03,-4.06,-7.00,-1.00,-3.00
0,-21.39,-22.49,99.18,115.34,267.39,-9.44,11.17,8.81,-4.03,-6.00,0.00,-3.00
0,-21.12,-22.59,98.53,113.25,235.93,-32.51,11.44,8.61,-4.08,-8.00,5.00,-3.00
0,-21.07,-22.88,98.45,100.66,265.29,-11.53,11.53,8.64,-4.06,-6.00,6.00,-3.00
0,-20.84,-22.70,97.88,90.18,273.68,-29.36,11.61,9.11,-3.92,-5.00,7.00,-5.00
0,-20.75,-22.30,97.71,74.45,284.16,-3.15,10.94,8.67,-3.86,-4.00,4.00,-4.00
0,-20.53,-21.66,97.07,81.79,273.68,-14.68,11.58,9.08,-3.94,-3.00,-3.00,-3.00
0,-20.41,-21.20,96.69,113.25,236.98,-66.06,11.58,9.25,-3.94,-5.00,-5.00,-5.00
0,-20.74,-21.58,97.53,87.03,292.55,-3.15,11.53,9.00,-3.89,-9.00,-9.00,0.00
0,-20.56,-21.19,96.96,92.27,257.95,-23.07,10.89,9.17,-4.03,-2.00,-11.00,-5.00
0,-20.55,-21.04,96.77,90.18,264.24,-44.04,11.58,9.08,-3.92,-12.00,-5.00,-7.00
0,-20.64,-20.80,97.00,119.54,252.71,-68.16,11.33,8.72,-3.92,-13.00,-4.00,-14.00
0,-20.92,-21.13,97.70,87.03,262.14,-7.34,11.11,8.97,-4.03,-10.00,-3.00,-21.00
0,-20.74,-20.86,97.09,104.86,243.27,-79.69,11.19,8.83,-3.97,-8.00,-5.00,-20.00
0,-21.12,-21.01,98.13,100.66,218.10,-75.50,11.53,9.03,-3.86,-7.00,-5.00,-15.00
0,-21.46,-21.27,99.09,85.98,276.82,-6.29,11.31,9.17,-3.97,-9.00,-5.00,-7.00
0,-21.19,-20.94,98.38,104.86,274.73,-5.24,11.47,8.94,-3.94,-6.00,-8.00,4.00
0,-20.94,-20.96,97.75,105.91,285.21,-42.99,11.58,8.94,-3.94,-1.00,-19.00,5.00
0,-20.99,-20.90,97.84,102.76,221.25,-104.86,11.50,8.83,-4.08,2.00,-45.00,3.00
0,-21.88,-21.14,99.65,130.02,259.00,-50.33,11.58,9.06,-3.94,-9.00,-186.00,0.00
0,-22.47,-21.53,99.83,137.36,250.61,-8.39,11.86,8.61,-4.11,-113.00,-400.00,28.00
0,-22.93,-22.19,99.18,152.04,242.22,-49.28,11.53,9.03,-4.17,-187.00,-524.00,68.00
0,-24.28,-22.99,99.49,175.11,248.51,-75.50,11.75,8.56,-4.28,-301.00,-891.00,118.00
0,-26.48,-23.74,100.12,159.38,243.27,-34.60,11.50,9.08,-4.42,-503.00,-1355.00,175.00
0,-28.96,-24.56,99.98,153.09,223.35,-66.06,11.14,8.92,-4.72,-768.00,-1692.00,299.00
0,-32.05,-25.36,100.49,133.17,246.42,-5.24,10.89,8.78,-5.08,-945.00,-1867.00,308.00
0,-34.44,-25.68,99.46,92.27,283.12,4.19,10.97,9.08,-5.14,-1002.00,-1792.00,293.00
0,-36.05,-25.17,98.23,69.21,287.31,13.63,10.97,9.11,-5.25,-861.00,-1329.00,256.00
0,-36.32,-24.35,96.82,25.17,289.41,22.02,10.75,9.11,-5.31,-520.00,-468.00,151.00
0,-35.76,-22.84,95.34,-20.97,346.03,45.09,10.72,9.08,-5.36,-265.00,82.00,84.00
0,-33.66,-21.73,94.56,-28.31,356.52,67.11,11.03,8.92,-5.08,385.00,1254.00,-92.00
0,-30.02,-20.86,94.10,4.19,317.72,5.24,11.06,8.92,-4.97,920.00,2297.00,-233.00
0,-25.56,-19.28,94.17,55.57,287.31,-6.29,11.53,9.03,-4.33,1366.00,2950.00,-356.00
0,-20.92,-18.35,94.73,171.97,230.69,12.58,11.11,8.86,-4.31,1630.00,3096.00,-406.00
0,-16.82,-20.15,94.80,171.97,230.69,12.58,11.64,9.08,-3.53,1482.00,2721.00,-115.00
0,-13.65,-21.14,94.94,216.01,180.36,-17.83,11.31,8.89,-3.47,1324.00,1979.00,-539.00
0,-12.11,-23.47,95.21,241.17,175.11,-87.03,11.75,9.03,-3.08,648.00,1101.00,-290.00
0,-11.78,-25.27,96.50,230.69,207.62,-92.27,11.64,9.03,-3.19,409.00,553.00,-286.00
0,-13.19,-26.33,97.72,243.27,185.60,-88.08,11.64,9.11,-3.31,-47.00,-577.00,-156.00
0,-16.23,-27.56,99.25,186.65,223.35,-48.23,11.64,9.17,-3.47,-382.00,-1623.00,-71.00
0,-20.09,-28.10,100.23,158.33,232.78,-60.82,11.53,9.17,-3.94,-699.00,-2356.00,70.00
0,-24.72,-28.12,101.41,137.36,197.13,-53.48,11.44,9.11,-4.25,-915.00,-2796.00,211.00
0,-29.28,-28.29,102.29,75.50,239.08,-3.15,11.06,9.03,-4.94,-1086.00,-2781.00,359.00
0,-32.39,-27.27,101.32,36.70,252.71,-11.53,10.97,9.06,-4.97,-1087.00,-2272.00,363.00
0,-34.46,-25.72,100.26,40.89,301.99,14.68,10.64,9.19,-5.39,-895.00,-1574.00,413.00
0,-35.96,-24.66,98.93,27.26,328.20,-22.02,10.75,9.17,-5.31,-733.00,-1228.00,405.00
0,-36.61,-23.68,98.44,33.55,316.67,16.78,10.75,9.06,-5.36,-345.00,-524.00,235.00
0,-35.92,-22.61,97.46,18.87,320.86,5.24,10.83,9.11,-5.42,4.00,209.00,58.00
0,-34.26,-21.45,96.81,51.38,292.55,-46.14,10.92,8.67,-5.39,346.00,929.00,-34.00
0,-32.10,-20.66,97.03,67.11,286.26,-19.92,10.97,9.06,-5.03,586.00,1478.00,-68.00
0,-29.39,-20.41,96.79,84.93,268.44,-29.36,10.94,8.81,-4.86,670.00,1755.00,65.00
0,-26.65,-20.23,96.97,95.42,265.29,-28.31,11.67,8.36,-4.67,846.00,1815.00,-159.00
0,-24.02,-20.35,97.01,120.59,259.00,1.05,11.53,8.75,-4.25,733.00,1723.00,-94.00
0,-21.36,-20.96,96.44,135.27,262.14,-36.70,11.75,9.00,-4.06,668.00,1615.00,-62.00
0,-19.43,-21.49,96.66,138.41,253.76,-24.12,11.50,8.83,-3.86,591.00,1296.00,-154.00
0,-18.04,-22.05,96.56,140.51,240.12,-27.26,11.64,9.06,-3.83,379.00,909.00,-157.00
0,-17.30,-22.79,96.45,148.90,209.72,-83.89,11.75,8.97,-3.58,149.00,515.00,-85.00
0,-17.57,-23.82,97.69,147.85,235.93,-63.96,11.75,9.06,-3.58,5.00,194.00,-92.00
0,-17.94,-24.42,98.19,140.51,234.88,-18.87,11.75,9.00,-3.58,-119.00,-56.00,-63.00
0,-18.18,-24.87,97.79,128.97,217.06,-55.57,11.64,9.00,-3.61,-160.00,-252.00,-99.00
0,-18.95,-25.20,98.36,123.73,249.56,-23.07,11.64,8.89,-3.69,-179.00,-342.00,-89.00
0,-19.35,-25.18,98.00,78.64,290.46,-5.24,11.64,9.11,-3.69,-196.00,-331.00,-54.00
0,-19.50,-24.32,97.31,82.84,279.97,-1.05,12.06,8.56,-3.86,-178.00,-266.00,-11.00
0,-19.53,-23.64,96.58,94.37,268.44,0.00,11.58,8.97,-3.78,-126.00,-188.00,6.00
0,-19.50,-23.27,95.94,75.50,283.12,-22.02,11.53,8.56,-4.03,-61.00,-116.00,7.00
0,-19.58,-22.55,95.77,99.61,243.27,-27.26,11.28,8.89,-3.94,-33.00,-35.00,2.00
0,-19.68,-22.55,95.77,109.05,256.90,-34.60,11.64,8.89,-3.78,-30.00,18.00,17.00
0,-19.76,-22.61,95.90,111.15,238.03,-72.35,11.58,9.11,-3.83,-27.00,19.00,12.00
0,-20.22,-22.79,96.91,119.54,245.37,-49.28,11.42,8.78,-3.69,-35.00,-1.00,-4.00
0,-20.43,-23.05,97.26,97.52,254.80,-40.89,11.94,8.69,-3.69,-50.00,-19.00,-11.00
0,-20.52,-22.82,97.37,118.49,242.22,-18.87,11.94,8.67,-3.86,-58.00,-28.00,-9.00
0,-20.46,-23.13,97.03,90.18,290.46,-5.24,11.58,9.03,-3.75,-57.00,-43.00,-8.00
0,-20.33,-22.66,96.50,101.71,281.02,-20.97,11.39,8.89,-3.81,-38.00,-53.00,-12.00
0,-20.35,-22.40,96.30,91.23,271.58,-24.12,11.64,9.06,-3.83,-19.00,-47.00,-20.00
0,-20.37,-22.03,96.18,110.10,265.29,-11.53,11.83,8.75,-3.94,-11.00,-31.00,-15.00
0,-20.30,-22.08,95.86,120.59,227.54,-34.60,11.50,8.81,-4.00,4.00,-26.00,-11.00
0,-20.50,-22.63,96.16,101.71,268.44,-16.78,11.58,8.83,-3.92,16.00,-28.00,-8.00
0,-20.48,-22.45,95.95,111.15,230.69,-77.59,11.53,9.03,-3.92,15.00,-30.00,-9.00
0,-21.05,-22.70,97.22,93.32,256.90,7.34,11.53,9.00,-3.83,10.00,-30.00,-9.00
0,-20.77,-22.45,96.35,83.89,275.78,4.19,11.64,8.92,-3.83,-2.00,-27.00,-9.00
0,-20.55,-21.96,95.68,106.95,273.68,-29.36,11.58,9.14,-3.92,-7.00,-30.00,-11.00
0,-20.65,-21.89,95.71,110.10,260.05,-10.49,11.72,9.11,-3.89,-8.00,-33.00,-8.00
0,-20.59,-22.00,95.37,99.61,271.58,1.05,11.64,8.61,-3.86,-25.00,-23.00,-4.00
0,-20.44,-21.85,94.81,114.29,270.53,-28.31,11.50,8.61,-3.97,-36.00,-9.00,-2.00
0,-20.53,-21.94,94.85,101.71,263.19,-53.48,11.64,8.81,-4.08,-35.00,0.00,-1.00
0,-20.83,-21.86,95.40,112.20,246.42,-73.40,11.61,8.94,-3.89,-32.00,4.00,1.00
0,-21.26,-22.06,96.39,104.86,265.29,-31.46,11.58,8.47,-3.89,-27.00,5.00,2.00
0,-21.28,-22.02,96.38,109.05,254.80,-15.73,11.28,8.92,-3.94,-23.00,7.00,0.00
0,-21.20,-22.15,96.07,114.29,249.56,-6.29,11.61,9.08,-3.83,-22.00,8.00,4.00
0,-21.02,-22.40,95.59,98.57,273.68,-32.51,11.86,8.61,-3.86,-19.00,4.00,-1.00
0,-21.05,-22.18,95.66,94.37,281.02,-15.73,11.58,9.03,-3.75,-23.00,5.00,-1.00
0,-20.98,-21.88,95.42,112.20,254.80,-13.63,11.50,8.81,-3.92,-15.00,0.00,-1.00
0,-20.94,-22.06,95.18,112.20,246.42,-71.30,11.75,8.67,-3.94,-9.00,-7.00,-5.00
0,-21.36,-22.23,96.18,112.20,246.42,-71.30,11.78,8.67,-3.86,-10.00,-6.00,-11.00
0,-21.73,-22.39,97.07,112.20,239.08,-54.53,11.64,8.44,-3.86,-20.00,-2.00,-10.00
0,-21.93,-22.60,97.60,113.25,261.10,-26.21,11.58,9.03,-3.78,-21.00,1.00,-20.00
0,-21.82,-22.65,97.40,94.37,286.26,-23.07,11.64,8.81,-3.89,-20.00,-1.00,-23.00
0,-21.70,-22.27,97.13,96.47,281.02,-28.31,11.56,9.11,-3.75,-19.00,1.00,-20.00
0,-21.61,-21.98,96.98,88.08,286.26,-8.39,11.64,9.11,-3.78,-15.00,1.00,-15.00
0,-21.40,-21.58,96.51,116.39,252.71,-38.80,11.53,8.92,-3.83,-12.00,1.00,-6.00
0,-21.45,-21.86,96.69,93.32,272.63,3.15,11.50,8.81,-3.94,-10.00,1.00,-5.00
0,-21.20,-21.61,96.00,88.08,273.68,-20.97,11.56,9.14,-3.83,-10.00,1.00,-5.00
0,-21.14,-21.27,95.83,118.49,230.69,-50.33,11.53,9.06,-3.75,-9.00,-1.00,-5.00
0,-21.37,-21.83,96.45,111.15,263.19,-16.78,11.61,9.06,-3.83,-6.00,-4.00,-9.00
0,-21.28,-21.91,96.18,120.59,265.29,-66.06,11.58,9.03,-3.78,-8.00,-5.00,-16.00
0,-21.51,-22.08,96.82,88.08,264.24,-35.65,11.58,9.06,-3.83,-5.00,-8.00,-13.00
0,-21.54,-21.72,96.89,83.89,275.78,-7.34,11.58,9.03,-3.81,-5.00,-6.00,-10.00
0,-21.33,-21.30,96.37,103.81,236.98,-61.87,11.53,8.92,-3.75,-11.00,4.00,-1.00
0,-21.59,-21.50,97.18,99.61,257.95,-47.19,11.61,9.14,-3.78,-6.00,3.00,-3.00
0,-21.67,-21.43,97.47,77.59,270.53,-33.55,11.64,9.11,-3.89,-1.00,0.00,-13.00
0,-21.62,-20.91,97.42,93.32,277.87,-4.19,11.75,8.61,-4.00,-5.00,3.00,-11.00
0,-21.38,-20.71,96.82,95.42,286.26,-5.24,11.53,8.81,-3.92,-6.00,4.00,-14.00
0,-21.17,-20.52,96.33,88.08,269.48,-34.60,11.61,9.11,-3.83,-8.00,3.00,-12.00
0,-21.16,-20.30,96.39,108.00,226.49,-70.25,11.75,9.11,-3.83,-14.00,7.00,-2.00
0,-21.49,-20.77,97.42,114.29,241.17,-39.85,11.64,9.08,-3.78,-11.00,9.00,4.00
0,-21.51,-21.21,97.59,100.66,268.44,1.05,11.61,9.08,-3.75,-8.00,7.00,4.00
0,-21.18,-21.18,96.86,98.57,259.00,-46.14,11.69,9.03,-3.83,-6.00,7.00,1.00
0,-21.23,-21.13,97.15,74.45,275.78,-5.24,11.61,9.03,-3.75,-8.00,6.00,-1.00
0,-20.98,-20.60,96.56,103.81,243.27,-34.60,11.50,8.81,-3.83,-8.00,7.00,-3.00
0,-21.00,-20.84,96.69,98.57,261.10,-39.85,11.58,9.03,-3.81,-9.00,6.00,-2.00
0,-21.03,-20.82,96.85,119.54,251.66,-33.55,11.58,9.14,-3.75,-8.00,5.00,-2.00
0,-21.02,-21.24,96.91,91.23,286.26,-16.78,11.53,8.56,-3.94,-4.00,1.00,-3.00
0,-20.91,-20.95,96.60,112.20,260.05,-65.01,11.64,9.06,-3.83,-6.00,0.00,-1.00
0,-21.12,-21.13,97.24,120.59,235.93,-14.68,11.36,9.28,-3.94,-7.00,-2.00,-2.00
0,-21.00,-21.74,96.86,103.81,266.34,-4.19,11.64,9.11,-3.75,-9.00,-2.00,-1.00
0,-20.76,-21.71,96.30,116.39,235.93,-72.35,11.50,8.64,-3.78,-12.00,-3.00,-5.00
0,-21.13,-22.09,97.30,109.05,244.32,-61.87,11.64,9.00,-3.83,-12.00,-3.00,-6.00
0,-21.38,-22.23,97.95,111.15,247.46,-46.14,11.58,8.56,-3.72,-9.00,-5.00,-6.00
0,-21.44,-22.39,98.18,124.78,220.20,-39.85,11.58,9.06,-3.83,-12.00,-3.00,-6.00
0,-21.47,-23.04,98.35,112.20,245.37,-90.18,11.97,8.89,-3.83,-10.00,0.00,-4.00
0,-21.90,-23.09,99.47,133.17,259.00,-17.83,11.58,9.11,-3.83,5.00,-53.00,-6.00
0,-22.00,-23.41,99.08,118.49,268.44,-58.72,12.11,8.58,-3.83,-32.00,-225.00,-8.00
0,-22.69,-23.37,99.43,149.95,200.28,-57.67,11.64,9.11,-3.86,-140.00,-452.00,38.00
0,-24.06,-24.54,100.12,154.14,228.59,-70.25,11.36,8.97,-3.94,-272.00,-788.00,114.00
0,-25.90,-25.24,100.98,157.29,244.32,-40.89,11.47,9.08,-4.17,-323.00,-1087.00,145.00
0,-28.49,-25.64,101.41,166.72,204.47,-94.37,11.61,8.67,-4.69,-459.00,-1774.00,182.00
0,-32.43,-26.44,103.00,156.24,212.86,1.05,11.17,8.69,-4.97,-788.00,-2256.00,306.00
0,-35.59,-27.28,102.11,125.83,249.56,-28.31,10.92,9.03,-5.33,-1021.00,-2418.00,358.00
0,-38.68,-27.05,101.65,84.93,239.08,27.26,10.69,8.97,-5.53,-1074.00,-2184.00,306.00
0,-40.33,-26.37,99.72,29.36,301.99,38.80,11.11,8.56,-5.69,-914.00,-1609.00,218.00
0,-40.80,-24.78,97.97,19.92,312.48,-12.58,10.28,8.94,-5.92,-571.00,-796.00,65.00
0,-40.46,-23.10,97.29,23.07,303.04,-23.07,10.89,8.75,-5.78,-104.00,97.00,-132.00
0,-39.40,-21.42,96.91,18.87,317.72,4.19,10.58,9.17,-5.61,142.00,573.00,-227.00
0,-36.87,-19.98,96.35,33.55,320.86,-2.10,10.83,8.58,-5.33,569.00,1501.00,-312.00
0,-33.11,-19.04,96.09,33.55,292.55,31.46,10.86,9.17,-4.97,949.00,2376.00,-262.00
0,-28.24,-18.14,95.33,38.80,294.65,25.17,11.08,8.78,-4.58,1233.00,3031.00,-197.00
0,-23.11,-17.68,94.90,83.89,291.50,29.36,11.64,9.08,-4.11,1388.00,3308.00,8.00
0,-18.24,-17.53,94.93,111.15,292.55,-2.10,11.53,8.69,-3.92,1641.00,3127.00,-299.00
0,-14.31,-17.72,95.38,164.63,214.96,-32.51,11.64,8.92,-3.31,1417.00,2656.00,-304.00
0,-11.48,-19.52,96.07,174.06,243.27,-16.78,11.92,8.94,-3.08,1029.00,2002.00,-263.00
0,-9.03,-20.81,96.17,200.28,211.81,-57.67,11.69,8.81,-2.92,816.00,1641.00,-211.00
0,-8.17,-22.52,96.87,214.96,183.50,-67.11,12.03,9.11,-2.75,392.00,775.00,-172.00
0,-8.77,-24.72,97.76,203.42,210.76,-36.70,11.75,9.03,-2.78,-20.00,-104.00,1.00
0,-10.23,-26.12,98.10,179.31,200.28,-83.89,11.92,9.14,-2.81,-269.00,-856.00,-32.00
0,-12.86,-27.20,99.47,121.63,259.00,-1.05,11.75,9.03,-3.08,-531.00,-1318.00,46.00
0,-14.86,-26.94,98.68,117.44,246.42,13.63,11.75,9.11,-3.25,-715.00,-1498.00,139.00
0,-16.53,-27.02,97.43,91.23,269.48,-25.17,11.53,8.92,-3.53,-766.00,-1371.00,302.00
0,-18.23,-26.59,97.03,66.06,286.26,-31.46,11.75,9.06,-3.67,-688.00,-1074.00,361.00
0,-19.72,-25.70,96.75,90.18,271.58,-45.09,11.28,8.89,-3.86,-597.00,-912.00,295.00
0,-20.93,-25.24,96.92,90.18,266.34,-46.14,11.64,8.92,-3.86,-359.00,-625.00,213.00
0,-21.62,-24.62,97.21,90.18,266.34,-14.68,11.28,8.75,-4.06,-141.00,-344.00,37.00
0,-21.68,-24.09,96.81,73.40,291.50,-23.07,11.64,8.86,-3.92,-36.00,-94.00,14.00
0,-21.57,-23.25,96.67,92.27,256.90,-34.60,11.53,8.83,-3.92,62.00,26.00,-28.00
0,-21.52,-22.94,96.78,101.71,268.44,-6.29,11.83,8.39,-4.03,41.00,73.00,14.00
0,-21.27,-22.76,96.25,114.29,278.92,-20.97,11.64,8.89,-3.92,10.00,47.00,-6.00
0,-21.27,-22.65,96.06,131.07,221.25,-106.95,11.53,8.69,-4.00,-33.00,-44.00,-57.00
0,-22.12,-23.18,97.77,111.15,273.68,-35.65,11.64,8.89,-3.89,-71.00,-90.00,-58.00
0,-22.32,-22.94,97.68,119.54,264.24,-56.62,11.28,8.83,-4.17,-97.00,-158.00,-87.00
0,-22.72,-22.91,97.98,104.86,251.66,-34.60,11.64,9.03,-3.97,-113.00,-162.00,-72.00
0,-22.86,-22.75,97.89,114.29,227.54,-13.63,11.53,8.81,-4.06,-97.00,-131.00,-73.00
0,-22.78,-23.02,97.42,112.20,254.80,-63.96,11.64,9.00,-3.97,-74.00,-81.00,-69.00
0,-22.97,-22.99,97.95,123.73,228.59,-24.12,11.53,8.92,-4.03,-44.00,-5.00,-49.00
0,-22.79,-23.53,97.72,99.61,261.10,-12.58,11.75,8.44,-4.06,-4.00,52.00,-18.00
0,-22.45,-23.32,97.24,102.76,257.95,-59.77,11.64,9.00,-3.89,34.00,78.00,5.00
0,-22.50,-23.17,97.78,103.81,259.00,-63.96,11.58,9.03,-3.97,43.00,84.00,7.00
0,-22.58,-23.04,98.34,112.20,244.32,-39.85,11.50,8.69,-4.03,36.00,86.00,-3.00
0,-22.49,-23.19,98.40,104.86,252.71,-19.92,11.58,9.08,-3.89,15.00,67.00,-7.00
0,-22.23,-23.12,97.97,105.91,268.44,-20.97,11.53,8.75,-3.97,-14.00,38.00,-15.00
0,-22.05,-22.99,97.57,115.34,232.78,-61.87,11.58,8.97,-3.89,-50.00,11.00,-6.00
0,-22.31,-23.26,98.20,118.49,236.98,-11.53,11.53,8.69,-4.03,-61.00,-10.00,-12.00
0,-22.11,-23.59,97.58,108.00,214.96,-88.08,11.64,9.06,-3.89,-64.00,-22.00,-15.00
0,-22.65,-23.78,98.88,78.64,276.82,-9.44,11.58,9.00,-3.86,-60.00,-22.00,-5.00
0,-22.37,-23.09,98.16,117.44,263.19,-60.82,11.28,8.89,-3.97,-47.00,-10.00,-2.00
0,-22.52,-23.15,98.52,99.61,289.41,-23.07,11.64,9.03,-3.94,-37.00,-6.00,2.00
0,-22.35,-22.85,98.17,109.05,250.61,-66.06,11.64,9.06,-3.89,-19.00,-1.00,9.00
0,-22.53,-22.88,98.78,91.23,267.39,-15.73,11.61,9.06,-3.89,-5.00,1.00,8.00
0,-22.27,-22.53,98.25,89.13,271.58,0.00,11.58,8.97,-3.86,-2.00,4.00,4.00
0,-21.89,-22.16,97.46,99.61,264.24,-8.39,11.64,9.08,-3.89,-5.00,10.00,-2.00
0,-21.61,-22.03,96.91,120.59,257.95,-18.87,11.61,8.92,-3.94,-4.00,16.00,-10.00
0,-21.49,-22.30,96.66,89.13,284.16,-9.44,11.64,9.08,-3.75,8.00,7.00,-10.00
0,-21.29,-21.89,96.25,99.61,233.83,-65.01,11.64,9.00,-3.89,12.00,2.00,-17.00
0,-21.63,-21.94,97.19,112.20,235.93,-30.41,11.53,8.92,-3.94,8.00,4.00,-20.00
0,-21.62,-22.29,97.18,81.79,257.95,-37.75,11.58,8.58,-3.83,-7.00,11.00,-4.00
0,-21.62,-21.82,97.28,112.20,238.03,-60.82,11.58,8.94,-3.83,-8.00,8.00,-6.00
0,-21.83,-22.10,97.94,96.47,277.87,-25.17,12.11,8.53,-3.61,-8.00,9.00,-14.00
0,-21.63,-21.83,97.67,114.29,262.14,-3.15,11.64,8.94,-3.89,-10.00,7.00,-15.00
0,-21.35,-22.00,97.02,99.61,254.80,-58.72,11.92,8.61,-3.86,-10.00,-1.00,-15.00
0,-21.51,-21.89,97.56,98.57,274.73,-31.46,11.64,8.89,-3.94,-15.00,-4.00,-12.00
0,-21.47,-21.70,97.43,105.91,260.05,-12.58,11.64,8.67,-3.86,-20.00,-4.00,-7.00
0,-21.27,-21.75,96.96,109.05,262.14,-65.01,11.81,8.56,-3.92,-22.00,-3.00,-6.00
0,-21.47,-21.78,97.54,90.18,294.65,-4.19,11.67,8.72,-4.08,-17.00,-3.00,-8.00
0,-21.28,-21.42,96.98,95.42,251.66,-17.83,11.64,9.03,-3.86,-11.00,-5.00,-11.00
0,-21.14,-21.35,96.67,100.66,270.53,-30.41,11.64,8.67,-4.08,-11.00,-3.00,-9.00
0,-21.14,-21.25,96.62,105.91,276.82,-60.82,11.75,8.94,-3.89,-11.00,0.00,-13.00
0,-21.29,-21.19,97.07,102.76,265.29,-12.58,11.89,8.47,-3.97,-12.00,2.00,-16.00
0,-21.12,-21.18,96.64,108.00,271.58,-49.28,11.58,9.08,-3.83,-10.00,1.00,-17.00
0,-21.20,-21.18,96.93,96.47,245.37,-52.43,11.28,8.61,-3.78,-9.00,2.00,-19.00
0,-21.36,-21.16,97.42,104.86,244.32,-36.70,11.64,9.03,-3.89,-8.00,4.00,-20.00
0,-21.37,-21.34,97.51,105.91,231.74,-61.87,11.08,8.53,-3.75,-10.00,4.00,-10.00
0,-21.60,-21.62,98.23,106.95,253.76,-69.21,11.64,9.00,-3.75,-13.00,4.00,-5.00
0,-21.77,-21.69,98.85,116.39,220.20,-72.35,12.33,8.50,-3.72,-12.00,4.00,-5.00
0,-21.98,-22.21,99.71,89.13,274.73,-10.49,11.64,9.06,-3.83,-13.00,7.00,-8.00
0,-21.62,-21.85,98.99,121.63,245.37,-51.38,11.39,8.56,-3.86,-13.00,8.00,-7.00
0,-21.63,-22.24,99.23,105.91,260.05,-8.39,11.53,9.06,-3.86,-12.00,9.00,-4.00
0,-21.28,-22.26,98.50,85.98,269.48,-26.21,12.11,8.56,-3.86,-13.00,11.00,-2.00
0,-21.07,-21.84,98.20,99.61,269.48,-19.92,11.64,8.97,-3.89,-9.00,9.00,-4.00
0,-20.88,-21.71,97.82,112.20,260.05,0.00,11.00,9.14,-3.89,-6.00,7.00,-8.00
0,-20.60,-21.88,97.08,125.83,213.91,-54.53,11.53,8.97,-3.92,-7.00,8.00,-6.00
0,-20.82,-22.62,97.70,121.63,224.40,-68.16,11.50,8.69,-3.94,2.00,4.00,-10.00
0,-21.16,-23.13,98.58,125.83,240.12,-63.96,11.75,8.94,-3.89,-8.00,6.00,-7.00
0,-21.35,-23.51,99.13,119.54,243.27,-68.16,11.64,8.94,-3.83,-18.00,10.00,-1.00
0,-21.54,-23.69,99.71,111.15,249.56,-8.39,11.75,9.00,-3.78,-13.00,4.00,-15.00
0,-21.15,-23.73,98.93,115.34,235.93,-56.62,11.64,9.03,-3.83,-13.00,4.00,-17.00
0,-21.26,-23.90,99.35,112.20,241.17,-67.11,11.11,8.78,-4.08,-15.00,4.00,-15.00
0,-21.52,-23.93,99.92,102.76,285.21,-14.68,11.64,9.06,-3.78,-12.00,2.00,-13.00
0,-21.22,-23.62,99.33,100.66,251.66,-50.33,11.58,8.81,-3.81,-10.00,-3.00,-5.00
0,-21.23,-23.42,99.51,113.25,212.86,-69.21,11.53,8.92,-3.92,-7.00,-5.00,-3.00
0,-21.50,-23.75,100.24,106.95,239.08,-42.99,11.86,8.36,-3.89,-7.00,-5.00,-1.00
0,-21.43,-23.76,100.22,74.45,260.05,7.34,11.64,9.06,-3.86,-9.00,-2.00,-3.00
0,-20.86,-23.04,98.99,93.32,278.92,-13.63,11.64,9.11,-3.83,-9.00,0.00,-10.00
0,-20.57,-22.64,98.41,116.39,248.51,-27.26,11.11,8.78,-4.11,-12.00,3.00,-17.00
0,-20.52,-22.86,98.18,118.49,231.74,-71.30,11.53,8.81,-3.83,-11.00,1.00,-18.00
0,-20.83,-23.19,99.04,105.91,257.95,-8.39,11.64,9.03,-3.69,-1.00,-2.00,-16.00
0,-20.50,-23.12,98.34,98.57,282.07,-22.02,11.11,8.78,-4.08,-8.00,2.00,-10.00
0,-20.40,-22.80,97.99,109.05,276.82,-27.26,11.61,9.06,-3.89,-8.00,1.00,-10.00
0,-20.31,-22.67,97.77,114.29,221.25,-68.16,11.64,9.03,-3.86,-9.00,-4.00,-20.00
0,-20.64,-23.03,98.62,118.49,252.71,-28.31,11.64,9.03,-3.83,-15.00,3.00,-18.00
0,-20.53,-23.21,98.39,89.13,284.16,1.05,11.58,8.81,-3.81,-10.00,6.00,-20.00
0,-20.19,-22.73,97.62,120.59,254.80,-18.87,11.53,8.92,-3.92,-8.00,5.00,-14.00
0,-20.08,-22.97,97.30,128.97,217.06,-83.89,11.28,8.92,-3.94,-6.00,-4.00,-10.00
0,-20.77,-23.61,98.67,137.36,229.64,-33.55,11.64,9.08,-3.69,4.00,-94.00,-8.00
0,-21.27,-24.22,98.79,142.61,251.66,-30.41,11.61,9.00,-3.92,-45.00,-358.00,-16.00
0,-22.43,-24.60,98.79,193.99,196.08,-79.69,11.53,8.86,-4.03,-256.00,-818.00,55.00
0,-25.06,-26.06,100.01,204.47,206.57,-50.33,11.53,9.08,-4.25,-529.00,-1444.00,114.00
0,-28.49,-27.42,100.52,199.23,193.99,-82.84,11.44,9.06,-4.44,-927.00,-2123.00,262.00
0,-32.98,-28.60,101.76,135.27,247.46,3.15,11.03,8.97,-4.89,-1190.00,-2594.00,333.00
0,-36.72,-28.37,100.89,144.70,240.12,-33.55,10.94,9.08,-5.19,-1282.00,-2747.00,306.00
0,-40.84,-28.33,100.88,89.13,276.82,39.85,10.53,9.06,-5.67,-1282.00,-2719.00,307.00
0,-43.83,-27.46,99.23,88.08,252.71,15.73,10.42,9.11,-5.81,-1192.00,-2425.00,337.00
0,-45.86,-26.84,97.84,18.87,327.16,35.65,10.19,9.06,-6.11,-897.00,-1689.00,324.00
0,-46.55,-25.66,96.75,10.49,354.42,48.23,10.31,9.22,-6.03,-434.00,-706.00,221.00
0,-45.71,-24.87,96.07,5.24,327.16,3.15,10.31,9.17,-5.92,109.00,357.00,-9.00
0,-43.37,-23.26,95.58,24.12,312.48,50.33,10.28,8.83,-5.97,586.00,1370.00,-234.00
0,-39.63,-21.83,94.56,36.70,313.52,6.29,10.64,8.83,-5.47,962.00,2187.00,-292.00
0,-35.28,-20.62,94.37,67.11,266.34,-7.34,10.81,8.97,-5.25,1233.00,2760.00,-310.00
0,-30.77,-19.86,94.46,79.69,285.21,9.44,11.69,8.58,-4.69,1349.00,2959.00,-335.00
0,-25.79,-19.29,94.50,94.37,242.22,-32.51,11.31,8.69,-4.64,1552.00,3174.00,-414.00
0,-21.35,-19.41,95.45,123.73,261.10,16.78,11.53,8.69,-4.03,1557.00,3094.00,-351.00
0,-17.06,-19.74,95.41,157.29,267.39,-18.87,11.64,8.89,-3.64,1530.00,2722.00,-426.00
0,-14.00,-19.92,96.09,193.99,248.51,-20.97,11.64,9.00,-3.31,1320.00,2023.00,-685.00
0,-12.06,-20.82,96.36,214.96,182.45,-38.80,11.53,8.94,-3.44,766.00,1294.00,-431.00
0,-11.55,-22.92,96.93,206.57,211.81,-61.87,11.64,8.75,-3.19,367.00,477.00,-361.00
0,-12.52,-24.21,97.73,210.76,222.30,-75.50,11.75,9.25,-3.31,-37.00,-439.00,-203.00
0,-14.82,-25.05,98.70,192.94,220.20,-58.72,11.94,8.86,-3.53,-359.00,-1293.00,-146.00
0,-17.53,-25.80,99.48,188.74,210.76,-78.64,11.47,9.33,-3.78,-517.00,-1624.00,-129.00
0,-21.19,-26.53,100.63,144.70,221.25,-55.57,11.25,8.89,-4.17,-798.00,-2117.00,-3.00
0,-24.86,-26.73,101.12,100.66,254.80,-8.39,11.08,9.47,-4.28,-999.00,-2244.00,147.00
0,-27.46,-26.21,99.98,24.12,279.97,14.68,11.03,8.89,-4.72,-1103.00,-1934.00,288.00
0,-29.10,-24.58,98.13,18.87,326.11,18.87,10.97,9.47,-4.72,-1031.00,-1394.00,375.00
0,-30.04,-23.66,96.79,19.92,325.06,5.24,11.44,9.11,-4.69,-748.00,-786.00,359.00
0,-29.98,-22.68,95.78,34.60,296.75,11.53,10.94,9.31,-4.78,-383.00,-118.00,217.00
0,-29.41,-21.53,94.88,37.75,319.82,-26.21,10.86,9.08,-4.69,-34.00,223.00,85.00
0,-28.26,-20.68,94.63,77.59,281.02,-17.83,10.97,9.42,-4.50,132.00,785.00,23.00
0,-26.60,-20.26,94.46,102.76,241.17,-71.30,11.72,8.75,-4.19,361.00,1108.00,-61.00
0,-25.16,-20.58,95.61,112.20,257.95,-12.58,11.33,9.33,-4.17,452.00,1194.00,-65.00
0,-23.46,-20.87,95.44,106.95,272.63,-16.78,11.56,9.11,-3.94,485.00,1074.00,-106.00
0,-22.02,-21.03,95.30,127.93,241.17,-70.25,11.47,9.31,-3.92,374.00,903.00,-7.00
0,-21.34,-21.65,96.34,133.17,220.20,-81.79,11.53,8.97,-3.94,333.00,687.00,-64.00
0,-21.21,-22.44,97.71,152.04,243.27,-56.62,11.50,9.31,-3.69,236.00,415.00,-100.00
0,-20.92,-23.18,98.21,143.65,250.61,-71.30,11.58,8.97,-3.81,174.00,282.00,-88.00
0,-21.03,-23.59,98.87,73.40,273.68,-2.10,11.47,9.31,-3.75,64.00,57.00,-83.00
0,-20.80,-22.73,98.06,114.29,211.81,-89.13,11.36,9.19,-3.75,-21.00,-96.00,-61.00
0,-21.54,-23.06,99.39,101.71,244.32,-35.65,11.39,9.25,-3.75,-86.00,-170.00,-51.00
0,-21.72,-22.89,99.24,68.16,294.65,3.15,11.36,9.47,-3.86,-100.00,-191.00,-59.00
0,-21.58,-22.03,98.33,101.71,254.80,-53.48,11.36,9.28,-3.83,-108.00,-174.00,-47.00
0,-21.84,-21.91,98.59,84.93,292.55,16.78,11.42,9.36,-3.75,-98.00,-139.00,-30.00
0,-21.55,-21.44,97.57,99.61,264.24,-1.05,11.33,9.44,-3.81,-65.00,-101.00,-30.00
0,-21.36,-21.36,96.84,110.10,248.51,-62.91,11.47,9.36,-3.94,-53.00,-85.00,-19.00
0,-21.69,-21.54,97.51,102.76,235.93,-45.09,11.47,9.53,-3.86,-33.00,-67.00,-14.00
0,-21.88,-21.68,97.85,103.81,256.90,-67.11,11.56,8.92,-4.03,-14.00,-69.00,-19.00
0,-22.18,-21.64,98.46,109.05,241.17,-50.33,11.42,9.42,-3.92,-19.00,-59.00,-19.00
0,-22.30,-21.88,98.75,104.86,229.64,-41.94,11.33,9.14,-3.97,-35.00,-34.00,-4.00
0,-22.33,-22.11,98.85,72.35,291.50,3.15,11.42,9.42,-3.89,-33.00,-16.00,-1.00
0,-21.97,-21.46,98.01,117.44,229.64,-6.29,11.39,9.44,-3.81,-18.00,-10.00,-6.00
0,-21.67,-22.02,97.38,96.47,284.16,0.00,11.33,9.36,-3.89,-10.00,-4.00,-13.00
0,-21.38,-21.75,96.72,92.27,261.10,-17.83,11.42,9.42,-3.86,-10.00,5.00,-22.00
0,-21.24,-21.51,96.41,100.66,264.24,-63.96,11.42,9.44,-3.83,-14.00,11.00,-23.00
0,-21.44,-21.40,97.02,81.79,292.55,-10.49,11.44,9.42,-3.81,-10.00,16.00,-26.00
0,-21.26,-20.93,96.59,95.42,265.29,0.00,10.97,9.39,-3.89,-1.00,9.00,-19.00
0,-21.05,-20.83,95.96,91.23,257.95,-54.53,11.28,9.25,-4.00,5.00,-1.00,-19.00
0,-21.28,-20.67,96.52,75.50,285.21,-7.34,11.31,9.25,-3.92,-7.00,-4.00,-16.00
0,-21.15,-20.17,96.03,102.76,251.66,-22.02,11.22,9.25,-4.03,-16.00,-4.00,-12.00
0,-21.13,-20.36,95.88,85.98,265.29,-13.63,11.31,9.14,-3.97,-27.00,0.00,-11.00
0,-21.04,-20.14,95.54,103.81,259.00,-60.82,11.67,9.00,-3.78,-34.00,5.00,-7.00
0,-21.24,-20.28,96.17,94.37,264.24,-54.53,11.31,9.25,-3.83,-34.00,12.00,-4.00
0,-21.39,-20.21,96.60,93.32,238.03,-56.62,11.11,9.28,-3.94,-36.00,21.00,-1.00
0,-21.60,-20.32,97.22,99.61,253.76,-52.43,11.31,9.31,-3.86,-34.00,31.00,3.00
0,-21.66,-20.43,97.56,66.06,291.50,6.29,10.78,9.17,-4.08,-34.00,42.00,12.00
0,-21.36,-19.86,96.73,110.10,270.53,-42.99,11.42,9.44,-3.83,-26.00,51.00,18.00
0,-21.30,-20.09,96.86,109.05,268.44,-42.99,11.36,9.39,-3.75,-14.00,56.00,22.00
0,-21.24,-20.29,97.02,84.93,269.48,-2.10,11.50,8.81,-3.89,3.00,56.00,16.00
0,-20.92,-20.08,96.38,97.52,242.22,-89.13,11.33,9.25,-3.75,11.00,53.00,8.00
0,-21.26,-20.22,97.68,108.00,261.10,-17.83,11.50,9.42,-3.75,11.00,51.00,10.00
0,-21.03,-20.47,97.31,102.76,259.00,-66.06,11.53,9.36,-3.69,7.00,48.00,7.00
0,-21.13,-20.56,97.93,93.32,289.41,-2.10,11.47,9.47,-3.75,12.00,34.00,2.00
0,-20.83,-20.37,97.31,105.91,274.73,-25.17,11.36,9.14,-3.75,10.00,19.00,-1.00
0,-20.70,-20.45,97.12,89.13,267.39,-45.09,11.31,9.31,-3.81,3.00,9.00,3.00
0,-20.76,-20.27,97.33,108.00,251.66,-25.17,11.47,9.33,-3.78,-5.00,-2.00,8.00
0,-20.68,-20.56,97.16,101.71,270.53,-22.02,11.47,9.44,-3.78,-7.00,-9.00,-3.00
0,-20.57,-20.54,96.93,106.95,265.29,-24.12,11.42,9.36,-3.72,-5.00,-11.00,-23.00
0,-20.49,-20.64,96.76,101.71,261.10,-55.57,11.36,9.36,-3.81,-5.00,-10.00,-28.00
0,-20.65,-20.64,97.22,91.23,247.46,-34.60,11.47,9.42,-3.72,-8.00,-9.00,-25.00
0,-20.67,-20.57,97.28,104.86,243.27,-26.21,11.47,9.31,-3.78,-6.00,-14.00,-19.00
0,-20.61,-20.82,97.16,91.23,251.66,-41.94,11.47,9.47,-3.78,-3.00,-16.00,-22.00
0,-20.67,-20.70,97.37,81.79,260.05,-45.09,11.36,9.25,-3.75,-7.00,-8.00,-19.00
0,-20.72,-20.36,97.59,78.64,293.60,-1.05,11.33,9.36,-3.83,-8.00,-4.00,-18.00
0,-20.50,-19.94,96.97,95.42,288.36,-11.53,11.42,8.81,-3.61,-6.00,-6.00,-5.00
0,-20.31,-19.83,96.57,93.32,284.16,8.39,11.50,9.47,-3.75,-5.00,-6.00,-2.00
0,-20.05,-19.70,95.86,95.42,245.37,-42.99,12.14,8.92,-3.58,-4.00,-5.00,-10.00
0,-20.11,-19.84,96.24,109.05,255.85,-62.91,11.33,9.47,-3.69,-11.00,-1.00,-8.00
0,-20.34,-20.11,96.90,101.71,251.66,-61.87,11.28,9.00,-3.75,-11.00,-1.00,-1.00
0,-20.57,-20.26,97.54,96.47,214.96,-90.18,11.44,9.39,-3.75,-3.00,-6.00,-2.00
0,-21.02,-20.53,98.88,92.27,247.46,-62.91,11.44,9.08,-3.75,-4.00,-9.00,0.00
0,-21.16,-20.50,99.39,72.35,270.53,-29.36,11.31,9.14,-3.86,-10.00,-6.00,6.00
0,-21.00,-20.01,99.06,73.40,293.60,-10.49,10.97,9.17,-3.83,-13.00,-4.00,14.00
0,-20.74,-19.56,98.47,109.05,223.35,-67.11,11.42,9.47,-3.78,-2.00,-4.00,11.00
0,-20.92,-20.12,99.24,106.95,243.27,-72.35,12.17,8.83,-3.89,11.00,-3.00,-1.00
0,-21.07,-20.41,99.95,96.47,235.93,-56.62,10.78,9.17,-3.97,14.00,-3.00,-3.00
0,-21.16,-20.54,100.33,104.86,253.76,-53.48,11.36,8.94,-3.86,22.00,-3.00,-12.00
0,-21.11,-20.68,100.51,111.15,257.95,-59.77,10.78,9.17,-3.89,27.00,-1.00,-18.00
0,-21.12,-20.85,100.78,81.79,288.36,6.29,11.39,9.14,-3.75,37.00,0.00,-23.00
0,-20.61,-20.43,99.80,101.71,250.61,-9.44,11.44,9.44,-3.78,40.00,5.00,-37.00
0,-20.19,-20.60,99.06,87.03,273.68,-15.73,10.97,9.28,-3.83,18.00,18.00,-20.00
0,-19.93,-20.36,98.51,80.74,275.78,-1.05,11.36,9.33,-3.83,1.00,15.00,4.00
0,-19.59,-20.02,97.74,100.66,229.64,-65.01,11.08,9.31,-3.89,7.00,10.00,-11.00
0,-19.85,-20.31,98.52,85.98,255.85,-28.31,11.47,9.42,-3.69,7.00,-2.00,-13.00
0,-19.73,-20.14,98.29,113.25,245.37,-32.51,11.56,9.39,-3.69,-2.00,-3.00,-8.00
0,-19.64,-20.59,98.20,96.47,260.05,7.34,11.44,8.92,-3.86,-9.00,-5.00,0.00
0,-19.30,-20.62,97.25,103.81,246.42,-14.68,11.11,9.17,-3.75,-7.00,-10.00,13.00
0,-19.20,-20.87,96.88,112.20,225.44,-92.27,11.47,9.47,-3.81,5.00,-28.00,11.00
0,-19.93,-21.32,98.45,123.73,254.80,-17.83,11.50,9.08,-3.83,17.00,-132.00,9.00
0,-20.35,-21.67,98.23,132.12,214.96,-114.29,11.42,9.31,-3.92,-12.00,-381.00,-8.00
0,-21.82,-22.39,100.09,173.02,199.23,-112.20,11.39,8.89,-3.92,-162.00,-552.00,63.00
0,-24.05,-23.68,101.95,200.28,221.25,-108.00,11.42,9.36,-4.17,-219.00,-1099.00,129.00
0,-27.27,-24.48,103.65,187.70,229.64,-53.48,11.33,9.33,-4.44,-270.00,-1939.00,207.00
0,-31.21,-25.16,104.62,190.84,210.76,-50.33,10.92,9.22,-4.97,-519.00,-2661.00,329.00
0,-35.80,-26.09,105.47,114.29,228.59,29.36,10.64,9.22,-5.28,-830.00,-3065.00,449.00
0,-39.37,-26.07,103.78,81.79,218.10,-2.10,9.94,8.94,-6.17,-1151.00,-2990.00,566.00
0,-42.73,-25.78,102.75,38.80,260.05,68.16,10.25,9.08,-5.97,-1234.00,-2395.00,570.00
0,-43.79,-24.70,99.49,-2.10,273.68,-31.46,10.08,9.31,-6.08,-1015.00,-1473.00,506.00
0,-45.15,-22.62,98.63,3.15,349.18,29.36,9.97,9.25,-6.25,-820.00,-989.00,330.00
0,-44.97,-21.95,97.61,5.24,354.42,26.21,9.89,8.92,-6.42,-293.00,-38.00,188.00
0,-43.44,-21.18,96.94,23.07,290.46,-42.99,9.97,9.28,-6.14,226.00,868.00,-87.00
0,-40.90,-19.87,97.05,53.48,285.21,17.83,10.42,9.22,-5.78,611.00,1705.00,-144.00
0,-36.98,-19.26,96.14,56.62,311.43,48.23,10.50,9.03,-5.61,885.00,2375.00,-133.00
0,-32.32,-18.82,95.23,57.67,301.99,40.89,10.97,9.06,-5.11,1113.00,2891.00,-162.00
0,-27.14,-18.30,94.45,79.69,270.53,4.19,11.08,9.03,-4.78,1269.00,3270.00,-217.00
0,-22.04,-18.09,94.31,115.34,277.87,-8.39,11.81,8.56,-4.19,1375.00,3373.00,-297.00
0,-17.29,-18.58,94.50,140.51,254.80,-14.68,11.64,9.03,-3.81,1371.00,3198.00,-168.00
0,-12.83,-19.56,94.82,166.72,227.54,-4.19,11.75,9.11,-3.19,1401.00,3050.00,-212.00
0,-8.84,-20.36,95.19,179.31,188.74,-24.12,11.67,8.72,-3.17,1489.00,2626.00,-788.00
0,-5.85,-22.30,95.63,192.94,224.40,-67.11,11.92,9.36,-2.64,1088.00,2114.00,-458.00
0,-4.27,-23.27,96.82,224.40,219.15,-56.62,11.92,9.36,-2.58,899.00,1298.00,-474.00
0,-3.91,-24.36,97.64,181.40,221.25,-40.89,11.53,9.31,-2.53,507.00,425.00,-365.00
0,-4.67,-25.52,98.11,197.13,182.45,-99.61,11.75,9.47,-2.58,32.00,-340.00,-62.00
0,-6.97,-27.00,99.90,170.92,206.57,-94.37,11.64,9.44,-2.72,-270.00,-977.00,-10.00
0,-9.73,-27.76,101.30,143.65,202.38,-78.64,11.58,9.31,-2.89,-554.00,-1340.00,95.00
0,-12.45,-28.18,102.37,108.00,249.56,1.05,11.53,9.25,-3.14,-660.00,-1414.00,154.00
0,-14.12,-27.76,101.10,74.45,266.34,-14.68,11.58,9.33,-3.22,-742.00,-1421.00,256.00
0,-15.73,-26.74,100.17,76.55,296.75,1.05,11.47,9.28,-3.56,-736.00,-1279.00,298.00
0,-16.87,-25.99,99.05,57.67,279.97,-33.55,11.53,9.08,-3.58,-639.00,-946.00,268.00
0,-17.68,-24.90,98.55,60.82,294.65,8.39,11.61,9.22,-3.53,-460.00,-552.00,209.00
0,-17.77,-23.91,97.50,72.35,293.60,-33.55,11.64,9.17,-3.64,-233.00,-293.00,72.00
0,-17.97,-23.05,97.35,89.13,276.82,-24.12,11.86,8.67,-3.72,-94.00,-147.00,-26.00
0,-18.08,-22.49,97.12,110.10,248.51,-15.73,11.53,9.17,-3.64,-45.00,-120.00,-74.00
0,-18.14,-22.54,96.77,100.66,257.95,-55.57,11.61,9.25,-3.64,-40.00,-118.00,-61.00
0,-18.64,-22.33,97.23,111.15,229.64,-63.96,11.53,9.33,-3.64,-106.00,-202.00,-34.00
0,-19.38,-22.50,98.00,76.55,252.71,-16.78,11.44,9.39,-3.78,-138.00,-278.00,-68.00
0,-19.64,-21.84,97.41,90.18,275.78,-41.94,11.00,9.14,-4.03,-209.00,-281.00,-39.00
0,-20.08,-21.51,97.32,68.16,288.36,-7.34,11.06,9.00,-3.97,-217.00,-222.00,19.00
0,-20.10,-20.86,96.63,78.64,243.27,-70.25,11.75,8.83,-3.78,-155.00,-110.00,30.00
0,-20.29,-20.63,97.43,75.50,264.24,-22.02,11.47,9.19,-3.81,-81.00,93.00,58.00
0,-19.78,-20.34,97.05,87.03,294.65,-8.39,11.56,9.25,-3.81,32.00,289.00,69.00
0,-19.14,-20.25,96.56,94.37,251.66,-77.59,11.28,9.00,-3.81,87.00,330.00,99.00
0,-19.03,-20.44,97.63,115.34,271.58,-50.33,11.47,9.06,-3.64,174.00,327.00,98.00
0,-18.74,-20.77,97.96,98.57,259.00,-38.80,11.53,9.11,-3.67,175.00,255.00,58.00
0,-18.50,-20.83,98.08,136.31,248.51,-24.12,11.58,9.31,-3.53,115.00,162.00,13.00
0,-18.27,-21.62,97.83,124.78,245.37,-58.72,11.64,8.92,-3.61,19.00,75.00,28.00
0,-18.42,-22.13,98.28,90.18,279.97,6.29,11.53,9.14,-3.58,-36.00,4.00,30.00
0,-18.14,-21.78,97.37,106.95,243.27,-6.29,11.42,9.31,-3.64,-47.00,-38.00,-7.00
0,-17.97,-21.98,96.72,102.76,244.32,-55.57,11.69,9.25,-3.58,-52.00,-40.00,-11.00
0,-18.23,-22.02,97.25,93.32,283.12,-4.19,11.89,9.17,-3.56,-49.00,-30.00,-11.00
0,-18.03,-21.73,96.64,102.76,276.82,-24.12,11.58,9.22,-3.56,-32.00,-8.00,-2.00
0,-17.95,-21.65,96.46,87.03,276.82,3.15,11.58,8.61,-3.47,-14.00,13.00,13.00
0,-17.68,-21.33,95.79,102.76,247.46,-24.12,11.58,9.31,-3.53,5.00,23.00,20.00
0,-17.67,-21.49,95.77,99.61,274.73,-25.17,11.31,8.78,-3.61,20.00,19.00,15.00
0,-17.70,-21.37,95.73,109.05,229.64,-77.59,11.53,9.03,-3.58,22.00,4.00,6.00
0,-18.24,-21.71,97.02,85.98,282.07,-16.78,11.19,8.78,-3.75,17.00,-21.00,-4.00
0,-18.25,-21.30,96.71,103.81,246.42,-50.33,11.64,9.11,-3.58,3.00,-38.00,-13.00
0,-18.48,-21.40,97.19,115.34,251.66,-13.63,11.19,8.89,-3.75,-4.00,-47.00,-17.00
0,-18.46,-21.69,96.80,104.86,243.27,-16.78,11.58,9.06,-3.50,-14.00,-54.00,-20.00
0,-18.40,-21.85,96.49,122.68,277.87,-48.23,11.97,8.78,-3.69,-20.00,-48.00,-13.00
0,-18.55,-21.99,96.73,89.13,286.26,-1.05,11.53,9.14,-3.72,-18.00,-37.00,-2.00
0,-18.42,-21.63,96.16,109.05,251.66,-67.11,11.64,8.86,-3.56,-9.00,-26.00,5.00
0,-18.73,-21.78,96.96,119.54,250.61,-19.92,11.11,9.03,-3.89,-5.00,-9.00,10.00
0,-18.72,-22.17,96.70,93.32,257.95,-28.31,11.64,9.06,-3.64,-9.00,5.00,12.00
0,-18.68,-21.97,96.62,114.29,251.66,-79.69,11.64,9.22,-3.56,-14.00,17.00,8.00
0,-19.02,-22.16,97.55,114.29,253.76,-18.87,11.42,8.78,-3.56,-13.00,16.00,5.00
0,-18.89,-22.38,97.20,76.55,290.46,-4.19,11.64,9.25,-3.58,-15.00,14.00,6.00
0,-18.64,-21.80,96.59,110.10,260.05,-75.50,11.25,8.89,-3.67,-24.00,12.00,9.00
0,-18.97,-21.87,97.39,82.84,278.92,2.10,11.64,9.22,-3.53,-21.00,5.00,4.00
0,-18.69,-21.42,96.63,106.95,234.88,-57.67,11.64,9.11,-3.58,-19.00,0.00,-11.00
0,-18.93,-21.69,97.29,95.42,293.60,-18.87,11.53,9.03,-3.72,-29.00,-1.00,-7.00
0,-18.83,-21.41,96.95,125.83,223.35,-30.41,11.53,9.03,-3.61,-30.00,5.00,-5.00
0,-18.84,-22.18,96.97,114.29,257.95,-19.92,11.75,9.06,-3.56,-25.00,6.00,-5.00
0,-18.70,-22.36,96.68,87.03,283.12,6.29,11.64,9.22,-3.47,-25.00,12.00,0.00
0,-18.39,-21.94,95.92,104.86,283.12,1.05,11.75,9.17,-3.47,-23.00,15.00,-1.00
0,-18.17,-21.82,95.37,78.64,277.87,-9.44,11.75,8.89,-3.64,-14.00,13.00,-11.00
0,-18.07,-21.30,95.01,115.34,224.40,-66.06,11.50,8.81,-3.67,-16.00,10.00,-6.00
0,-18.52,-21.84,96.07,118.49,265.29,-54.53,11.11,8.94,-3.83,-14.00,11.00,-7.00
0,-18.78,-22.02,96.50,105.91,256.90,-32.51,11.58,9.06,-3.56,-15.00,7.00,0.00
0,-18.80,-22.06,96.53,102.76,256.90,-65.01,11.64,9.17,-3.53,-12.00,9.00,-2.00
0,-19.06,-22.02,97.20,102.76,260.05,-20.97,11.64,9.17,-3.47,-20.00,6.00,6.00
0,-18.94,-22.00,96.93,100.66,266.34,-12.58,11.64,9.11,-3.50,-5.00,4.00,3.00
0,-18.76,-21.89,96.52,108.00,245.37,-57.67,11.53,9.03,-3.44,-4.00,0.00,-2.00
0,-18.96,-22.06,97.14,120.59,239.08,-33.55,11.64,9.22,-3.53,-4.00,7.00,2.00
0,-18.98,-22.55,97.19,96.47,273.68,-1.05,11.53,9.03,-3.69,-9.00,4.00,25.00
0,-18.75,-22.32,96.54,96.47,269.48,-38.80,11.31,9.00,-3.72,-2.00,1.00,13.00
0,-18.84,-22.09,96.67,118.49,256.90,-41.94,11.75,9.11,-3.53,-5.00,-1.00,0.00
0,-18.91,-22.32,96.89,114.29,262.14,-66.06,11.64,9.22,-3.56,-5.00,0.00,-4.00
0,-19.16,-22.40,97.50,109.05,253.76,-47.19,11.53,9.06,-3.56,-3.00,-7.00,-1.00
0,-19.27,-22.48,97.77,88.08,257.95,-58.72,11.50,8.81,-3.58,-3.00,-9.00,9.00
0,-19.45,-22.14,98.25,104.86,261.10,-4.19,11.64,9.03,-3.47,-5.00,-11.00,12.00
0,-19.15,-22.15,97.55,112.20,260.05,-18.87,11.97,8.61,-3.53,-4.00,-9.00,5.00
0,-18.98,-22.27,97.23,104.86,242.22,-20.97,11.64,9.17,-3.56,-2.00,-11.00,0.00
0,-18.88,-22.41,96.98,85.98,275.78,-23.07,11.97,8.69,-3.58,-7.00,-10.00,10.00
0,-18.79,-21.98,96.76,75.50,276.82,-19.92,11.53,8.92,-3.67,-11.00,-9.00,5.00
0,-18.72,-21.38,96.47,83.89,279.97,-24.12,11.61,9.06,-3.56,-20.00,-10.00,-1.00
0,-18.69,-20.97,96.29,114.29,252.71,-29.36,11.78,8.67,-3.67,-27.00,-20.00,-10.00
0,-18.75,-21.25,96.29,90.18,277.87,-10.49,11.22,8.81,-3.89,-25.00,-31.00,-26.00
0,-18.72,-20.93,95.89,90.18,256.90,-33.55,11.69,9.11,-3.56,-22.00,-33.00,-34.00
0,-18.81,-20.74,96.00,92.27,283.12,-3.15,11.58,9.06,-3.53,-28.00,-29.00,-28.00
0,-18.68,-20.51,95.51,115.34,235.93,-32.51,11.42,8.92,-3.58,-22.00,-27.00,-12.00
0,-18.81,-21.06,95.72,92.27,270.53,-5.24,11.64,9.17,-3.56,-14.00,-27.00,-2.00
0,-18.70,-20.88,95.28,84.93,278.92,-17.83,11.58,9.03,-3.58,-5.00,-23.00,-1.00
0,-18.69,-20.55,95.13,108.00,252.71,-13.63,11.58,9.06,-3.53,0.00,-22.00,4.00
0,-18.66,-20.82,94.94,87.03,263.19,-47.19,11.64,9.11,-3.61,10.00,-17.00,3.00
0,-18.89,-20.60,95.44,117.44,241.17,-1.05,11.64,9.14,-3.47,4.00,-16.00,20.00
0,-18.74,-21.19,94.95,109.05,212.86,-93.32,11.47,8.44,-3.56,11.00,-16.00,21.00
0,-19.40,-21.69,96.68,105.91,262.14,-1.05,11.69,8.53,-3.72,10.00,-13.00,13.00
0,-19.21,-21.77,96.06,110.10,244.32,-63.96,11.64,8.89,-3.58,-6.00,6.00,17.00
0,-19.50,-22.01,96.86,119.54,235.93,-13.63,11.64,9.03,-3.58,2.00,1.00,20.00
0,-19.60,-22.51,96.64,135.27,232.78,-47.19,11.67,8.64,-3.56,31.00,-159.00,16.00
0,-20.51,-23.11,97.32,147.85,238.03,-73.40,11.58,9.08,-3.72,-31.00,-511.00,-28.00
0,-22.27,-23.74,98.25,175.11,216.01,-26.21,11.64,9.11,-3.89,-332.00,-949.00,72.00
0,-24.51,-25.08,98.29,164.63,208.67,-72.35,11.61,9.03,-4.08,-586.00,-1503.00,151.00
0,-27.61,-26.19,99.43,150.99,245.37,-33.55,11.31,8.97,-4.47,-716.00,-1759.00,254.00
0,-30.99,-26.60,99.59,126.88,254.80,-4.19,10.86,8.89,-4.83,-894.00,-2213.00,315.00
0,-34.49,-26.62,99.08,116.39,254.80,2.10,11.53,8.75,-5.28,-1036.00,-2456.00,381.00
0,-37.87,-26.47,98.37,84.93,293.60,26.21,10.94,9.03,-5.31,-1081.00,-2456.00,361.00
0,-40.81,-25.81,97.29,90.18,254.80,-26.21,10.36,8.56,-5.86,-1051.00,-2243.00,347.00
0,-43.58,-25.31,97.09,49.28,317.72,29.36,10.50,9.22,-5.86,-898.00,-1810.00,305.00
0,-44.77,-24.40,96.00,28.31,286.26,-4.19,10.17,9.00,-6.25,-602.00,-1038.00,212.00
0,-44.50,-22.92,95.19,-8.39,347.08,27.26,10.22,8.89,-6.14,-187.00,62.00,110.00
0,-43.27,-21.91,94.46,-19.92,360.71,42.99,10.75,8.78,-5.89,108.00,682.00,-10.00
0,-40.33,-21.17,94.01,20.97,318.77,35.65,10.64,9.08,-5.47,665.00,1805.00,-127.00
0,-36.04,-19.80,93.43,36.70,325.06,27.26,11.03,8.78,-5.08,1100.00,2653.00,-324.00
0,-31.00,-18.63,93.29,74.45,269.48,-25.17,11.17,8.81,-4.75,1403.00,3234.00,-435.00
0,-25.93,-18.02,94.16,91.23,294.65,37.75,11.64,9.03,-4.25,1631.00,3461.00,-487.00
0,-20.91,-17.88,94.09,169.87,218.10,-45.09,11.31,8.81,-3.92,1631.00,3222.00,-305.00
0,-17.08,-19.15,95.60,192.94,236.98,-33.55,11.64,8.44,-3.33,1623.00,2717.00,-667.00
0,-14.23,-20.18,96.41,186.65,222.30,-32.51,11.39,9.00,-3.28,1206.00,1923.00,-586.00
0,-12.07,-21.55,96.97,201.33,206.57,-35.65,11.33,9.22,-3.19,912.00,1478.00,-428.00
0,-11.47,-23.15,97.48,186.65,207.62,-66.06,11.64,9.03,-3.08,457.00,473.00,-319.00
0,-12.55,-24.47,98.45,229.64,182.45,-69.21,11.75,8.83,-3.28,-54.00,-480.00,-132.00
0,-14.87,-26.29,99.35,201.33,165.68,-55.57,11.22,9.08,-3.36,-483.00,-1258.00,30.00
0,-17.89,-28.30,100.18,153.09,196.08,-50.33,11.61,9.33,-3.47,-790.00,-1683.00,108.00
0,-20.97,-29.00,100.60,114.29,270.53,5.24,11.53,9.31,-3.83,-962.00,-1826.00,237.00
0,-23.31,-28.69,99.49,76.55,276.82,0.00,11.50,9.22,-3.97,-1010.00,-1761.00,400.00
0,-25.33,-27.75,98.38,75.50,283.12,-15.73,10.78,8.97,-4.47,-941.00,-1543.00,368.00
0,-27.39,-26.86,97.65,58.72,288.36,-11.53,11.36,9.06,-4.33,-860.00,-1359.00,319.00
0,-28.50,-25.82,96.80,60.82,277.87,-10.49,11.44,9.11,-4.36,-653.00,-836.00,272.00
0,-28.80,-24.85,96.05,55.57,314.57,19.92,11.19,9.06,-4.44,-352.00,-310.00,201.00
0,-28.22,-23.95,95.13,56.62,314.57,1.05,10.67,8.97,-4.67,-42.00,192.00,41.00
0,-27.16,-23.10,94.57,71.30,301.99,-15.73,11.44,9.06,-4.31,178.00,658.00,1.00
0,-25.68,-22.40,94.38,79.69,277.87,-22.02,11.33,9.03,-4.17,364.00,947.00,-50.00
0,-24.17,-21.85,94.49,92.27,270.53,-36.70,11.56,9.11,-4.03,491.00,1017.00,-78.00
0,-22.85,-21.56,94.90,106.95,259.00,-41.94,11.53,8.72,-4.06,476.00,958.00,-98.00
0,-21.79,-21.60,95.38,137.36,244.32,-13.63,11.58,9.00,-3.86,399.00,819.00,-109.00
0,-20.70,-22.27,95.28,137.36,244.32,-13.63,11.64,9.11,-3.75,363.00,673.00,-117.00
0,-20.11,-22.84,95.23,156.24,207.62,-72.35,11.53,9.03,-3.69,256.00,339.00,-107.00
0,-20.65,-24.08,96.54,159.38,236.98,-61.87,11.58,9.14,-3.64,71.00,-21.00,-47.00
0,-21.42,-24.75,97.28,125.83,217.06,-77.59,11.58,9.00,-3.64,-75.00,-328.00,-74.00
0,-22.72,-24.96,98.57,105.91,232.78,-49.28,11.58,9.22,-3.83,-178.00,-542.00,-101.00
0,-23.74,-24.70,98.89,99.61,247.46,-24.12,11.42,8.94,-4.03,-270.00,-603.00,-47.00
0,-24.37,-24.31,98.51,85.98,268.44,-24.12,11.00,8.97,-4.17,-262.00,-536.00,-10.00
0,-24.82,-23.65,98.15,85.98,239.08,-91.23,11.58,9.22,-3.97,-181.00,-390.00,2.00
0,-25.69,-23.17,99.41,83.89,257.95,-26.21,11.47,9.31,-4.06,-137.00,-297.00,11.00
0,-25.61,-22.66,99.03,103.81,245.37,-23.07,11.50,9.25,-4.03,-35.00,-93.00,3.00
0,-25.22,-22.76,98.64,101.71,259.00,-67.11,11.47,9.28,-3.97,27.00,79.00,32.00
0,-25.03,-22.70,99.18,104.86,245.37,-55.57,11.50,9.19,-4.06,83.00,191.00,27.00
0,-24.70,-22.83,99.49,99.61,262.14,-42.99,11.53,9.22,-3.92,85.00,255.00,39.00
0,-24.16,-22.71,99.45,114.29,240.12,-72.35,11.39,9.03,-4.06,103.00,268.00,5.00
0,-23.97,-22.98,100.10,95.42,282.07,-24.12,11.47,9.06,-3.89,83.00,246.00,0.00
0,-23.39,-22.72,99.58,111.15,248.51,12.58,11.53,9.11,-3.97,36.00,197.00,28.00
0,-22.56,-22.98,98.29,103.81,279.97,-16.78,11.58,9.08,-3.81,21.00,172.00,24.00
0,-22.10,-22.82,97.78,87.03,255.85,-11.53,11.64,9.17,-3.78,-5.00,125.00,9.00
0,-21.72,-22.43,97.18,111.15,234.88,-57.67,11.28,8.92,-3.89,-9.00,70.00,-21.00
0,-21.89,-22.66,97.76,123.73,233.83,-50.33,11.58,9.22,-3.78,-21.00,36.00,-30.00
0,-21.97,-23.11,98.11,99.61,265.29,-41.94,11.44,9.03,-3.92,-33.00,19.00,-31.00
0,-21.95,-22.85,98.12,97.52,272.63,-16.78,11.58,9.11,-3.75,-31.00,13.00,-22.00
0,-21.72,-22.58,97.65,78.64,263.19,-26.21,11.50,8.92,-3.92,-23.00,3.00,-10.00
0,-21.61,-22.01,97.42,108.00,264.24,-56.62,11.58,9.28,-3.69,-13.00,-3.00,-8.00
0,-21.71,-22.00,97.80,98.57,282.07,-30.41,11.58,9.00,-3.83,-15.00,-5.00,-6.00
0,-21.61,-21.78,97.62,77.59,287.31,-8.39,11.53,9.14,-3.89,-18.00,0.00,-8.00
0,-21.37,-21.23,97.05,120.59,242.22,-68.16,11.47,9.11,-3.64,-23.00,5.00,-6.00
0,-21.58,-21.68,97.79,96.47,283.12,-7.34,11.50,9.14,-3.81,-18.00,7.00,-6.00
0,-21.33,-21.46,97.21,110.10,281.02,2.10,11.47,9.11,-3.86,-16.00,6.00,-8.00
0,-21.05,-21.47,96.54,124.78,242.22,-14.68,11.53,8.94,-3.75,-16.00,7.00,-8.00
0,-20.89,-22.05,96.21,87.03,275.78,-15.73,11.64,8.67,-3.83,-17.00,7.00,-6.00
0,-20.76,-21.65,95.89,112.20,240.12,-33.55,11.28,8.89,-3.86,-16.00,6.00,-9.00
0,-20.85,-21.98,96.05,116.39,269.48,-42.99,11.17,8.56,-3.78,-16.00,6.00,-11.00
0,-20.95,-22.08,96.27,110.10,231.74,-63.96,11.47,9.11,-3.67,-13.00,6.00,-10.00
0,-21.27,-22.36,97.14,105.91,284.16,-29.36,11.64,8.83,-3.81,-10.00,4.00,-13.00
0,-21.22,-22.21,97.01,123.73,242.22,10.49,11.58,9.17,-3.67,-6.00,2.00,-6.00
0,-20.82,-22.72,96.10,93.32,264.24,-68.16,11.50,9.00,-3.81,1.00,3.00,-4.00
0,-21.09,-22.41,96.85,102.76,230.69,-74.45,11.64,9.22,-3.83,4.00,5.00,-3.00
0,-21.53,-22.53,97.96,93.32,277.87,-23.07,11.47,8.67,-3.72,8.00,2.00,5.00
0,-21.39,-22.21,97.67,114.29,218.10,-36.70,11.64,9.28,-3.64,7.00,-2.00,1.00
0,-21.37,-22.67,97.81,121.63,278.92,-24.12,11.39,8.67,-3.75,3.00,-1.00,-4.00
0,-21.23,-22.74,97.56,93.32,267.39,-10.49,11.31,8.94,-3.83,-5.00,3.00,-11.00
0,-21.02,-22.42,97.04,87.03,270.53,-9.44,11.28,9.00,-3.75,-3.00,-3.00,-17.00
0,-20.82,-22.01,96.54,77.59,288.36,-4.19,11.53,9.03,-3.78,-5.00,-2.00,-12.00
0,-20.62,-21.44,96.01,118.49,235.93,-19.92,11.64,8.75,-3.89,-7.00,0.00,-4.00
0,-20.58,-21.99,95.87,113.25,278.92,-27.26,11.58,9.22,-3.78,-5.00,1.00,5.00
0,-20.57,-22.03,95.82,103.81,267.39,8.39,11.67,8.81,-3.75,-3.00,1.00,11.00
0,-20.30,-22.00,95.11,110.10,259.00,-72.35,11.58,9.22,-3.64,1.00,3.00,10.00
0,-20.64,-22.09,96.02,82.84,257.95,-14.68,11.64,9.08,-3.94,-1.00,4.00,13.00
0,-20.57,-21.70,95.71,112.20,257.95,-22.02,11.44,8.92,-3.94,-1.00,8.00,11.00
0,-20.57,-21.89,95.61,104.86,259.00,-32.51,11.33,8.78,-3.75,0.00,10.00,7.00
0,-20.63,-21.93,95.74,117.44,238.03,-46.14,11.58,9.11,-3.75,2.00,5.00,9.00
0,-20.82,-22.36,96.22,96.47,251.66,-10.49,11.53,8.78,-3.81,1.00,7.00,14.00
0,-20.67,-22.27,95.81,120.59,230.69,-49.28,11.75,8.67,-3.81,-7.00,14.00,17.00
0,-20.88,-22.81,96.38,101.71,285.21,-3.15,11.44,8.92,-3.75,-6.00,12.00,15.00
0,-20.70,-22.59,95.88,90.18,252.71,-50.33,11.11,8.94,-4.06,-2.00,7.00,4.00
0,-20.97,-22.29,96.39,96.47,276.82,2.10,11.61,9.11,-3.83,-6.00,8.00,-3.00
0,-20.73,-22.05,95.74,94.37,277.87,-24.12,11.58,9.17,-3.64,-6.00,15.00,-3.00
0,-20.66,-21.78,95.64,87.03,268.44,-63.96,11.58,9.17,-3.69,-5.00,16.00,1.00
0,-20.91,-21.44,96.33,97.52,279.97,-17.83,11.64,9.11,-3.69,-3.00,9.00,7.00
0,-20.81,-21.28,96.07,105.91,279.97,1.05,11.64,9.22,-3.69,-5.00,-2.00,11.00
0,-20.60,-21.27,95.51,125.83,227.54,-34.60,11.64,9.06,-3.61,-13.00,-8.00,4.00
0,-20.70,-22.04,95.78,100.66,271.58,17.83,11.53,8.61,-3.81,-20.00,-11.00,-4.00
0,-20.40,-21.91,94.88,102.76,245.37,-42.99,11.64,9.11,-3.64,-17.00,-12.00,-7.00
0,-20.60,-21.98,95.36,89.13,270.53,-25.17,11.64,9.17,-3.69,-12.00,-12.00,-8.00
0,-20.62,-21.63,95.32,98.57,238.03,-76.55,11.58,8.97,-3.72,-10.00,-10.00,-8.00
0,-21.10,-21.67,96.53,99.61,293.60,-15.73,11.53,8.69,-3.75,-11.00,-4.00,-6.00
0,-20.99,-21.46,96.22,103.81,259.00,-4.19,11.61,9.11,-3.67,-13.00,7.00,-7.00
0,-20.73,-21.51,95.69,83.89,267.39,-34.60,11.64,9.11,-3.67,-3.00,21.00,-11.00
0,-20.73,-21.11,95.83,111.15,244.32,-77.59,11.58,9.06,-3.72,8.00,18.00,-18.00
0,-21.14,-21.36,96.91,120.59,253.76,-58.72,11.64,9.08,-3.69,-1.00,-13.00,-15.00
0,-21.37,-21.67,97.45,106.95,285.21,-26.21,11.61,9.06,-3.67,-12.00,-48.00,-19.00
0,-21.37,-21.55,97.28,122.68,270.53,-22.02,11.53,9.03,-3.75,-14.00,-83.00,-25.00
0,-21.65,-21.72,97.11,171.97,187.70,-24.12,11.47,8.81,-3.94,-65.00,-281.00,-22.00
0,-22.61,-23.79,96.95,184.55,185.60,-104.86,11.64,9.06,-3.75,-398.00,-628.00,178.00
0,-25.15,-25.86,98.40,175.11,232.78,-89.13,11.75,8.64,-4.08,-774.00,-1184.00,435.00
0,-28.25,-26.86,99.32,133.17,259.00,-9.44,11.53,8.97,-4.22,-885.00,-1721.00,428.00
0,-31.36,-27.01,98.89,156.24,230.69,-23.07,11.33,9.06,-4.67,-978.00,-2194.00,402.00
0,-34.83,-27.71,98.87,79.69,274.73,38.80,11.17,8.69,-4.86,-1027.00,-2305.00,368.00
0,-37.36,-26.79,97.48,89.13,282.07,-3.15,10.97,8.83,-5.31,-916.00,-2136.00,293.00
0,-39.80,-26.05,97.06,51.38,287.31,-3.15,10.97,8.97,-5.42,-712.00,-1765.00,228.00
0,-41.78,-24.67,96.59,71.30,271.58,45.09,10.75,8.94,-5.69,-576.00,-1493.00,149.00
0,-42.22,-23.69,95.11,30.41,292.55,46.14,10.64,8.92,-5.69,-264.00,-748.00,-33.00
0,-41.16,-22.10,93.85,-26.21,341.84,65.01,10.58,8.86,-5.69,150.00,308.00,-148.00
0,-38.61,-20.83,93.27,7.34,312.48,13.63,10.81,9.11,-5.42,679.00,1501.00,-191.00
0,-34.79,-19.32,93.21,23.07,340.79,49.28,11.00,8.69,-5.08,1159.00,2439.00,-210.00
0,-30.07,-18.38,93.32,58.72,322.96,42.99,11.19,8.72,-4.83,1534.00,3035.00,-330.00
0,-24.88,-17.60,93.51,82.84,282.07,59.77,11.67,8.61,-4.28,1720.00,3383.00,-436.00
0,-19.53,-17.51,93.03,138.41,262.14,22.02,11.50,8.61,-4.00,1669.00,3393.00,-189.00
0,-14.58,-18.12,93.28,158.33,222.30,-42.99,11.47,9.00,-3.31,1719.00,3290.00,-393.00
0,-10.57,-19.19,94.65,174.06,202.38,-77.59,11.42,8.83,-3.22,1563.00,2900.00,-638.00
0,-7.56,-20.88,96.15,189.79,227.54,-20.97,12.44,8.75,-2.50,1100.00,2413.00,-408.00
0,-5.11,-22.16,96.25,208.67,224.40,-54.53,11.75,9.11,-2.39,815.00,1634.00,-413.00
0,-4.20,-23.38,96.77,231.74,158.33,-109.05,11.75,9.06,-2.22,397.00,758.00,-301.00
0,-5.08,-25.59,98.28,223.35,163.58,-99.61,11.86,9.25,-2.19,-66.00,-95.00,-50.00
0,-7.09,-27.58,99.78,171.97,211.81,-71.30,11.67,8.89,-2.53,-368.00,-827.00,36.00
0,-9.66,-28.40,100.65,174.06,197.13,-90.18,12.33,8.69,-2.50,-628.00,-1361.00,140.00
0,-12.68,-29.20,102.02,132.12,245.37,-24.12,11.94,8.72,-2.89,-723.00,-1568.00,135.00
0,-15.22,-29.06,101.57,122.68,230.69,-80.74,12.00,8.56,-3.03,-877.00,-1786.00,302.00
0,-18.46,-28.84,102.47,113.25,282.07,-17.83,11.86,8.89,-3.47,-924.00,-1826.00,382.00
0,-20.94,-28.28,101.83,98.57,298.84,-9.44,11.31,8.78,-3.67,-900.00,-1811.00,340.00
0,-23.06,-27.52,101.04,72.35,288.36,16.78,12.11,8.72,-4.00,-844.00,-1618.00,258.00
0,-24.13,-26.48,99.49,57.67,293.60,27.26,11.53,8.86,-3.97,-729.00,-1119.00,191.00
0,-24.33,-25.43,97.88,69.21,264.24,-6.29,11.44,8.69,-4.00,-455.00,-535.00,168.00
0,-24.01,-24.51,97.06,45.09,266.34,-82.84,11.64,8.89,-3.97,-97.00,-3.00,66.00
0,-23.99,-23.24,97.97,33.55,291.50,-46.14,11.14,8.69,-3.86,53.00,265.00,26.00
0,-22.98,-22.05,98.06,90.18,305.14,-27.26,11.64,8.94,-3.83,287.00,695.00,37.00
0,-21.62,-21.75,98.08,114.29,282.07,-25.17,12.03,8.69,-3.81,503.00,804.00,-58.00
0,-20.46,-21.72,98.19,128.97,244.32,-53.48,12.00,8.50,-3.75,528.00,644.00,-142.00
0,-19.94,-22.19,98.84,144.70,225.44,-65.01,11.83,8.25,-3.67,378.00,378.00,-119.00
0,-20.08,-23.05,99.69,140.51,210.76,-95.42,11.75,8.89,-3.64,175.00,19.00,-67.00
0,-20.90,-23.81,101.14,138.41,218.10,-30.41,11.75,8.83,-3.92,-16.00,-252.00,-44.00
0,-21.18,-24.51,100.81,127.93,231.74,-44.04,11.64,8.92,-3.78,-147.00,-323.00,-51.00
0,-21.54,-24.80,100.75,114.29,218.10,-44.04,11.50,8.58,-3.89,-170.00,-320.00,-38.00
0,-21.86,-24.99,100.73,82.84,279.97,-26.21,11.64,8.92,-3.86,-157.00,-248.00,16.00
0,-21.76,-24.24,100.19,99.61,251.66,-29.36,11.75,8.94,-3.69,-78.00,-136.00,0.00
0,-21.49,-24.00,99.81,98.57,265.29,-50.33,11.75,8.94,-3.89,-3.00,6.00,2.00
0,-21.26,-23.73,99.86,98.57,265.29,-50.33,11.11,8.72,-4.08,36.00,123.00,25.00
0,-21.06,-23.48,99.91,110.10,270.53,-15.73,11.78,8.56,-3.78,66.00,163.00,16.00
0,-20.54,-23.40,99.34,94.37,281.02,-37.75,11.64,8.94,-3.78,78.00,130.00,-17.00
0,-20.29,-23.02,99.17,120.59,264.24,-44.04,11.75,8.81,-3.75,29.00,79.00,0.00
0,-20.15,-23.18,99.14,127.93,229.64,-70.25,11.75,8.78,-3.81,2.00,57.00,8.00
0,-20.34,-23.71,99.79,109.05,242.22,-82.84,11.75,8.89,-3.69,-41.00,31.00,8.00
0,-20.63,-23.70,100.58,108.00,245.37,-46.14,11.75,8.83,-3.64,-49.00,-9.00,6.00
0,-20.58,-23.69,100.51,99.61,249.56,-60.82,11.75,8.89,-3.69,-50.00,-28.00,0.00
0,-20.61,-23.46,100.74,96.47,289.41,-6.29,11.22,8.72,-3.89,-53.00,-13.00,-10.00
0,-20.22,-23.08,99.86,106.95,270.53,-31.46,11.22,8.75,-3.86,-50.00,22.00,-19.00
0,-19.97,-22.93,99.48,95.42,293.60,-20.97,11.61,8.50,-3.81,-29.00,50.00,-30.00
0,-19.66,-22.55,98.98,108.00,273.68,-45.09,11.64,8.94,-3.69,-11.00,55.00,-28.00
0,-19.52,-22.43,98.97,101.71,277.87,-14.68,11.69,8.83,-3.64,5.00,51.00,-34.00
0,-19.19,-22.22,98.40,132.12,228.59,-75.50,11.75,8.89,-3.69,-2.00,41.00,-33.00
0,-19.43,-22.86,99.25,85.98,287.31,-4.19,11.64,8.69,-3.75,-11.00,35.00,-31.00
0,-19.09,-22.34,98.48,124.78,246.42,-59.77,11.61,8.36,-3.75,-14.00,14.00,-38.00
0,-19.24,-22.66,98.87,83.89,265.29,-27.26,11.72,8.42,-3.75,-37.00,-12.00,-43.00
0,-19.14,-22.13,98.48,120.59,221.25,-85.98,11.53,8.50,-3.81,-68.00,-37.00,-46.00
0,-19.66,-22.59,99.57,123.73,234.88,-54.53,11.64,8.94,-3.67,-106.00,-52.00,-50.00
0,-19.81,-23.02,99.74,132.12,224.40,-30.41,11.75,8.97,-3.61,-131.00,-57.00,-27.00
0,-19.73,-23.74,99.40,112.20,252.71,-48.23,11.22,8.75,-3.94,-115.00,-62.00,-22.00
0,-19.87,-23.70,99.40,124.78,234.88,-59.77,11.64,8.86,-3.72,-109.00,-67.00,-20.00
0,-20.10,-24.07,99.73,119.54,225.44,-78.64,11.64,9.00,-3.64,-112.00,-66.00,1.00
0,-20.49,-24.35,100.54,119.54,219.15,-38.80,11.56,8.78,-3.75,-95.00,-55.00,-6.00
0,-20.46,-24.69,100.40,101.71,277.87,-29.36,11.75,9.00,-3.58,-72.00,-36.00,-21.00
0,-20.20,-24.27,99.94,102.76,276.82,14.68,11.64,9.08,-3.64,-48.00,-19.00,-36.00
0,-19.67,-23.93,98.75,105.91,263.19,-18.87,11.64,9.00,-3.61,-35.00,-20.00,-45.00
0,-19.44,-23.71,98.25,93.32,256.90,-24.12,11.64,9.03,-3.64,-42.00,-24.00,-42.00
0,-19.32,-23.30,97.89,85.98,275.78,3.15,11.64,9.08,-3.61,-43.00,-24.00,-38.00
0,-18.99,-22.76,97.02,119.54,229.64,-18.87,11.53,8.97,-3.72,-43.00,-14.00,-35.00
0,-18.90,-23.19,96.73,118.49,227.54,-52.43,11.75,9.06,-3.47,-35.00,-3.00,-38.00
0,-19.11,-23.56,97.29,106.95,276.82,-9.44,11.28,8.83,-3.78,-29.00,-1.00,-35.00
0,-18.97,-23.34,96.76,96.47,254.80,-72.35,11.64,9.11,-3.61,-30.00,1.00,-32.00
0,-19.30,-23.03,97.56,110.10,238.03,-58.72,11.31,8.86,-3.72,-27.00,3.00,-32.00
0,-19.56,-23.14,98.12,108.00,246.42,-36.70,11.11,8.83,-3.94,-24.00,13.00,-29.00
0,-19.60,-23.16,98.10,73.40,288.36,-5.24,11.53,8.81,-3.72,-18.00,18.00,-22.00
0,-19.31,-22.42,97.43,110.10,235.93,-49.28,11.97,8.61,-3.56,-10.00,20.00,-25.00
0,-19.38,-22.64,97.82,95.42,256.90,-15.73,11.64,9.00,-3.53,-7.00,22.00,-15.00
0,-19.15,-22.44,97.36,94.37,268.44,-11.53,11.64,9.11,-3.64,-3.00,18.00,-8.00
0,-18.93,-22.18,96.87,105.91,264.24,-27.26,11.50,8.72,-3.72,-3.00,14.00,-7.00
0,-18.87,-22.14,96.74,117.44,259.00,-60.82,11.64,9.08,-3.61,-6.00,18.00,-13.00
0,-19.05,-22.30,97.27,116.39,254.80,-28.31,12.11,8.50,-3.61,-5.00,15.00,-19.00
0,-18.99,-22.49,97.16,98.57,271.58,-19.92,11.69,9.17,-3.58,-1.00,-1.00,-23.00
0,-18.88,-22.25,96.87,104.86,244.32,-42.99,11.53,8.58,-3.53,-3.00,-13.00,-24.00
0,-19.00,-22.31,97.15,113.25,276.82,-49.28,11.81,8.61,-3.75,-11.00,-16.00,-17.00
0,-19.12,-22.29,97.36,113.25,266.34,-26.21,11.78,8.78,-3.72,-14.00,-18.00,-10.00
0,-19.09,-22.36,97.20,80.74,246.42,-19.92,11.61,9.11,-3.53,-6.00,-26.00,-3.00
0,-19.01,-21.95,96.94,87.03,268.44,-25.17,11.53,8.72,-3.83,3.00,-34.00,-3.00
0,-19.03,-21.58,96.77,108.00,288.36,-26.21,11.64,9.08,-3.61,-9.00,-32.00,-8.00
0,-19.01,-21.50,96.60,117.44,240.12,-35.65,12.28,8.58,-3.81,-28.00,-30.00,-6.00
0,-19.10,-21.95,96.73,105.91,239.08,-19.92,11.53,9.03,-3.67,-32.00,-24.00,3.00
0,-19.06,-22.16,96.50,71.30,269.48,-1.05,11.22,8.89,-3.72,-14.00,-23.00,0.00
0,-18.87,-21.49,95.86,93.32,260.05,-3.15,11.64,9.11,-3.61,-8.00,-7.00,-2.00
0,-18.69,-21.35,95.32,99.61,252.71,-14.68,11.67,8.56,-3.67,-11.00,2.00,2.00
0,-18.61,-21.40,95.07,102.76,251.66,-19.92,11.28,8.94,-3.75,-17.00,18.00,10.00
0,-18.63,-21.49,94.97,108.00,269.48,-37.75,11.56,8.69,-3.72,-6.00,19.00,-7.00
0,-18.74,-21.51,95.20,111.15,266.34,-6.29,11.64,9.11,-3.58,-4.00,18.00,-13.00
0,-18.61,-21.62,94.81,101.71,245.37,-34.60,11.50,8.72,-3.58,-7.00,23.00,-17.00
0,-18.73,-21.69,95.09,102.76,260.05,-19.92,11.64,9.08,-3.64,-9.00,18.00,-16.00
0,-18.74,-21.68,94.99,120.59,238.03,1.05,11.39,8.67,-3.58,-5.00,6.00,-10.00
0,-18.60,-22.22,94.45,79.69,264.24,-18.87,11.64,9.11,-3.64,-7.00,-5.00,-4.00
0,-18.64,-21.71,94.38,112.20,231.74,-53.48,11.31,8.64,-3.67,-10.00,-8.00,-5.00
0,-19.06,-22.10,95.21,110.10,246.42,11.53,11.64,9.11,-3.56,-11.00,-12.00,-9.00
0,-18.81,-22.31,94.40,92.27,277.87,-22.02,11.11,8.61,-3.72,-13.00,-10.00,-14.00
0,-18.90,-21.96,94.38,75.50,270.53,-10.49,11.58,9.03,-3.58,-9.00,-7.00,-12.00
0,-18.91,-21.37,94.16,135.27,227.54,-63.96,11.64,9.14,-3.61,-1.00,-24.00,-9.00
0,-19.53,-22.21,95.27,126.88,234.88,-81.79,11.64,9.11,-3.61,9.00,-120.00,-13.00
0,-20.63,-22.70,96.67,161.48,210.76,-100.66,11.28,8.94,-3.75,-49.00,-385.00,16.00
0,-22.54,-23.81,98.38,146.80,243.27,-50.33,11.64,9.08,-3.83,-232.00,-827.00,52.00
0,-24.22,-24.35,98.82,176.16,193.99,-127.93,11.28,9.06,-4.03,-351.00,-1050.00,98.00
0,-27.37,-25.55,100.93,170.92,217.06,-50.33,11.39,8.81,-4.31,-557.00,-1550.00,235.00
0,-30.61,-26.48,101.55,143.65,250.61,6.29,11.47,8.94,-4.44,-708.00,-2072.00,263.00
0,-33.60,-26.67,100.81,121.63,225.44,-28.31,11.03,9.08,-4.92,-890.00,-2336.00,316.00
0,-36.96,-26.73,100.66,87.03,284.16,28.31,10.97,8.89,-5.08,-1018.00,-2304.00,345.00
0,-39.28,-26.01,99.16,68.16,285.21,-9.44,10.86,9.08,-5.42,-998.00,-1975.00,318.00
0,-40.98,-25.05,98.28,26.21,342.88,51.38,10.58,8.69,-5.75,-775.00,-1340.00,265.00
0,-41.35,-24.29,97.14,15.73,352.32,41.94,10.64,9.08,-5.69,-419.00,-500.00,154.00
0,-41.11,-23.58,96.28,18.87,321.91,-15.73,10.61,9.11,-5.67,-191.00,-43.00,69.00
0,-39.54,-22.25,95.91,23.07,308.28,24.12,10.89,9.08,-5.53,314.00,929.00,-103.00
0,-36.42,-20.86,95.09,27.26,301.99,25.17,10.97,8.94,-5.31,727.00,1817.00,-217.00
0,-32.38,-19.54,94.44,49.28,310.38,32.51,11.03,8.81,-5.03,1034.00,2477.00,-271.00
0,-27.70,-18.62,94.01,76.55,272.63,19.92,11.33,9.03,-4.53,1278.00,2972.00,-344.00
0,-22.67,-18.53,93.57,128.97,265.29,-27.26,11.64,8.94,-3.97,1344.00,3248.00,-94.00
0,-18.21,-18.74,94.65,110.10,294.65,11.53,11.64,8.94,-3.58,1698.00,3040.00,-564.00
0,-14.24,-18.45,95.14,140.51,263.19,-2.10,11.75,9.11,-3.19,1605.00,2593.00,-554.00
0,-10.70,-18.83,95.74,182.45,235.93,-35.65,11.75,9.11,-2.92,1518.00,2320.00,-563.00
0,-8.38,-19.78,96.87,217.06,185.60,-71.30,11.75,9.17,-2.72,1288.00,1609.00,-620.00
0,-7.65,-21.69,98.42,212.86,210.76,-79.69,11.75,9.17,-2.75,790.00,711.00,-434.00
0,-8.42,-23.09,99.65,210.76,203.42,-62.91,11.53,9.14,-2.97,259.00,-288.00,-154.00
0,-10.53,-24.53,100.65,202.38,193.99,-115.34,11.31,9.06,-3.17,-165.00,-1216.00,-35.00
0,-14.00,-25.69,102.34,166.72,191.89,-52.43,11.58,9.44,-3.36,-610.00,-1851.00,154.00
0,-17.42,-26.76,102.79,119.54,221.25,8.39,11.53,9.33,-3.64,-920.00,-2143.00,213.00
0,-19.96,-27.00,101.34,87.03,259.00,1.05,11.39,9.14,-4.11,-1122.00,-2015.00,407.00
0,-22.40,-26.51,99.88,62.91,277.87,10.49,11.72,8.69,-4.17,-1146.00,-1873.00,512.00
0,-24.25,-25.73,98.17,66.06,249.56,-12.58,11.17,8.97,-4.47,-1109.00,-1500.00,506.00
0,-25.53,-25.12,96.95,35.65,267.39,-56.62,11.36,9.14,-4.33,-911.00,-912.00,413.00
0,-26.14,-23.96,96.84,23.07,341.84,1.05,11.72,8.56,-4.28,-550.00,-204.00,373.00
0,-25.40,-23.32,96.05,55.57,307.23,-56.62,11.53,9.14,-4.22,-111.00,394.00,212.00
0,-24.29,-22.61,96.15,57.67,310.38,15.73,11.47,8.92,-4.19,189.00,816.00,54.00
0,-22.55,-21.82,95.37,99.61,244.32,-71.30,11.64,9.11,-3.94,354.00,994.00,-59.00
0,-21.55,-21.85,96.45,99.61,272.63,-17.83,11.58,9.17,-3.67,400.00,915.00,-90.00
0,-20.26,-21.74,96.28,145.75,234.88,-79.69,11.17,8.89,-3.92,380.00,781.00,-66.00
0,-19.95,-22.60,97.32,130.02,230.69,-63.96,11.75,8.86,-3.61,224.00,496.00,-52.00
0,-19.86,-23.18,98.04,127.93,257.95,-19.92,11.75,9.00,-3.61,83.00,232.00,-61.00
0,-19.66,-23.41,97.64,130.02,243.27,-58.72,11.64,9.11,-3.56,-26.00,14.00,-60.00
0,-19.95,-23.66,98.11,124.78,236.98,-17.83,11.31,8.92,-3.72,-76.00,-104.00,-105.00
0,-19.89,-23.92,97.59,99.61,288.36,-19.92,11.64,9.00,-3.64,-110.00,-71.00,-116.00
0,-19.69,-23.46,97.14,95.42,269.48,-7.34,11.58,9.17,-3.64,-82.00,20.00,-73.00
0,-19.34,-23.08,96.56,97.52,289.41,-45.09,11.58,9.17,-3.61,10.00,78.00,-45.00
0,-19.25,-22.71,96.73,100.66,283.12,-25.17,11.64,9.06,-3.53,50.00,98.00,-35.00
0,-19.00,-22.48,96.61,99.61,264.24,-17.83,11.64,8.56,-3.53,85.00,129.00,-5.00
0,-18.68,-22.30,96.41,110.10,241.17,-60.82,11.11,8.94,-3.75,116.00,130.00,-42.00
0,-18.88,-22.40,97.24,104.86,254.80,-33.55,11.94,9.03,-3.58,115.00,91.00,-79.00
0,-18.83,-22.32,97.33,85.98,243.27,-35.65,11.67,9.22,-3.61,77.00,21.00,-60.00
0,-18.92,-21.99,97.47,99.61,257.95,-32.51,11.42,9.11,-3.56,22.00,-49.00,-32.00
0,-19.00,-21.86,97.41,116.39,238.03,-46.14,11.58,9.22,-3.56,-32.00,-75.00,-26.00
0,-19.21,-22.23,97.71,106.95,249.56,-33.55,12.00,8.89,-3.78,-51.00,-79.00,-17.00
0,-19.29,-22.29,97.66,106.95,249.56,-33.55,11.64,9.11,-3.58,-46.00,-75.00,-16.00
0,-19.33,-22.36,97.62,109.05,264.24,-12.58,11.86,8.67,-3.50,-33.00,-54.00,-16.00
0,-19.12,-22.37,97.12,92.27,255.85,-23.07,11.58,9.17,-3.61,-28.00,-17.00,-11.00
0,-19.00,-22.12,96.88,109.05,220.20,-7.34,11.64,8.97,-3.69,-6.00,9.00,-15.00
0,-18.80,-22.49,96.43,106.95,274.73,-23.07,11.06,8.97,-3.89,-3.00,31.00,-14.00
0,-18.75,-22.38,96.24,92.27,260.05,-41.94,11.64,8.92,-3.64,4.00,42.00,-24.00
0,-18.81,-22.08,96.48,121.63,224.40,-57.67,11.64,9.11,-3.53,1.00,38.00,-29.00
0,-19.06,-22.66,97.21,112.20,220.20,-94.37,10.86,9.22,-3.64,-5.00,23.00,-24.00
0,-19.71,-22.99,98.73,128.97,226.49,-39.85,11.58,9.31,-3.58,-16.00,6.00,-10.00
0,-19.73,-23.64,98.81,103.81,231.74,-83.89,11.78,8.61,-3.58,-18.00,-3.00,-7.00
0,-20.12,-23.63,99.87,84.93,282.07,-29.36,11.61,9.17,-3.47,-28.00,-9.00,2.00
0,-19.90,-23.07,99.46,100.66,263.19,-50.33,11.47,8.89,-3.61,-29.00,-7.00,5.00
0,-19.88,-22.87,99.53,96.47,250.61,-23.07,11.11,8.94,-3.86,-27.00,-7.00,3.00
0,-19.72,-22.71,99.06,118.49,218.10,-13.63,11.67,8.78,-3.75,-18.00,-8.00,2.00
0,-19.47,-23.24,98.55,71.30,269.48,-11.53,11.53,8.83,-3.69,-22.00,1.00,1.00
0,-19.17,-22.50,97.88,92.27,292.55,-9.44,11.58,9.19,-3.53,-29.00,15.00,12.00
0,-18.91,-22.15,97.33,91.23,273.68,-44.04,11.64,9.11,-3.47,-19.00,16.00,9.00
0,-18.89,-21.83,97.45,93.32,268.44,-42.99,11.53,9.14,-3.58,-14.00,15.00,2.00
0,-18.92,-21.59,97.56,105.91,223.35,-104.86,11.64,9.17,-3.47,-6.00,11.00,-6.00
0,-19.48,-21.85,99.23,105.91,247.46,-20.97,11.64,8.89,-3.56,-11.00,10.00,-8.00
0,-19.26,-21.99,98.76,102.76,235.93,-41.94,11.61,9.22,-3.47,-8.00,3.00,-9.00
0,-19.21,-22.14,98.85,117.44,234.88,-56.62,11.61,9.22,-3.53,-16.00,0.00,3.00
0,-19.31,-22.55,99.27,114.29,255.85,-22.02,11.53,9.08,-3.58,-12.00,-3.00,2.00
0,-19.10,-22.71,98.84,75.50,261.10,6.29,11.64,9.11,-3.53,-6.00,-5.00,-2.00
0,-18.63,-22.11,97.78,88.08,274.73,-32.51,11.58,9.17,-3.50,-3.00,-6.00,-5.00
0,-18.53,-21.73,97.66,83.89,246.42,-51.38,11.64,9.06,-3.47,-3.00,-2.00,-2.00
0,-18.64,-21.42,98.06,104.86,245.37,-66.06,11.64,9.17,-3.53,-1.00,0.00,-2.00
0,-18.85,-21.56,98.72,100.66,261.10,-41.94,11.64,9.06,-3.53,2.00,1.00,-1.00
0,-18.80,-21.51,98.74,109.05,226.49,-59.77,11.64,9.17,-3.56,2.00,0.00,-3.00
0,-18.95,-21.88,99.29,87.03,283.12,-2.10,11.58,9.19,-3.53,-1.00,1.00,0.00
0,-18.59,-21.51,98.50,82.84,287.31,1.05,11.61,9.08,-3.50,-1.00,-1.00,2.00
0,-18.24,-21.10,97.73,93.32,267.39,-7.34,11.58,9.11,-3.53,-1.00,-7.00,0.00
0,-17.99,-20.95,97.12,113.25,248.51,-25.17,11.11,9.00,-3.67,-7.00,-8.00,-3.00
0,-17.97,-21.29,96.97,81.79,270.53,-13.63,11.61,9.17,-3.56,-8.00,-8.00,-7.00
0,-17.82,-20.89,96.54,115.34,228.59,-13.63,11.58,9.17,-3.58,-10.00,-5.00,-7.00
0,-17.73,-21.47,96.23,112.20,265.29,-61.87,11.61,9.28,-3.50,-8.00,-9.00,-2.00
0,-17.97,-21.58,96.80,98.57,273.68,-15.73,11.31,8.94,-3.69,0.00,-15.00,-3.00
0,-17.91,-21.45,96.46,122.68,238.03,-25.17,11.58,9.11,-3.58,-5.00,-8.00,3.00
0,-17.91,-22.05,96.40,106.95,262.14,-52.43,11.61,9.22,-3.47,-4.00,-4.00,10.00
0,-18.08,-22.07,96.82,113.25,259.00,-11.53,11.69,9.11,-3.50,-2.00,-2.00,10.00
0,-17.92,-22.25,96.39,115.34,245.37,-73.40,11.64,9.22,-3.50,-5.00,6.00,7.00
0,-18.27,-22.49,97.31,105.91,256.90,-12.58,11.64,9.11,-3.53,-6.00,7.00,4.00
0,-18.10,-22.50,96.85,108.00,290.46,-30.41,11.64,9.17,-3.50,-3.00,6.00,-10.00
0,-18.05,-22.34,96.75,85.98,288.36,-13.63,11.64,9.22,-3.61,-4.00,5.00,-14.00
0,-17.93,-21.87,96.36,100.66,259.00,-23.07,11.22,8.86,-3.83,-9.00,5.00,-10.00
0,-17.95,-21.83,96.21,84.93,259.00,-15.73,11.78,8.50,-3.67,-7.00,5.00,-1.00
