0,-20.98,-21.35,96.92,106.95,247.46,-18.87,11.58,9.22,-3.83,-12.00,2.00,-10.00
0,-20.86,-21.56,96.63,103.81,255.85,-32.51,11.58,9.22,-3.81,-11.00,-1.00,-3.00
0,-20.85,-21.62,96.65,104.86,251.66,-16.78,11.61,9.17,-3.83,-11.00,2.00,-1.00
0,-20.73,-21.74,96.33,96.47,250.61,-14.68,11.58,9.17,-3.78,-12.00,5.00,2.00
0,-20.59,-21.69,95.99,113.25,278.92,-20.97,11.53,8.92,-3.94,-12.00,6.00,0.00
0,-20.54,-21.75,95.82,114.29,244.32,-25.17,11.50,8.81,-3.86,-8.00,7.00,-1.00
0,-20.55,-22.09,95.79,119.54,268.44,-29.36,11.64,9.11,-3.75,-5.00,5.00,0.00
0,-20.56,-22.26,95.80,105.91,266.34,8.39,11.64,9.22,-3.78,-1.00,3.00,-3.00
0,-20.30,-22.24,95.08,118.49,245.37,-40.89,11.53,9.06,-3.83,-3.00,2.00,-1.00
0,-20.48,-22.58,95.47,89.13,255.85,-28.31,11.53,9.08,-3.75,-4.00,2.00,-1.00
0,-20.55,-22.26,95.52,99.61,240.12,-55.57,11.64,9.17,-3.78,-4.00,-2.00,1.00
0,-20.86,-22.27,96.26,117.44,240.12,-52.43,11.61,9.22,-3.78,-3.00,-4.00,0.00
0,-21.10,-22.63,96.81,119.54,242.22,-30.41,11.61,9.19,-3.78,-3.00,-3.00,0.00
0,-21.10,-22.99,96.82,112.20,228.59,-29.36,11.58,9.17,-3.83,-5.00,-2.00,2.00
0,-21.12,-23.31,96.84,123.73,220.20,-72.35,11.17,9.00,-3.94,-5.00,-6.00,4.00
0,-21.61,-23.85,97.93,110.10,266.34,-16.78,11.61,9.17,-3.86,-6.00,-3.00,0.00
0,-21.44,-23.75,97.50,95.42,275.78,-6.29,11.64,9.17,-3.69,-12.00,-3.00,-1.00
0,-21.17,-23.37,96.91,99.61,235.93,-46.14,11.61,9.11,-3.89,-6.00,-3.00,-6.00
0,-21.33,-23.31,97.30,101.71,255.85,-51.38,11.53,9.08,-3.81,-10.00,-5.00,1.00
0,-21.49,-23.14,97.66,99.61,260.05,-41.94,11.36,8.92,-3.89,-5.00,-7.00,-4.00
0,-21.55,-22.93,97.77,106.95,260.05,-56.62,11.58,9.19,-3.81,-10.00,-5.00,-1.00
0,-21.68,-22.87,98.15,112.20,224.40,-52.43,11.64,9.22,-3.83,-12.00,-2.00,2.00
0,-21.81,-23.20,98.59,110.10,222.30,-73.40,11.11,8.86,-4.11,-8.00,2.00,1.00
0,-22.18,-23.44,99.48,114.29,241.17,-80.74,11.58,9.11,-3.83,-15.00,11.00,-4.00
0,-22.43,-23.56,100.27,110.10,281.02,-48.23,11.58,9.11,-3.78,-19.00,16.00,-7.00
0,-22.28,-23.37,100.19,88.08,286.26,-24.12,11.64,9.08,-3.75,-14.00,13.00,-17.00
0,-21.95,-22.85,99.68,109.05,244.32,-11.53,11.64,9.08,-3.69,-13.00,11.00,-21.00
0,-21.54,-22.98,98.94,102.76,244.32,-51.38,11.53,9.08,-3.81,-16.00,6.00,-16.00
0,-21.55,-22.94,99.19,105.91,265.29,-9.44,11.75,8.67,-3.92,-15.00,3.00,-6.00
0,-21.24,-22.86,98.51,101.71,262.14,4.19,11.22,8.92,-4.00,-11.00,-6.00,-3.00
0,-20.90,-22.74,97.60,99.61,269.48,-36.70,11.58,9.11,-3.78,-6.00,-13.00,-3.00
0,-20.86,-22.53,97.59,103.81,232.78,-102.76,11.53,9.03,-3.81,-8.00,-11.00,-3.00
0,-21.45,-22.59,99.11,103.81,255.85,-12.58,11.44,9.14,-3.81,-14.00,-6.00,1.00
0,-21.18,-22.56,98.47,115.34,256.90,-14.68,11.58,9.08,-3.64,-13.00,-1.00,-5.00
0,-20.89,-22.74,97.95,106.95,239.08,-91.23,11.56,9.22,-3.78,-12.00,-1.00,-4.00
0,-21.31,-22.80,99.16,118.49,216.01,-70.25,11.58,9.11,-3.69,-3.00,0.00,-2.00
0,-21.56,-23.29,99.94,109.05,238.03,-51.38,11.61,9.11,-3.83,-8.00,4.00,-3.00
0,-21.56,-23.42,100.11,93.32,273.68,-20.97,11.58,9.11,-3.78,-21.00,12.00,9.00
0,-21.24,-23.03,99.54,113.25,257.95,-48.23,11.53,9.14,-3.75,-16.00,8.00,-2.00
0,-21.17,-23.07,99.60,119.54,260.05,9.44,11.75,8.61,-3.81,-10.00,4.00,-11.00
0,-20.66,-23.26,98.52,115.34,274.73,5.24,11.97,8.67,-3.69,-12.00,3.00,-14.00
0,-20.24,-23.24,97.67,110.10,264.24,-32.51,11.58,9.03,-3.78,-13.00,-2.00,-15.00
0,-20.18,-23.18,97.57,120.59,253.76,-53.48,11.58,9.11,-3.72,-13.00,-3.00,-12.00
0,-20.32,-23.36,97.93,97.52,244.32,-72.35,11.64,8.61,-3.72,-13.00,-5.00,-7.00
0,-20.64,-23.16,98.75,114.29,250.61,-65.01,11.86,8.72,-3.67,-13.00,-6.00,-5.00
0,-20.80,-23.24,99.25,106.95,275.78,-7.34,11.31,8.61,-3.78,-11.00,-5.00,-6.00
0,-20.50,-23.09,98.55,108.00,234.88,-57.67,11.28,8.94,-3.86,-9.00,-3.00,-9.00
0,-20.68,-23.20,99.05,116.39,245.37,-27.26,11.50,8.67,-3.72,-9.00,-3.00,-14.00
0,-20.53,-23.40,98.76,98.57,257.95,-50.33,11.64,9.06,-3.67,-5.00,-4.00,-16.00
0,-20.55,-23.14,98.96,108.00,279.97,-33.55,11.64,8.69,-3.86,-4.00,-10.00,-17.00
0,-20.47,-22.96,98.77,116.39,234.88,0.00,11.64,8.81,-3.83,-6.00,-14.00,-16.00
0,-20.10,-23.32,97.87,120.59,278.92,-40.89,11.31,8.83,-3.86,-8.00,-17.00,-19.00
0,-20.13,-23.30,97.89,118.49,243.27,-9.44,11.47,8.81,-3.81,-10.00,-19.00,-20.00
0,-19.92,-23.56,97.31,115.34,259.00,-50.33,11.36,8.56,-3.67,-12.00,-16.00,-22.00
0,-20.05,-23.56,97.61,98.57,281.02,-10.49,11.22,8.97,-3.94,-14.00,-11.00,-21.00
0,-19.92,-23.21,97.10,85.98,279.97,-10.49,11.64,8.83,-3.83,-12.00,-5.00,-20.00
0,-19.75,-22.67,96.62,87.03,246.42,-48.23,11.11,8.92,-3.97,-10.00,-1.00,-18.00
0,-19.99,-22.32,97.04,95.42,279.97,-37.75,11.31,8.61,-3.67,-8.00,-1.00,-17.00
0,-20.02,-22.01,97.07,77.59,252.71,-15.73,11.61,9.17,-3.86,-11.00,-3.00,-16.00
0,-19.90,-21.51,96.67,97.52,265.29,1.05,11.31,8.81,-3.83,-9.00,-6.00,-18.00
0,-19.69,-21.40,95.99,91.23,256.90,-36.70,11.58,9.17,-3.72,-13.00,-8.00,-14.00
0,-19.77,-21.20,96.17,93.32,247.46,-41.94,11.56,9.22,-3.64,-11.00,-11.00,-16.00
0,-19.91,-21.12,96.49,106.95,250.61,-55.57,11.53,9.03,-3.89,-8.00,-13.00,-14.00
0,-20.15,-21.28,97.03,92.27,275.78,-24.12,11.56,8.94,-3.86,-9.00,-12.00,-10.00
0,-20.11,-21.03,96.83,97.52,276.82,-35.65,11.53,9.03,-3.75,-5.00,-10.00,-10.00
0,-20.10,-20.88,96.84,83.89,265.29,-15.73,11.19,8.97,-3.86,-9.00,-4.00,-13.00
0,-20.00,-20.58,96.46,117.44,255.85,-18.87,11.64,9.22,-3.69,-17.00,2.00,-9.00
0,-19.89,-20.95,96.23,97.52,281.02,-5.24,11.58,8.89,-3.78,-9.00,-1.00,-18.00
0,-19.72,-20.79,95.76,84.93,256.90,-28.31,11.58,9.22,-3.64,-4.00,-2.00,-21.00
0,-19.73,-20.54,95.78,119.54,255.85,-55.57,11.47,9.08,-3.75,-9.00,-4.00,-14.00
0,-19.95,-20.92,96.32,95.42,241.17,-96.47,11.86,8.67,-3.67,-8.00,-4.00,-4.00
0,-20.46,-20.93,97.78,109.05,247.46,-48.23,11.64,9.19,-3.69,-3.00,-10.00,2.00
0,-20.56,-21.20,98.08,94.37,262.14,-34.60,11.58,9.11,-3.78,1.00,-13.00,4.00
0,-20.51,-21.08,98.02,102.76,239.08,-56.62,11.58,9.17,-3.86,-1.00,-12.00,3.00
0,-20.67,-21.27,98.52,98.57,232.78,-74.45,11.61,9.22,-3.78,-5.00,-6.00,2.00
0,-20.95,-21.38,99.43,96.47,285.21,-3.15,11.53,9.03,-3.75,-4.00,0.00,-2.00
0,-20.60,-21.20,98.67,105.91,263.19,0.00,11.56,9.08,-3.69,-5.00,0.00,-1.00
0,-20.22,-21.30,97.86,116.39,235.93,-14.68,11.58,9.06,-3.86,3.00,-2.00,0.00
0,-20.01,-21.83,97.42,117.44,252.71,-42.99,11.53,8.78,-3.81,0.00,1.00,1.00
0,-20.03,-22.13,97.59,127.93,213.91,-72.35,11.64,9.22,-3.67,-7.00,19.00,9.00
0,-20.36,-22.93,98.59,98.57,259.00,-15.73,11.53,9.22,-3.69,-2.00,15.00,3.00
0,-20.11,-22.74,98.08,108.00,236.98,-95.42,11.53,9.08,-3.69,3.00,10.00,-10.00
0,-20.56,-22.81,99.36,104.86,244.32,-32.51,11.22,9.00,-3.94,-7.00,10.00,-17.00
0,-20.48,-22.83,99.14,103.81,243.27,-29.36,11.47,9.08,-3.69,-11.00,6.00,-23.00
0,-20.32,-22.84,98.88,120.59,233.83,-61.87,11.42,8.92,-3.86,-14.00,0.00,-17.00
0,-20.51,-23.22,99.41,95.42,276.82,-34.60,11.50,8.81,-3.94,-14.00,-1.00,-10.00
0,-20.40,-22.86,99.18,122.68,256.90,-60.82,11.53,8.81,-3.81,-12.00,-1.00,-10.00
0,-20.49,-23.05,99.50,92.27,289.41,-4.19,11.50,8.92,-3.81,-14.00,0.00,-11.00
0,-20.15,-22.64,98.75,103.81,285.21,-6.29,11.64,9.11,-3.69,-10.00,2.00,-15.00
0,-19.83,-22.44,98.11,97.52,262.14,-46.14,11.64,9.17,-3.64,-6.00,1.00,-19.00
0,-19.83,-22.22,98.26,113.25,238.03,-55.57,11.58,9.22,-3.72,-5.00,0.00,-21.00
0,-19.97,-22.48,98.71,120.59,245.37,-62.91,11.64,9.17,-3.78,-6.00,-1.00,-22.00
0,-20.14,-22.76,99.21,110.10,240.12,-51.38,11.75,9.19,-3.69,-5.00,-6.00,-18.00
0,-20.19,-22.90,99.47,71.30,278.92,13.63,11.86,8.67,-3.75,-7.00,-8.00,-16.00
0,-19.69,-22.17,98.30,96.47,271.58,-2.10,11.28,9.03,-3.81,-6.00,-8.00,-17.00
0,-19.39,-21.95,97.55,109.05,266.34,-70.25,11.61,9.00,-3.72,-9.00,-5.00,-17.00
0,-19.59,-21.93,98.14,117.44,259.00,-2.10,11.58,9.11,-3.69,-10.00,-4.00,-12.00
0,-19.31,-22.18,97.42,99.61,244.32,-59.77,11.64,9.17,-3.75,-6.00,-2.00,-13.00
0,-19.51,-22.14,98.02,81.79,294.65,-4.19,11.06,8.97,-3.94,-7.00,2.00,-14.00
0,-19.33,-21.63,97.39,94.37,262.14,-38.80,11.58,9.11,-3.69,-8.00,4.00,-13.00
0,-19.33,-21.44,97.46,82.84,288.36,-1.05,11.64,9.17,-3.64,-8.00,6.00,-13.00
0,-19.06,-21.01,96.80,98.57,261.10,-33.55,11.50,9.03,-3.72,-10.00,5.00,-9.00
0,-19.07,-20.98,96.83,112.20,278.92,4.19,11.61,9.22,-3.69,-2.00,2.00,-4.00
0,-18.83,-21.09,96.17,91.23,263.19,-19.92,11.61,9.22,-3.83,-3.00,1.00,0.00
0,-18.79,-20.92,95.98,106.95,245.37,-9.44,11.42,9.03,-3.75,-1.00,-1.00,1.00
0,-18.69,-21.21,95.58,119.54,259.00,-50.33,11.53,9.17,-3.78,-5.00,-2.00,3.00
0,-18.89,-21.51,96.02,89.13,248.51,-36.70,11.53,9.03,-3.75,-8.00,2.00,-8.00
0,-19.01,-21.31,96.23,87.03,285.21,-4.19,11.58,9.17,-3.69,-10.00,3.00,-16.00
0,-18.86,-20.94,95.73,100.66,251.66,-44.04,11.58,9.22,-3.69,-7.00,-2.00,-23.00
0,-19.03,-20.99,96.11,111.15,275.78,-19.92,11.58,9.11,-3.83,-5.00,-3.00,-21.00
0,-19.01,-21.07,95.92,94.37,269.48,-34.60,11.53,9.11,-3.69,-8.00,-4.00,-13.00
0,-19.07,-20.91,96.01,77.59,277.87,-7.34,11.58,9.22,-3.69,-11.00,0.00,-7.00
0,-18.94,-20.45,95.56,114.29,261.10,-30.41,11.58,9.06,-3.69,-10.00,-1.00,-4.00
0,-18.99,-20.75,95.63,115.34,225.44,-22.02,11.64,9.17,-3.69,-6.00,-3.00,-2.00
0,-19.01,-21.34,95.60,101.71,249.56,-29.36,11.61,9.19,-3.64,-6.00,-4.00,-4.00
0,-19.06,-21.42,95.68,83.89,264.24,-8.39,11.58,9.17,-3.75,-7.00,-2.00,-9.00
0,-18.96,-21.06,95.27,108.00,268.44,-12.58,11.61,8.78,-3.78,-14.00,-3.00,-11.00
0,-18.93,-21.15,95.02,91.23,282.07,-23.07,11.64,9.17,-3.64,-7.00,-12.00,-8.00
0,-18.95,-20.88,94.96,100.66,252.71,-23.07,11.28,9.00,-3.81,-10.00,-10.00,-7.00
0,-19.04,-20.96,94.94,94.37,273.68,-24.12,11.53,9.25,-3.69,-18.00,-3.00,-8.00
0,-19.08,-20.80,94.90,113.25,262.14,-42.99,11.19,8.89,-3.75,-19.00,0.00,0.00
0,-19.29,-21.02,95.26,113.25,252.71,-55.57,11.58,9.22,-3.69,-11.00,-6.00,-11.00
0,-19.56,-21.27,95.88,103.81,267.39,-30.41,12.00,8.61,-3.78,-14.00,-5.00,-15.00
0,-19.59,-21.25,95.89,96.47,257.95,-11.53,11.53,9.08,-3.69,-17.00,-4.00,-19.00
0,-19.50,-21.18,95.53,80.74,274.73,-20.97,11.75,8.92,-3.92,-17.00,-10.00,-13.00
0,-19.51,-20.75,95.39,91.23,264.24,-23.07,11.64,9.17,-3.64,-16.00,-11.00,-6.00
0,-19.51,-20.60,95.31,109.05,251.66,-59.77,12.03,8.83,-3.89,-15.00,-11.00,-3.00
0,-19.80,-20.85,96.02,102.76,249.56,-29.36,11.61,9.28,-3.75,-16.00,-6.00,0.00
0,-19.85,-21.00,96.06,105.91,253.76,-30.41,11.31,9.11,-3.72,-11.00,-7.00,0.00
0,-19.90,-21.16,96.11,102.76,221.25,-84.93,11.50,9.03,-3.81,-9.00,-9.00,-2.00
0,-20.44,-21.46,97.51,92.27,269.48,-32.51,11.47,8.83,-3.83,-5.00,-4.00,-4.00
0,-20.44,-21.24,97.44,117.44,281.02,-39.85,11.28,9.00,-3.81,3.00,-8.00,1.00
0,-20.51,-21.35,97.51,109.05,246.42,-45.09,11.08,8.97,-4.03,9.00,-47.00,3.00
0,-20.77,-21.56,97.83,104.86,252.71,-19.92,11.53,9.17,-3.69,7.00,-87.00,-4.00
0,-20.96,-21.62,97.61,168.82,236.98,-61.87,11.31,8.92,-4.17,-12.00,-248.00,-4.00
0,-22.14,-22.63,98.38,199.23,208.67,-57.67,11.17,9.00,-4.14,-79.00,-639.00,9.00
0,-24.16,-24.28,99.12,188.74,188.74,-45.09,11.42,8.61,-4.31,-346.00,-1182.00,129.00
0,-27.06,-26.23,99.68,165.68,201.33,-88.08,11.44,9.17,-4.31,-717.00,-1767.00,296.00
0,-31.03,-27.21,101.11,153.09,217.06,19.92,11.22,8.72,-4.78,-983.00,-2227.00,336.00
0,-34.15,-28.04,99.80,116.39,216.01,-45.09,10.97,9.11,-4.97,-1155.00,-2437.00,372.00
0,-37.86,-27.94,100.01,58.72,299.89,41.94,10.64,8.81,-5.42,-1216.00,-2332.00,330.00
0,-40.54,-26.75,98.35,33.55,288.36,-8.39,10.97,8.69,-5.50,-1183.00,-2148.00,313.00
0,-42.44,-25.17,97.35,8.39,324.01,15.73,10.53,9.08,-5.72,-936.00,-1454.00,279.00
0,-42.74,-23.82,96.19,-28.31,358.61,74.45,10.53,9.11,-5.61,-481.00,-407.00,146.00
0,-41.23,-23.18,95.38,0.00,351.27,16.78,10.61,9.03,-5.58,161.00,804.00,-25.00
0,-38.15,-22.07,94.96,18.87,348.13,68.16,10.97,8.72,-5.44,754.00,1883.00,-277.00
0,-33.86,-21.05,94.44,75.50,311.43,45.09,10.97,9.17,-4.97,1156.00,2635.00,-436.00
0,-29.04,-20.15,94.05,106.95,285.21,18.87,11.28,9.19,-4.50,1468.00,2983.00,-531.00
0,-24.43,-19.79,94.13,135.27,262.14,-14.68,11.36,9.19,-4.28,1584.00,2930.00,-515.00
0,-20.55,-20.60,94.54,159.38,217.06,-30.41,11.61,8.92,-3.72,1347.00,2614.00,-103.00
0,-16.96,-21.85,95.42,167.77,250.61,-14.68,11.64,9.31,-3.58,1428.00,2449.00,-434.00
0,-14.24,-22.42,95.72,184.55,216.01,-55.57,11.53,9.14,-3.28,1089.00,1778.00,-485.00
0,-13.03,-23.74,96.57,188.74,203.42,-87.03,11.64,9.28,-3.22,606.00,997.00,-282.00
0,-13.36,-25.06,97.95,188.74,218.10,-53.48,11.75,8.83,-3.22,212.00,156.00,-191.00
0,-14.59,-26.13,98.56,182.45,182.45,-136.31,11.64,9.53,-3.19,-170.00,-646.00,-89.00
0,-17.49,-27.21,100.85,158.33,198.18,-98.57,11.58,9.50,-3.42,-477.00,-1236.00,60.00
0,-20.60,-27.79,102.38,116.39,233.83,-9.44,11.53,9.44,-3.61,-716.00,-1578.00,100.00
0,-22.69,-27.62,101.37,100.66,253.76,-39.85,11.28,8.94,-4.06,-859.00,-1670.00,260.00
0,-25.06,-27.06,101.01,60.82,297.80,5.24,11.22,9.25,-4.14,-903.00,-1594.00,321.00
0,-26.56,-26.14,99.63,44.04,296.75,24.12,10.94,9.19,-4.42,-864.00,-1260.00,396.00
0,-27.22,-25.14,97.96,33.55,322.96,15.73,11.44,9.33,-4.22,-650.00,-752.00,364.00
0,-27.16,-24.32,96.85,29.36,316.67,10.49,11.14,9.11,-4.28,-328.00,-184.00,290.00
0,-26.42,-23.30,96.02,60.82,294.65,10.49,11.11,9.03,-4.42,23.00,313.00,163.00
0,-25.13,-22.57,95.27,71.30,273.68,-9.44,11.39,8.81,-4.25,273.00,700.00,64.00
0,-23.67,-21.90,95.01,97.52,252.71,-66.06,11.47,9.11,-3.97,420.00,894.00,-41.00
0,-22.70,-21.87,96.08,105.91,269.48,-14.68,11.53,9.08,-3.81,468.00,870.00,-51.00
0,-21.44,-21.94,95.97,131.07,241.17,-25.17,11.11,8.97,-4.11,438.00,769.00,-20.00
0,-20.69,-22.69,96.08,117.44,256.90,-22.02,11.53,9.03,-3.72,314.00,539.00,18.00
0,-20.23,-22.94,96.03,149.95,250.61,-63.96,11.61,9.11,-3.64,174.00,279.00,15.00
0,-20.40,-23.58,96.68,131.07,214.96,-76.55,11.58,9.11,-3.67,36.00,50.00,-3.00
0,-21.13,-24.24,97.90,122.68,227.54,-14.68,11.64,9.08,-3.69,-63.00,-146.00,-19.00
0,-21.34,-24.52,97.49,120.59,248.51,-55.57,11.58,9.03,-3.75,-113.00,-272.00,-74.00
0,-21.94,-24.47,97.90,123.73,243.27,-62.91,11.53,9.03,-3.75,-159.00,-298.00,-73.00
0,-22.58,-24.56,98.44,71.30,267.39,-23.07,11.58,9.08,-3.86,-168.00,-278.00,-39.00
0,-22.71,-23.59,97.98,99.61,265.29,-2.10,11.64,9.25,-3.83,-150.00,-215.00,-27.00
0,-22.58,-23.30,97.21,95.42,264.24,-54.53,11.53,9.08,-3.86,-92.00,-146.00,-16.00
0,-22.81,-22.95,97.60,92.27,251.66,0.00,11.53,9.22,-3.83,-35.00,-80.00,-11.00
0,-22.50,-22.70,96.81,92.27,240.12,-72.35,11.53,9.11,-3.89,-11.00,-21.00,-9.00
0,-22.81,-22.51,97.78,114.29,265.29,-36.70,11.53,9.14,-3.89,-6.00,24.00,4.00
0,-22.72,-22.59,97.75,101.71,259.00,-46.14,11.53,8.47,-3.89,6.00,39.00,2.00
0,-22.69,-22.50,97.93,96.47,252.71,-35.65,11.53,9.14,-3.89,-2.00,38.00,4.00
0,-22.60,-22.35,97.90,116.39,236.98,-51.38,11.86,8.69,-3.83,-5.00,25.00,-1.00
0,-22.64,-22.70,98.28,124.78,252.71,-46.14,11.47,9.06,-3.89,-9.00,20.00,-8.00
0,-22.62,-23.01,98.40,106.95,294.65,-13.63,11.47,9.22,-3.89,-25.00,19.00,-7.00
0,-22.37,-22.80,97.90,106.95,294.65,-13.63,11.61,9.11,-3.81,-24.00,13.00,-12.00
0,-22.13,-22.58,97.48,76.55,278.92,-18.87,11.58,9.19,-3.89,-7.00,3.00,-27.00
0,-21.93,-21.92,97.10,111.15,266.34,-74.45,11.64,9.31,-3.86,-9.00,7.00,-30.00
0,-22.13,-21.92,97.78,82.84,273.68,-13.63,11.28,9.11,-3.92,-11.00,16.00,-30.00
0,-21.92,-21.45,97.28,110.10,248.51,-80.74,11.58,9.31,-3.69,-2.00,12.00,-25.00
0,-22.18,-21.60,98.26,114.29,241.17,-68.16,11.19,8.78,-3.92,14.00,4.00,-21.00
0,-22.41,-21.90,98.98,104.86,264.24,-63.96,11.58,9.28,-3.86,16.00,0.00,-18.00
0,-22.47,-21.84,99.38,90.18,259.00,-29.36,11.36,8.67,-4.06,8.00,5.00,-10.00
0,-22.30,-21.61,99.08,108.00,281.02,-44.04,11.53,9.06,-3.86,6.00,7.00,7.00
0,-22.17,-21.59,99.06,83.89,263.19,-29.36,11.47,8.78,-3.92,13.00,17.00,10.00
0,-21.96,-21.25,98.79,91.23,240.12,-63.96,11.22,8.94,-4.00,14.00,22.00,11.00
0,-22.10,-21.18,99.41,99.61,243.27,-42.99,12.00,8.89,-3.89,22.00,28.00,7.00
0,-21.96,-21.31,99.46,116.39,246.42,-31.46,11.64,9.22,-3.75,14.00,38.00,15.00
0,-21.69,-21.75,99.22,92.27,285.21,-8.39,11.39,8.44,-3.75,5.00,44.00,23.00
0,-21.29,-21.48,98.55,105.91,281.02,15.73,11.58,9.11,-3.75,5.00,43.00,7.00
0,-20.79,-21.48,97.55,85.98,259.00,-36.70,12.22,8.61,-3.89,7.00,35.00,8.00
0,-20.67,-21.19,97.56,113.25,266.34,-61.87,11.64,9.11,-3.69,3.00,34.00,0.00
0,-20.74,-21.33,98.00,108.00,272.63,-12.58,11.22,8.72,-3.78,1.00,29.00,-3.00
0,-20.50,-21.38,97.50,102.76,238.03,-80.74,11.58,9.08,-3.75,1.00,26.00,-5.00
0,-20.81,-21.52,98.57,112.20,243.27,-77.59,11.22,8.92,-3.75,1.00,24.00,-1.00
0,-21.06,-21.78,99.39,118.49,247.46,-54.53,11.64,9.11,-3.67,-3.00,23.00,-4.00
0,-21.04,-22.10,99.64,120.59,214.96,-73.40,11.56,8.83,-3.81,1.00,16.00,-11.00
0,-21.26,-22.69,100.47,104.86,257.95,7.34,11.58,9.00,-3.67,3.00,15.00,-17.00
0,-20.67,-22.66,99.30,96.47,278.92,-14.68,11.28,9.06,-3.86,4.00,14.00,-27.00
0,-20.36,-22.35,98.72,117.44,232.78,-87.03,11.64,9.17,-3.64,-2.00,14.00,-28.00
0,-20.67,-22.66,99.80,106.95,243.27,-28.31,11.58,9.11,-3.78,-5.00,9.00,-29.00
0,-20.48,-22.74,99.45,82.84,267.39,-29.36,11.44,8.92,-3.81,-6.00,3.00,-28.00
0,-20.29,-22.20,99.12,102.76,281.02,-30.41,11.22,8.97,-3.81,-7.00,-1.00,-26.00
0,-20.15,-22.01,98.84,89.13,261.10,-44.04,11.56,9.31,-3.69,-12.00,0.00,-24.00
0,-20.09,-21.68,98.87,85.98,267.39,-56.62,11.64,8.89,-3.72,-14.00,0.00,-22.00
0,-20.13,-21.29,99.12,103.81,257.95,1.05,11.64,9.06,-3.69,-13.00,0.00,-24.00
0,-19.72,-21.36,98.20,111.15,277.87,-13.63,11.11,8.94,-3.89,-13.00,0.00,-24.00
0,-19.53,-21.39,97.71,99.61,263.19,-46.14,11.58,9.14,-3.69,-12.00,2.00,-23.00
0,-19.55,-21.30,97.88,115.34,255.85,-24.12,11.64,9.28,-3.69,-11.00,1.00,-19.00
0,-19.43,-21.57,97.63,88.08,286.26,-4.19,11.58,9.17,-3.64,-8.00,-1.00,-15.00
0,-19.17,-21.22,97.02,105.91,226.49,-68.16,11.58,9.06,-3.69,-8.00,-4.00,-8.00
0,-19.50,-21.55,97.93,78.64,286.26,0.00,11.11,8.97,-3.89,-6.00,-4.00,-2.00
0,-19.28,-21.05,97.20,98.57,257.95,-9.44,11.58,9.06,-3.78,-9.00,3.00,-5.00
0,-19.07,-21.06,96.67,75.50,279.97,-10.49,11.58,9.11,-3.64,-12.00,6.00,-5.00
0,-18.88,-20.54,96.22,102.76,277.87,-17.83,11.64,9.28,-3.64,-11.00,8.00,-9.00
0,-18.78,-20.52,95.97,106.95,286.26,-17.83,11.61,9.06,-3.64,-6.00,7.00,-16.00
0,-18.70,-20.52,95.74,115.34,226.49,-31.46,11.64,9.17,-3.69,-8.00,8.00,-9.00
0,-18.77,-21.14,95.91,115.34,233.83,-26.21,11.58,9.22,-3.64,-5.00,8.00,-4.00
0,-18.80,-21.67,95.94,104.86,224.40,-81.79,11.61,9.17,-3.64,-2.00,2.00,4.00
0,-19.33,-21.96,97.31,106.95,272.63,-50.33,11.58,9.17,-3.58,2.00,-3.00,7.00
0,-19.44,-21.92,97.57,120.59,240.12,-2.10,11.58,9.08,-3.69,0.00,-4.00,8.00
0,-19.17,-22.43,96.87,112.20,259.00,-42.99,11.64,9.17,-3.64,-1.00,-3.00,3.00
0,-19.24,-22.52,97.09,118.49,253.76,-34.60,11.53,9.03,-3.75,0.00,-4.00,-2.00
0,-19.29,-22.75,97.13,98.57,283.12,-6.29,11.61,9.17,-3.67,0.00,-6.00,-4.00
0,-19.11,-22.48,96.64,93.32,252.71,-31.46,11.58,9.08,-3.69,10.00,-13.00,-3.00
0,-19.14,-22.27,96.67,79.69,272.63,-35.65,11.64,9.11,-3.64,2.00,-10.00,0.00
0,-19.18,-21.74,96.72,100.66,281.02,4.19,11.58,9.03,-3.75,-7.00,-3.00,5.00
0,-18.96,-21.59,96.05,104.86,247.46,-38.80,11.58,9.22,-3.64,-4.00,-5.00,-8.00
0,-19.07,-21.71,96.31,118.49,256.90,-23.07,11.17,8.94,-3.89,-6.00,-5.00,-15.00
0,-19.10,-21.98,96.17,91.23,266.34,-45.09,11.75,8.69,-3.67,-8.00,-4.00,-19.00
0,-19.22,-21.67,96.46,116.39,240.12,-26.21,11.64,9.22,-3.67,-8.00,-3.00,-18.00
0,-19.23,-22.08,96.41,94.37,267.39,-41.94,11.28,8.97,-3.83,-9.00,-7.00,-11.00
0,-19.46,-21.83,96.66,117.44,254.80,-45.09,11.61,9.06,-3.69,-1.00,-67.00,-2.00
0,-19.97,-22.04,97.04,117.44,253.76,-40.89,11.22,9.06,-4.03,-39.00,-258.00,-6.00
0,-20.81,-22.25,97.27,117.44,253.76,-40.89,11.64,9.22,-3.81,-152.00,-471.00,23.00
0,-22.09,-22.43,97.52,174.06,216.01,-85.98,11.50,9.00,-4.06,-271.00,-820.00,66.00
0,-24.52,-23.65,98.80,169.87,200.28,-55.57,11.53,9.14,-4.11,-436.00,-1323.00,123.00
0,-27.08,-25.20,99.62,146.80,225.44,-11.53,11.33,9.17,-4.36,-539.00,-1531.00,238.00
0,-29.60,-25.96,99.22,132.12,220.20,-37.75,11.22,9.06,-4.67,-725.00,-1832.00,259.00
0,-32.62,-26.36,99.47,97.52,248.51,-18.87,10.97,9.17,-4.97,-824.00,-1952.00,261.00
0,-35.30,-25.86,99.01,56.62,293.60,32.51,10.92,9.03,-5.28,-861.00,-1889.00,271.00
0,-37.06,-24.78,97.55,47.19,293.60,41.94,11.17,8.72,-5.36,-773.00,-1526.00,247.00
0,-37.58,-23.69,95.92,20.97,326.11,62.91,10.72,9.06,-5.42,-499.00,-762.00,163.00
0,-36.74,-22.71,94.61,4.19,305.14,3.15,10.75,8.56,-5.44,-48.00,263.00,66.00
0,-34.57,-21.13,94.09,12.58,316.67,14.68,10.33,8.97,-5.47,474.00,1331.00,-21.00
0,-31.80,-19.83,93.66,51.38,301.99,42.99,11.56,8.75,-4.86,729.00,1797.00,-117.00
0,-27.76,-18.81,93.08,83.89,264.24,-8.39,11.11,8.83,-4.69,1123.00,2480.00,-327.00
0,-23.60,-18.40,93.50,116.39,234.88,20.97,11.19,8.69,-4.28,1343.00,2807.00,-398.00
0,-19.13,-19.06,93.18,168.82,214.96,6.29,11.64,9.06,-3.86,1388.00,2885.00,-289.00
0,-15.29,-20.45,93.37,195.04,201.33,-66.06,11.31,9.11,-3.47,1387.00,2519.00,-479.00
0,-12.95,-22.29,94.72,193.99,184.55,-94.37,11.75,9.11,-3.25,1005.00,1882.00,-281.00
0,-12.10,-24.14,96.51,208.67,199.23,-113.25,11.33,9.28,-3.08,616.00,1043.00,-235.00
0,-12.69,-25.46,98.13,199.23,210.76,-60.82,11.75,9.11,-3.03,199.00,69.00,-138.00
0,-14.29,-26.61,99.01,189.79,224.40,-57.67,11.31,8.81,-3.36,-175.00,-850.00,-88.00
0,-16.48,-27.35,99.75,167.77,219.15,-28.31,11.64,9.25,-3.47,-374.00,-1252.00,-42.00
0,-19.26,-27.95,99.84,135.27,230.69,-28.31,11.64,8.89,-3.94,-737.00,-1832.00,46.00
0,-22.57,-27.90,99.77,121.63,221.25,-46.14,11.47,9.19,-4.00,-983.00,-2170.00,152.00
0,-26.11,-27.89,100.01,78.64,283.12,23.07,11.22,8.67,-4.50,-1104.00,-2166.00,323.00
0,-28.47,-27.11,98.52,48.23,297.80,9.44,11.33,9.31,-4.47,-1055.00,-1853.00,416.00
0,-29.94,-26.10,97.30,38.80,307.23,53.48,11.08,8.97,-4.78,-798.00,-1185.00,427.00
0,-30.14,-25.29,95.75,39.85,319.82,36.70,11.19,9.11,-4.83,-345.00,-455.00,382.00
0,-29.53,-24.42,94.87,41.94,281.02,-45.09,11.83,8.61,-4.64,100.00,189.00,169.00
0,-28.93,-23.17,95.34,53.48,277.87,-54.53,11.39,9.06,-4.53,267.00,490.00,64.00
0,-27.68,-22.08,96.00,77.59,267.39,-49.28,11.39,8.78,-4.53,495.00,979.00,-105.00
0,-26.04,-21.62,96.53,127.93,230.69,-56.62,11.58,9.03,-4.28,559.00,1196.00,-75.00
0,-24.56,-22.37,97.35,134.22,261.10,-22.02,11.47,8.33,-4.28,581.00,1126.00,-108.00
0,-22.99,-22.91,97.19,109.05,264.24,-18.87,11.64,9.08,-3.97,464.00,967.00,-46.00
0,-21.68,-22.96,96.92,146.80,255.85,-63.96,11.58,8.72,-4.17,347.00,761.00,-42.00
0,-21.09,-23.47,97.46,130.02,243.27,-19.92,11.64,9.00,-3.81,243.00,539.00,-92.00
0,-20.50,-23.80,97.19,118.49,252.71,-46.14,11.64,9.03,-3.64,146.00,294.00,-137.00
0,-20.28,-23.78,97.46,140.51,205.52,-87.03,11.97,8.56,-3.72,82.00,186.00,-121.00
0,-20.82,-24.60,98.84,116.39,234.88,-82.84,11.64,8.92,-3.75,-24.00,3.00,-93.00
0,-21.36,-24.56,99.78,110.10,271.58,-4.19,11.53,8.92,-3.92,-83.00,-104.00,-88.00
0,-21.22,-24.21,98.93,97.52,267.39,-28.31,11.64,9.03,-3.78,-94.00,-155.00,-101.00
0,-21.27,-23.70,98.61,98.57,224.40,-94.37,11.58,8.94,-3.83,-90.00,-171.00,-84.00
0,-22.00,-23.48,100.01,98.57,263.19,-35.65,11.50,9.03,-3.97,-75.00,-142.00,-71.00
0,-22.00,-23.13,99.73,114.29,217.06,-11.53,11.64,9.11,-3.86,-68.00,-86.00,-53.00
0,-21.76,-23.48,99.14,97.52,240.12,-81.79,11.58,9.11,-3.89,-44.00,-59.00,-41.00
0,-22.07,-23.24,100.04,113.25,285.21,-18.87,11.58,9.06,-3.81,-31.00,-11.00,-33.00
0,-21.75,-23.12,99.50,85.98,273.68,-17.83,11.58,9.31,-3.89,-11.00,21.00,-24.00
0,-21.38,-22.63,98.89,94.37,251.66,-24.12,11.58,9.11,-3.78,-11.00,49.00,-14.00
0,-21.06,-22.44,98.47,110.10,269.48,-36.70,11.11,8.97,-4.19,-14.00,65.00,-11.00
0,-20.96,-22.42,98.34,108.00,285.21,-10.49,11.53,9.19,-3.83,-9.00,64.00,-16.00
0,-20.65,-22.31,97.78,93.32,265.29,-9.44,11.64,9.22,-3.75,-3.00,48.00,-10.00
0,-20.33,-22.06,97.20,103.81,257.95,-40.89,11.61,9.17,-3.86,5.00,30.00,-12.00
0,-20.35,-22.03,97.34,105.91,262.14,-25.17,11.58,9.11,-3.83,-5.00,15.00,-14.00
0,-20.26,-22.02,97.12,98.57,265.29,-34.60,11.58,9.17,-3.69,-10.00,8.00,-14.00
0,-20.24,-21.86,97.12,111.15,242.22,-27.26,11.61,9.17,-3.78,-10.00,-3.00,-18.00
0,-20.20,-22.11,97.02,101.71,248.51,-71.30,11.53,9.03,-3.81,-9.00,-6.00,-23.00
0,-20.51,-22.07,97.84,118.49,261.10,-4.19,11.58,9.19,-3.72,-14.00,-3.00,-18.00
0,-20.25,-22.28,97.18,100.66,264.24,-46.14,11.64,8.72,-3.94,-11.00,-1.00,-29.00
0,-20.32,-22.11,97.39,97.52,257.95,-59.77,11.64,9.28,-3.83,-15.00,3.00,-26.00
0,-20.50,-21.95,97.87,97.52,257.95,-59.77,11.86,8.67,-3.81,-16.00,6.00,-15.00
0,-20.63,-21.81,98.31,100.66,270.53,-7.34,11.11,8.86,-3.89,-17.00,7.00,-10.00
0,-20.39,-21.71,97.65,114.29,240.12,-45.09,11.53,9.14,-3.94,-18.00,9.00,-6.00
0,-20.46,-22.07,97.88,98.57,277.87,-15.73,11.53,9.03,-3.81,-24.00,12.00,-1.00
0,-20.26,-21.88,97.41,100.66,243.27,-39.85,11.53,9.17,-3.83,-28.00,11.00,2.00
0,-20.29,-21.93,97.53,110.10,240.12,-17.83,11.53,9.06,-3.69,-31.00,8.00,-5.00
0,-20.12,-22.22,97.12,114.29,244.32,-44.04,11.64,9.03,-3.81,-40.00,9.00,-8.00
0,-20.20,-22.48,97.34,82.84,286.26,-4.19,11.64,9.14,-3.78,-43.00,2.00,-8.00
0,-19.97,-21.96,96.69,99.61,273.68,-12.58,11.47,8.92,-3.81,-40.00,2.00,-14.00
0,-19.82,-21.81,96.24,101.71,240.12,-83.89,11.61,9.08,-3.69,-48.00,7.00,-3.00
0,-20.27,-21.87,97.40,87.03,265.29,-24.12,11.64,9.17,-3.69,-47.00,6.00,-6.00
0,-20.17,-21.51,97.12,85.98,289.41,1.05,11.97,8.72,-3.64,-37.00,2.00,-16.00
0,-19.87,-21.11,96.43,102.76,260.05,-45.09,11.64,8.72,-3.86,-34.00,5.00,-23.00
0,-19.96,-21.12,96.67,95.42,274.73,-32.51,11.86,8.69,-3.69,-34.00,8.00,-24.00
0,-19.92,-20.93,96.61,89.13,264.24,-40.89,11.53,9.22,-3.67,-32.00,4.00,-22.00
0,-19.96,-20.69,96.76,90.18,264.24,-55.57,11.64,9.11,-3.69,-28.00,3.00,-20.00
0,-20.10,-20.49,97.17,110.10,229.64,-70.25,11.61,9.31,-3.64,-29.00,1.00,-16.00
0,-20.39,-20.95,98.07,109.05,235.93,-58.72,11.64,9.22,-3.64,-33.00,6.00,-12.00
0,-20.52,-21.29,98.58,79.69,286.26,8.39,11.53,9.08,-3.75,-31.00,10.00,-11.00
0,-20.11,-20.83,97.63,119.54,254.80,-8.39,11.53,9.08,-3.69,-26.00,14.00,-13.00
0,-19.83,-21.25,97.05,77.59,264.24,-38.80,11.58,8.83,-3.67,-20.00,14.00,-14.00
0,-19.81,-20.77,97.13,76.55,273.68,-18.87,11.58,9.06,-3.69,-17.00,11.00,-15.00
0,-19.66,-20.30,96.78,71.30,288.36,1.05,12.11,8.72,-3.72,-19.00,8.00,-16.00
0,-19.39,-19.76,96.11,93.32,259.00,-9.44,11.53,9.28,-3.58,-21.00,4.00,-16.00
0,-19.22,-19.77,95.67,119.54,231.74,-7.34,11.72,8.92,-3.64,-23.00,0.00,-14.00
0,-19.07,-20.53,95.25,108.00,251.66,-18.87,11.50,8.92,-3.75,-23.00,-3.00,-16.00
0,-19.05,-20.79,95.10,119.54,243.27,3.15,11.42,8.94,-3.69,-24.00,-5.00,-15.00
0,-18.89,-21.33,94.50,112.20,254.80,-53.48,11.64,9.33,-3.58,-24.00,-5.00,-14.00
0,-19.15,-21.52,95.12,116.39,267.39,-11.53,11.11,8.69,-3.56,-23.00,-4.00,-18.00
0,-19.12,-21.69,94.83,88.08,267.39,-27.26,11.64,9.17,-3.58,-22.00,-2.00,-21.00
0,-19.17,-21.35,94.87,121.63,224.40,-79.69,11.86,9.00,-3.67,-22.00,1.00,-22.00
0,-19.70,-21.98,96.22,116.39,238.03,-25.17,11.53,9.33,-3.61,-21.00,1.00,-17.00
0,-19.72,-22.37,96.17,95.42,259.00,-39.85,11.53,8.72,-3.61,-13.00,-6.00,-21.00
0,-19.81,-22.14,96.37,111.15,233.83,-24.12,11.58,9.22,-3.64,-18.00,-1.00,-21.00
0,-19.79,-22.46,96.27,111.15,247.46,-31.46,11.31,8.78,-3.67,-22.00,-1.00,-19.00
0,-19.83,-22.59,96.32,111.15,245.37,-63.96,11.58,9.31,-3.58,-19.00,-4.00,-27.00
0,-20.13,-22.69,97.07,92.27,264.24,-28.31,11.58,8.92,-3.69,-14.00,-7.00,-38.00
0,-20.10,-22.33,96.93,81.79,272.63,-6.29,11.53,9.33,-3.64,-20.00,-7.00,-31.00
0,-19.89,-21.82,96.36,96.47,275.78,0.00,11.58,9.25,-3.64,-16.00,-6.00,-19.00
0,-19.67,-21.62,95.77,103.81,261.10,-31.46,11.58,9.31,-3.61,-9.00,-10.00,-9.00
0,-19.71,-21.63,95.86,97.52,271.58,-14.68,12.11,8.89,-3.81,0.00,-13.00,-2.00
0,-19.63,-21.48,95.59,108.00,225.44,-70.25,11.28,9.08,-3.72,-1.00,-11.00,3.00
0,-20.10,-21.85,96.71,91.23,241.17,-91.23,11.25,9.06,-3.81,-3.00,-9.00,3.00
0,-20.65,-21.69,98.06,92.27,290.46,-9.44,11.64,9.33,-3.58,-4.00,-4.00,-1.00
0,-20.42,-21.40,97.53,115.34,262.14,-13.63,11.64,9.00,-3.69,-2.00,-2.00,-2.00
0,-20.22,-21.64,97.13,102.76,269.48,-34.60,11.53,9.17,-3.67,13.00,-6.00,4.00
0,-20.18,-21.59,97.14,104.86,278.92,-11.53,11.58,8.92,-3.75,9.00,-3.00,9.00
0,-20.02,-21.56,96.72,117.44,236.98,-34.60,11.06,9.00,-3.92,3.00,-5.00,16.00
0,-20.21,-22.04,96.91,105.91,265.29,-15.73,11.53,9.36,-3.58,13.00,-66.00,8.00
0,-20.52,-21.99,96.75,135.27,242.22,-28.31,11.17,9.00,-3.86,3.00,-313.00,4.00
0,-21.33,-22.66,96.96,168.82,243.27,-60.82,11.56,9.19,-3.83,-49.00,-521.00,51.00
0,-23.04,-23.57,97.67,180.36,205.52,-66.06,11.17,8.97,-4.11,-291.00,-1002.00,102.00
0,-25.77,-25.11,98.67,199.23,180.36,-65.01,11.47,9.17,-4.17,-577.00,-1540.00,222.00
0,-29.49,-27.13,99.88,192.94,232.78,-31.46,11.33,9.31,-4.53,-830.00,-2149.00,361.00
0,-33.59,-28.08,100.25,168.82,236.98,-29.36,10.86,9.06,-4.78,-1043.00,-2657.00,433.00
0,-38.04,-28.62,100.50,143.65,225.44,-37.75,10.33,9.06,-5.44,-1214.00,-2892.00,449.00
0,-42.51,-28.89,100.75,113.25,247.46,6.29,10.64,9.11,-5.56,-1307.00,-2794.00,452.00
0,-45.57,-28.55,99.60,29.36,294.65,56.62,10.28,9.19,-5.92,-1206.00,-2317.00,392.00
0,-47.70,-26.95,97.61,-14.68,354.42,54.53,9.72,9.17,-6.33,-1073.00,-1904.00,315.00
0,-48.80,-26.20,96.61,-5.24,356.52,20.97,10.25,9.31,-6.08,-647.00,-830.00,246.00
0,-48.02,-25.31,95.89,16.78,333.45,40.89,10.31,8.72,-6.33,-33.00,349.00,15.00
0,-45.50,-23.91,95.00,37.75,326.11,45.09,10.42,9.17,-5.81,570.00,1384.00,-269.00
0,-41.84,-22.64,94.17,52.43,313.52,50.33,10.42,9.33,-5.67,919.00,2134.00,-364.00
0,-37.43,-21.50,93.30,103.81,278.92,41.94,10.86,9.06,-5.22,1138.00,2674.00,-369.00
0,-32.60,-21.06,92.55,117.44,260.05,17.83,10.97,9.22,-4.94,1328.00,2944.00,-405.00
0,-28.02,-20.94,92.42,112.20,272.63,-29.36,11.33,9.11,-4.39,1462.00,2922.00,-444.00
0,-23.95,-20.71,93.25,157.29,254.80,5.24,11.47,9.11,-4.19,1460.00,2805.00,-423.00
0,-20.35,-21.51,93.55,193.99,218.10,-48.23,11.11,9.00,-4.03,1405.00,2358.00,-249.00
0,-18.20,-22.48,94.95,166.72,195.04,-6.29,11.58,9.17,-3.69,1269.00,1629.00,-651.00
0,-16.94,-24.00,95.03,209.72,175.11,-34.60,11.58,9.19,-3.61,620.00,810.00,-228.00
0,-17.22,-26.22,95.75,204.47,173.02,-105.91,11.58,8.94,-3.78,224.00,-13.00,-147.00
0,-19.45,-27.90,97.80,180.36,180.36,-20.97,11.53,9.31,-3.83,-234.00,-827.00,-21.00
0,-21.81,-29.69,97.80,147.85,232.78,-17.83,11.53,9.25,-3.94,-732.00,-1404.00,317.00
0,-24.70,-30.40,97.52,146.80,209.72,-76.55,11.47,9.11,-4.36,-1044.00,-1801.00,542.00
0,-28.62,-31.33,98.78,101.71,250.61,-23.07,11.33,9.06,-4.44,-1149.00,-1884.00,689.00
0,-31.55,-31.09,98.35,59.77,290.46,1.05,11.25,8.69,-4.75,-1148.00,-1784.00,729.00
0,-33.40,-30.28,97.28,41.94,330.30,26.21,11.33,8.94,-4.78,-956.00,-1280.00,716.00
0,-34.00,-29.84,96.22,17.83,372.24,23.07,11.33,8.83,-4.78,-523.00,-526.00,649.00
0,-33.60,-29.82,95.91,38.80,344.98,0.00,11.28,8.58,-4.81,82.00,226.00,345.00
0,-32.15,-28.81,95.70,87.03,275.78,-5.24,11.86,8.25,-4.72,560.00,834.00,-54.00
0,-29.97,-27.56,95.45,89.13,266.34,-44.04,11.58,8.67,-4.53,807.00,1227.00,-317.00
0,-28.07,-26.62,95.95,132.12,212.86,-74.45,11.25,8.36,-4.44,786.00,1338.00,-228.00
0,-26.81,-27.06,97.37,138.41,239.08,-26.21,11.64,8.81,-4.17,728.00,1211.00,-169.00
0,-25.06,-27.03,97.61,135.27,233.83,-19.92,11.39,8.61,-4.22,820.00,1049.00,-378.00
0,-23.71,-27.46,97.45,138.41,244.32,-50.33,11.64,8.78,-3.92,507.00,805.00,-29.00
0,-22.92,-27.60,97.89,141.56,263.19,-30.41,11.56,8.44,-3.94,381.00,599.00,-111.00
0,-22.20,-27.52,97.76,153.09,233.83,-54.53,11.75,8.56,-3.86,229.00,420.00,-165.00
0,-21.97,-27.83,98.16,130.02,238.03,-70.25,11.61,8.33,-3.58,123.00,270.00,-173.00
0,-22.03,-27.65,98.91,119.54,259.00,-14.68,11.64,8.78,-3.78,81.00,144.00,-178.00
0,-21.70,-27.25,98.35,138.41,245.37,-76.55,11.75,8.44,-3.72,26.00,36.00,-133.00
0,-22.03,-27.26,99.07,132.12,224.40,-15.73,11.75,8.86,-3.83,-27.00,-15.00,-96.00
0,-21.80,-27.50,98.49,115.34,267.39,-23.07,11.86,8.53,-3.89,-50.00,-22.00,-77.00
0,-21.65,-27.07,98.06,120.59,226.49,-84.93,11.31,8.72,-3.86,-69.00,-25.00,-62.00
0,-22.27,-27.04,99.18,110.10,266.34,-22.02,11.53,8.83,-4.00,-69.00,-21.00,-35.00
0,-22.14,-26.62,98.68,113.25,268.44,-7.34,11.39,8.75,-3.89,-59.00,-22.00,-21.00
0,-21.88,-26.30,97.95,98.57,278.92,-13.63,12.11,8.28,-3.64,-52.00,-23.00,-24.00
0,-21.61,-25.71,97.39,116.39,253.76,-69.21,11.64,8.89,-3.83,-55.00,-12.00,-26.00
0,-21.92,-25.55,98.02,119.54,264.24,-17.83,12.06,8.56,-3.75,-53.00,-6.00,-24.00
0,-21.73,-25.44,97.56,118.49,285.21,-36.70,11.64,8.94,-3.72,-42.00,-6.00,-20.00
0,-21.71,-25.21,97.48,139.46,223.35,-38.80,11.42,8.81,-3.75,-36.00,-19.00,-16.00
0,-21.86,-25.84,97.68,101.71,287.31,-12.58,11.64,8.89,-3.64,-21.00,-45.00,-27.00
0,-21.71,-25.30,97.23,108.00,241.17,-63.96,11.94,8.75,-3.86,-22.00,-56.00,-36.00
0,-22.09,-25.13,97.95,100.66,261.10,-37.75,11.64,8.94,-3.67,-35.00,-52.00,-18.00
0,-22.14,-24.71,97.95,113.25,272.63,-40.89,11.92,8.50,-3.78,-24.00,-55.00,-26.00
0,-22.19,-24.48,98.00,108.00,268.44,-20.97,11.69,9.08,-3.78,-13.00,-59.00,-34.00
0,-22.08,-24.24,97.66,101.71,262.14,-16.78,11.64,8.61,-3.75,-20.00,-53.00,-18.00
0,-21.93,-23.95,97.25,103.81,257.95,-25.17,11.22,8.72,-4.06,-22.00,-42.00,-15.00
0,-21.95,-23.75,97.06,120.59,264.24,-42.99,11.75,8.92,-3.83,-18.00,-40.00,-13.00
0,-22.04,-23.80,97.23,115.34,246.42,-56.62,11.31,8.83,-3.92,-11.00,-30.00,-14.00
0,-22.29,-23.89,97.73,97.52,268.44,-19.92,11.64,8.97,-3.83,-22.00,-18.00,-8.00
0,-22.13,-23.55,97.34,112.20,250.61,-69.21,11.64,8.94,-3.89,-31.00,-6.00,-4.00
0,-22.40,-23.55,98.02,101.71,256.90,-26.21,11.64,9.03,-3.78,-30.00,-2.00,-12.00
0,-22.25,-23.36,97.75,122.68,250.61,-52.43,11.50,8.39,-3.92,-26.00,2.00,-21.00
0,-22.35,-23.58,98.05,104.86,269.48,-18.87,11.64,8.97,-3.75,-29.00,5.00,-13.00
0,-22.13,-23.38,97.62,128.97,263.19,-42.99,11.64,8.83,-3.83,-27.00,5.00,-10.00
0,-22.12,-23.60,97.70,87.03,263.19,-17.83,11.31,8.78,-3.81,-25.00,4.00,-9.00
0,-21.93,-23.11,97.27,114.29,262.14,-47.19,11.75,9.06,-3.78,-18.00,4.00,-12.00
0,-21.97,-23.13,97.49,103.81,238.03,-23.07,11.64,9.00,-3.83,-16.00,5.00,-8.00
0,-21.85,-23.18,97.25,109.05,233.83,-66.06,11.64,9.03,-3.69,-12.00,2.00,-9.00
0,-22.11,-23.33,98.05,98.57,282.07,-30.41,11.53,8.92,-3.75,-18.00,5.00,1.00
0,-22.00,-23.01,97.86,125.83,251.66,-55.57,11.64,8.69,-3.75,-8.00,-1.00,2.00
0,-22.09,-23.29,98.23,110.10,265.29,-8.39,11.64,8.94,-3.75,-6.00,-2.00,-19.00
0,-21.79,-23.25,97.59,111.15,243.27,-17.83,11.22,8.78,-4.08,-22.00,3.00,-1.00
0,-21.66,-23.41,97.20,108.00,267.39,-6.29,11.64,9.00,-3.78,-24.00,1.00,2.00
0,-21.41,-23.30,96.62,110.10,238.03,-34.60,11.75,8.89,-3.86,-19.00,-7.00,-12.00
0,-21.46,-23.43,96.74,100.66,278.92,-11.53,11.64,8.97,-3.78,-19.00,-5.00,-20.00
0,-21.29,-23.12,96.31,125.83,254.80,-57.67,11.22,8.78,-4.00,-23.00,-5.00,-21.00
0,-21.57,-23.35,96.82,108.00,260.05,-19.92,11.64,8.94,-3.83,-20.00,-8.00,-22.00
0,-21.48,-23.27,96.54,101.71,254.80,-31.46,11.64,9.03,-3.81,-21.00,-9.00,-20.00
0,-21.49,-23.11,96.54,99.61,272.63,-48.23,11.61,9.00,-3.67,-21.00,-6.00,-15.00
0,-21.57,-22.84,96.80,113.25,251.66,-66.06,11.22,8.75,-3.94,-20.00,0.00,-12.00
0,-21.87,-22.92,97.48,92.27,247.46,-87.03,11.75,9.06,-3.64,-19.00,3.00,-12.00
0,-22.25,-22.63,98.59,108.00,239.08,-78.64,11.64,9.03,-3.69,-11.00,2.00,-14.00
0,-22.53,-22.71,99.50,97.52,242.22,-57.67,11.31,8.78,-3.86,-2.00,-1.00,-19.00
0,-22.61,-22.58,99.86,117.44,229.64,-77.59,11.64,9.03,-3.78,-8.00,1.00,-18.00
0,-22.82,-22.94,100.67,111.15,227.54,-71.30,11.69,9.00,-3.64,-12.00,-1.00,-13.00
0,-22.92,-23.17,101.32,111.15,238.03,-63.96,11.64,9.08,-3.69,-8.00,-1.00,-14.00
0,-22.90,-23.29,101.66,109.05,246.42,-78.64,11.53,8.75,-3.75,-3.00,-5.00,-13.00
0,-22.96,-23.26,102.22,102.76,256.90,3.15,11.64,9.00,-3.78,1.00,-9.00,-18.00
0,-22.30,-23.16,100.96,89.13,281.02,-32.51,11.64,9.06,-3.69,-2.00,-7.00,-18.00
0,-21.96,-22.69,100.55,113.25,259.00,-58.72,11.22,8.92,-3.92,-7.00,-5.00,-10.00
0,-21.95,-22.74,100.73,103.81,246.42,-50.33,11.75,9.00,-3.78,-6.00,-6.00,-10.00
0,-21.85,-22.72,100.78,95.42,288.36,-9.44,11.64,8.97,-3.69,-7.00,-7.00,-6.00
0,-21.42,-22.39,100.03,108.00,245.37,-7.34,11.69,8.97,-3.64,1.00,-5.00,-14.00
0,-20.95,-22.55,99.18,115.34,225.44,-62.91,11.58,9.06,-3.75,-8.00,-1.00,-10.00
0,-21.08,-22.95,99.78,100.66,229.64,-82.84,11.53,8.92,-3.69,-8.00,0.00,-4.00
0,-21.39,-22.94,100.77,114.29,233.83,-59.77,11.64,8.94,-3.83,-6.00,1.00,-7.00
0,-21.43,-23.20,101.09,103.81,276.82,-6.29,11.39,8.83,-3.89,-6.00,6.00,-12.00
0,-20.98,-23.02,100.19,105.91,267.39,-50.33,11.64,9.03,-3.75,-20.00,11.00,-4.00
0,-20.86,-22.87,100.20,104.86,224.40,-71.30,11.75,9.06,-3.83,-10.00,4.00,-14.00
0,-21.04,-23.00,100.88,70.25,271.58,-5.24,11.39,8.92,-3.78,-10.00,1.00,-16.00
0,-20.58,-22.24,99.88,110.10,230.69,-76.55,11.75,8.94,-3.75,-14.00,1.00,-5.00
0,-20.78,-22.50,100.69,113.25,277.87,-27.26,11.78,8.83,-3.78,-7.00,-1.00,-3.00
0,-20.53,-22.49,100.26,115.34,242.22,-89.13,11.64,8.92,-3.69,3.00,-8.00,1.00
0,-20.81,-22.70,101.19,110.10,251.66,-17.83,11.42,8.86,-3.56,8.00,-32.00,12.00
0,-20.54,-22.81,100.57,126.88,254.80,-44.04,11.64,8.97,-3.69,24.00,-82.00,8.00
0,-20.92,-23.03,100.70,169.87,231.74,-63.96,12.11,8.86,-4.06,10.00,-364.00,-11.00
0,-22.17,-23.92,101.29,173.02,189.79,-121.63,11.97,8.56,-4.03,-174.00,-794.00,20.00
0,-24.89,-25.07,103.22,196.08,231.74,-55.57,11.61,8.58,-4.39,-465.00,-1380.00,149.00
0,-28.15,-25.88,103.61,214.96,174.06,-61.87,11.47,9.03,-4.50,-773.00,-2161.00,288.00
0,-32.50,-27.61,104.49,192.94,244.32,-37.75,11.11,8.78,-5.14,-1086.00,-2750.00,394.00
0,-37.02,-27.95,104.56,157.29,225.44,-37.75,10.67,8.72,-5.44,-1294.00,-3049.00,442.00
0,-41.52,-28.18,104.43,120.59,231.74,-23.07,10.33,8.67,-6.06,-1397.00,-3048.00,459.00
0,-45.66,-27.77,103.80,93.32,269.48,11.53,10.53,8.97,-6.03,-1344.00,-2921.00,438.00
0,-48.58,-26.92,102.23,45.09,300.94,20.97,9.78,8.67,-6.64,-1230.00,-2404.00,395.00
0,-50.30,-25.56,100.63,26.21,315.62,17.83,9.75,9.19,-6.56,-867.00,-1515.00,271.00
0,-50.42,-24.17,99.30,5.24,333.45,28.31,9.97,8.78,-6.67,-351.00,-409.00,66.00
0,-48.92,-22.85,98.29,16.78,318.77,-1.05,9.92,9.03,-6.47,218.00,675.00,-146.00
0,-46.23,-21.44,97.75,34.60,338.69,34.60,9.83,8.72,-6.39,681.00,1558.00,-270.00
0,-42.58,-20.66,97.18,54.53,315.62,31.46,10.42,9.03,-5.97,980.00,2204.00,-293.00
0,-38.15,-19.99,96.51,46.14,295.70,30.41,10.22,9.11,-5.61,1177.00,2679.00,-295.00
0,-33.52,-19.05,95.79,96.47,265.29,32.51,11.03,9.00,-5.22,1250.00,2841.00,-343.00
0,-28.60,-19.05,95.05,95.42,275.78,28.31,11.47,8.78,-4.94,1372.00,3014.00,-360.00
0,-23.96,-18.96,94.63,123.73,250.61,0.00,11.47,8.83,-4.39,1401.00,2902.00,-332.00
0,-20.06,-19.84,94.66,190.84,225.44,-79.69,11.56,8.56,-4.31,1264.00,2543.00,-90.00
0,-17.35,-20.63,96.44,193.99,218.10,-20.97,11.28,8.81,-3.97,1388.00,2053.00,-769.00
0,-15.09,-22.22,96.67,185.60,232.78,-38.80,11.64,9.06,-3.78,874.00,1540.00,-346.00
0,-13.90,-23.39,97.12,196.08,206.57,-41.94,11.75,9.14,-3.42,586.00,878.00,-227.00
0,-13.87,-25.08,97.64,206.57,183.50,-99.61,11.64,9.00,-3.50,236.00,143.00,-78.00
0,-14.93,-26.85,99.26,157.29,212.86,-54.53,11.64,9.11,-3.58,47.00,-222.00,22.00
0,-16.57,-27.69,99.92,159.38,198.18,-89.13,11.75,9.11,-3.64,-289.00,-846.00,98.00
0,-19.32,-28.47,101.33,134.22,238.03,-46.14,11.64,9.08,-3.97,-614.00,-1321.00,149.00
0,-21.90,-28.47,101.32,114.29,204.47,-66.06,11.28,8.78,-4.22,-838.00,-1593.00,259.00
0,-24.70,-28.48,101.69,62.91,285.21,7.34,11.42,9.00,-4.28,-968.00,-1553.00,322.00
0,-26.08,-27.31,100.05,67.11,272.63,-41.94,11.33,8.81,-4.58,-910.00,-1233.00,315.00
0,-27.18,-26.27,99.49,48.23,300.94,-15.73,11.31,8.81,-4.61,-660.00,-717.00,249.00
0,-27.19,-25.11,98.65,62.91,284.16,-33.55,10.78,8.69,-4.69,-256.00,-145.00,134.00
0,-26.57,-24.11,98.35,46.14,310.38,-22.02,10.86,8.75,-4.72,106.00,397.00,-6.00
0,-25.56,-23.07,97.97,67.11,306.18,-4.19,11.50,8.81,-4.47,252.00,616.00,-38.00
0,-24.01,-22.26,97.54,105.91,261.10,-6.29,11.64,8.86,-4.28,478.00,860.00,-152.00
0,-22.32,-22.22,97.16,110.10,219.15,-58.72,11.47,8.94,-4.19,545.00,943.00,-163.00
0,-21.33,-22.62,98.01,152.04,248.51,-71.30,11.69,8.94,-4.06,484.00,827.00,-99.00
0,-20.70,-23.34,98.81,146.80,206.57,-109.05,11.53,8.53,-4.11,388.00,567.00,-67.00
0,-21.03,-24.28,100.65,146.80,227.54,-65.01,11.64,8.94,-3.94,243.00,230.00,-64.00
0,-21.26,-24.93,101.21,112.20,246.42,-39.85,11.64,8.89,-3.89,63.00,-54.00,-60.00
0,-21.46,-24.74,101.03,135.27,232.78,-82.84,11.58,8.72,-4.14,-78.00,-255.00,-60.00
0,-22.20,-24.97,101.81,87.03,265.29,-19.92,11.58,9.06,-4.17,-124.00,-323.00,-79.00
0,-22.37,-24.16,101.00,100.66,253.76,2.10,11.44,8.56,-4.25,-193.00,-379.00,-74.00
0,-22.34,-23.89,99.72,95.42,277.87,-13.63,11.28,8.81,-4.28,-230.00,-326.00,-14.00
0,-22.38,-23.46,98.97,73.40,293.60,-7.34,11.53,8.92,-4.19,-169.00,-215.00,3.00
0,-22.21,-22.74,98.22,94.37,289.41,-3.15,11.44,8.92,-4.19,-93.00,-77.00,15.00
0,-21.89,-22.45,97.51,102.76,241.17,-72.35,11.17,8.89,-4.28,-20.00,52.00,26.00
0,-22.09,-22.54,98.36,104.86,261.10,-72.35,11.42,8.75,-4.25,33.00,123.00,32.00
0,-22.12,-22.54,98.95,71.30,272.63,-2.10,11.61,9.08,-4.14,48.00,161.00,33.00
0,-21.53,-21.93,98.07,112.20,270.53,2.10,11.53,8.81,-4.19,45.00,170.00,36.00
0,-21.00,-22.09,97.26,121.63,255.85,-19.92,11.28,8.83,-4.17,29.00,163.00,26.00
0,-20.74,-22.46,96.92,92.27,259.00,-42.99,11.64,9.00,-4.06,11.00,128.00,10.00
0,-20.72,-22.22,97.08,104.86,261.10,-23.07,11.50,8.47,-4.19,-11.00,80.00,8.00
0,-20.62,-22.22,96.78,104.86,276.82,-22.02,11.64,8.89,-4.00,-34.00,52.00,1.00
0,-20.51,-22.10,96.49,106.95,277.87,-48.23,11.28,8.81,-4.17,-38.00,27.00,-13.00
0,-20.65,-21.98,96.69,123.73,245.37,-81.79,11.11,8.75,-4.33,-33.00,11.00,-26.00
0,-21.13,-22.33,97.66,100.66,282.07,-39.85,11.64,8.47,-3.97,-28.00,6.00,-29.00
0,-21.14,-22.07,97.63,126.88,245.37,-89.13,11.64,9.08,-4.03,-25.00,-3.00,-35.00
0,-21.54,-22.42,98.63,104.86,277.87,-26.21,11.78,8.44,-3.92,-25.00,-10.00,-38.00
0,-21.39,-22.25,98.30,94.37,262.14,-19.92,11.58,8.97,-4.00,-28.00,-10.00,-32.00
0,-21.22,-22.00,97.85,119.54,253.76,-30.41,11.53,8.72,-4.03,-29.00,-9.00,-27.00
0,-21.16,-22.28,97.70,103.81,256.90,-37.75,11.64,9.03,-3.97,-29.00,-9.00,-25.00
0,-21.17,-22.23,97.70,84.93,265.29,-23.07,11.53,8.89,-4.00,-31.00,-8.00,-25.00
0,-21.05,-21.80,97.35,92.27,226.49,-71.30,11.58,9.11,-4.06,-41.00,-1.00,-21.00
0,-21.39,-21.76,98.21,118.49,260.05,-15.73,11.64,8.72,-3.94,-39.00,6.00,-23.00
0,-21.19,-22.02,97.70,130.02,259.00,-41.94,11.64,8.97,-3.97,-41.00,7.00,-19.00
0,-21.18,-22.41,97.75,112.20,239.08,-73.40,11.50,9.03,-4.03,-32.00,7.00,-14.00
0,-21.49,-22.61,98.57,109.05,249.56,-38.80,11.64,9.03,-3.92,-33.00,15.00,-12.00
0,-21.43,-22.71,98.51,101.71,252.71,-40.89,11.64,8.83,-3.97,-31.00,21.00,-6.00
0,-21.38,-22.63,98.51,109.05,283.12,-27.26,11.86,8.56,-3.97,-24.00,20.00,-8.00
0,-21.19,-22.50,98.20,117.44,255.85,-36.70,11.58,8.53,-4.00,-21.00,23.00,-21.00
0,-21.12,-22.68,98.13,95.42,250.61,-42.99,11.75,8.47,-4.08,-21.00,24.00,-20.00
0,-21.12,-22.47,98.23,118.49,247.46,-54.53,11.31,8.67,-3.81,-14.00,23.00,-28.00
0,-21.20,-22.72,98.56,101.71,268.44,-48.23,11.64,8.97,-3.94,-12.00,23.00,-25.00
0,-21.18,-22.52,98.66,94.37,275.78,-23.07,11.31,9.03,-4.00,-9.00,21.00,-17.00
0,-21.01,-22.22,98.27,111.15,265.29,-67.11,11.64,9.06,-3.89,-1.00,19.00,-10.00
0,-21.13,-22.23,98.76,108.00,260.05,-33.55,11.22,8.56,-4.00,5.00,11.00,-11.00
0,-21.06,-22.27,98.61,111.15,259.00,-32.51,11.53,9.00,-4.03,3.00,7.00,-7.00
0,-20.98,-22.38,98.44,97.52,249.56,-49.28,11.39,9.11,-3.97,-5.00,1.00,6.00
0,-21.06,-22.27,98.68,75.50,269.48,2.10,11.58,9.00,-3.89,-5.00,0.00,3.00
0,-20.68,-21.69,97.76,102.76,243.27,-51.38,11.53,8.56,-4.06,-5.00,-2.00,-3.00
0,-20.82,-21.79,98.15,72.35,267.39,-10.49,11.64,9.06,-3.86,-2.00,-5.00,-3.00
0,-20.58,-21.18,97.55,99.61,247.46,-54.53,11.58,9.03,-3.97,3.00,-7.00,-7.00
0,-20.73,-21.23,98.00,92.27,251.66,-16.78,11.28,8.83,-4.06,-5.00,0.00,-4.00
0,-20.58,-21.17,97.53,103.81,236.98,-57.67,11.58,9.03,-3.94,-14.00,7.00,12.00
0,-20.76,-21.40,98.12,111.15,245.37,-70.25,11.53,8.97,-3.92,-2.00,5.00,1.00
0,-20.99,-21.61,98.83,96.47,263.19,-47.19,11.64,9.11,-3.86,6.00,7.00,-22.00
0,-20.95,-21.45,98.92,104.86,218.10,-38.80,11.58,9.03,-3.92,-2.00,18.00,-23.00
0,-20.91,-21.78,98.98,120.59,240.12,-66.06,11.58,9.03,-3.89,-5.00,10.00,-10.00
0,-21.05,-22.21,99.54,108.00,251.66,-26.21,11.53,9.03,-3.92,-5.00,7.00,-5.00
0,-20.86,-22.31,99.17,112.20,249.56,4.19,11.53,9.06,-3.92,-2.00,4.00,-7.00
0,-20.41,-22.56,98.16,93.32,266.34,-37.75,11.64,9.06,-3.89,-12.00,4.00,3.00
0,-20.35,-22.26,98.11,113.25,221.25,-78.64,11.50,8.81,-4.08,-9.00,5.00,-6.00
0,-20.78,-22.67,99.20,103.81,240.12,-56.62,11.64,9.08,-3.83,-5.00,6.00,-7.00
0,-20.89,-22.71,99.56,98.57,231.74,-108.00,11.53,8.92,-3.97,-10.00,4.00,0.00
0,-21.42,-22.64,101.03,105.91,236.98,-61.87,11.69,9.03,-3.89,-7.00,1.00,-8.00
0,-21.47,-22.73,101.35,105.91,242.22,-1.05,11.64,8.86,-3.92,-14.00,3.00,-12.00
0,-20.92,-22.86,100.19,117.44,230.69,-69.21,11.64,9.03,-3.89,-19.00,1.00,-10.00
0,-21.06,-23.19,100.78,99.61,273.68,3.15,11.53,8.75,-3.97,-17.00,-8.00,-21.00
0,-20.61,-22.92,99.73,95.42,282.07,-2.10,11.58,8.97,-3.86,-9.00,-16.00,-32.00
0,-20.23,-22.57,98.89,109.05,241.17,-74.45,11.64,9.08,-3.89,-15.00,-18.00,-23.00
0,-20.49,-22.67,99.65,104.86,266.34,-9.44,11.64,9.06,-3.86,-14.00,-14.00,-17.00
0,-20.19,-22.58,98.92,124.78,227.54,-45.09,11.53,8.69,-4.11,-13.00,-12.00,-14.00
0,-20.27,-23.17,99.11,118.49,239.08,-1.05,11.64,9.06,-3.89,-9.00,-5.00,-10.00
0,-19.89,-23.53,98.20,110.10,277.87,-17.83,11.11,8.81,-4.19,-12.00,-1.00,-5.00
0,-19.78,-23.39,97.79,119.54,254.80,-63.96,11.58,9.11,-3.94,-5.00,-2.00,-10.00
0,-20.02,-23.51,98.31,100.66,259.00,-10.49,11.64,9.08,-3.89,-9.00,-1.00,-7.00
0,-19.79,-23.32,97.70,89.13,278.92,-11.53,11.58,9.11,-3.81,-11.00,-1.00,-7.00
0,-19.59,-22.86,97.18,110.10,267.39,-57.67,11.28,8.83,-4.03,-9.00,3.00,-8.00
0,-19.79,-22.79,97.56,117.44,221.25,-15.73,11.58,8.94,-3.89,-13.00,12.00,-11.00
0,-19.67,-23.27,97.21,113.25,249.56,-70.25,11.47,8.69,-3.97,-15.00,16.00,-8.00
0,-19.99,-23.32,97.96,82.84,287.31,-5.24,11.58,9.06,-3.86,1.00,12.00,-24.00
0,-19.85,-22.69,97.42,92.27,286.26,-26.21,11.58,9.17,-3.89,35.00,-59.00,-36.00
0,-20.36,-22.23,97.50,156.24,265.29,-53.48,11.44,8.83,-4.06,52.00,-391.00,-12.00
0,-21.54,-22.67,98.23,205.52,214.96,-55.57,11.53,9.00,-4.00,57.00,-698.00,-24.00
0,-23.71,-24.07,99.23,190.84,193.99,-91.23,11.44,9.11,-4.47,-154.00,-1332.00,35.00
0,-27.31,-25.52,100.91,206.57,176.16,-78.64,11.22,8.69,-4.72,-582.00,-1996.00,233.00
0,-31.67,-27.22,102.36,156.24,230.69,-30.41,11.14,9.00,-5.14,-918.00,-2521.00,317.00
0,-35.78,-27.46,102.41,138.41,213.91,8.39,10.86,9.06,-5.28,-1092.00,-2784.00,298.00
0,-39.41,-27.74,101.44,104.86,241.17,-22.02,10.53,9.11,-5.81,-1197.00,-2747.00,313.00
0,-42.89,-27.11,100.86,56.62,284.16,45.09,10.31,8.92,-5.97,-1179.00,-2427.00,292.00
0,-45.36,-25.73,99.08,42.99,278.92,6.29,9.97,9.17,-6.19,-964.00,-2151.00,231.00
0,-47.08,-24.21,97.79,26.21,292.55,37.75,9.75,9.31,-6.31,-802.00,-1410.00,175.00
0,-47.26,-22.71,96.09,24.12,325.06,17.83,10.19,8.81,-6.44,-407.00,-481.00,64.00
0,-46.21,-21.54,95.26,18.87,338.69,10.49,9.75,9.31,-6.39,73.00,481.00,-65.00
0,-44.05,-20.50,94.82,37.75,309.33,10.49,10.14,9.22,-6.28,497.00,1334.00,-177.00
0,-40.77,-19.42,94.38,32.51,289.41,-51.38,10.28,9.14,-6.08,824.00,2058.00,-234.00
0,-36.95,-18.32,95.14,42.99,317.72,47.19,11.11,8.81,-5.47,1090.00,2688.00,-253.00
0,-31.96,-17.54,94.61,73.40,283.12,16.78,10.83,8.81,-5.36,1309.00,3135.00,-337.00
0,-26.93,-17.01,94.43,77.59,303.04,29.36,11.56,9.00,-4.78,1404.00,3274.00,-469.00
0,-21.66,-16.49,94.39,109.05,277.87,20.97,11.56,8.67,-4.42,1552.00,3439.00,-521.00
0,-16.57,-17.03,94.34,162.53,229.64,-22.02,11.58,9.17,-3.69,1535.00,3392.00,-191.00
0,-12.33,-18.06,95.48,199.23,243.27,-46.14,11.64,9.17,-3.44,1743.00,2914.00,-758.00
0,-9.22,-19.38,96.43,203.42,188.74,-61.87,11.89,8.78,-3.22,1275.00,2233.00,-367.00
0,-7.49,-21.68,97.66,178.26,211.81,-57.67,11.22,9.08,-3.14,898.00,1421.00,-260.00
0,-6.89,-23.24,98.50,181.40,184.55,-103.81,11.64,9.17,-3.00,478.00,647.00,-146.00
0,-7.72,-25.03,100.16,144.70,235.93,-55.57,11.81,9.19,-2.89,31.00,-20.00,31.00
0,-8.40,-25.60,100.45,162.53,222.30,-55.57,11.53,9.11,-2.83,-123.00,-310.00,54.00
0,-9.79,-26.48,100.73,139.46,199.23,-42.99,11.69,9.31,-3.00,-390.00,-784.00,97.00
0,-11.53,-27.03,100.72,100.66,259.00,-46.14,11.72,8.78,-3.28,-613.00,-1072.00,88.00
0,-13.44,-26.37,100.47,117.44,243.27,-11.53,11.58,9.19,-3.28,-726.00,-1223.00,134.00
0,-15.11,-26.44,99.47,98.57,254.80,-36.70,11.67,8.56,-3.64,-791.00,-1264.00,267.00
0,-17.00,-25.98,99.08,97.52,260.05,-49.28,11.64,9.17,-3.64,-770.00,-1216.00,221.00
0,-18.77,-25.46,98.92,58.72,286.26,-16.78,11.42,8.97,-3.97,-727.00,-1079.00,153.00
0,-19.84,-24.32,97.97,59.77,275.78,-29.36,11.58,9.17,-3.94,-646.00,-790.00,127.00
0,-20.40,-23.36,97.35,54.53,261.10,-90.18,11.42,9.22,-3.94,-465.00,-386.00,146.00
0,-21.18,-22.45,98.14,67.11,285.21,-36.70,11.64,9.11,-3.92,-322.00,-188.00,137.00
0,-20.95,-21.82,97.90,80.74,264.24,-9.44,11.00,8.92,-4.11,-48.00,147.00,84.00
0,-20.23,-21.58,97.27,88.08,270.53,-47.19,11.58,9.11,-3.86,120.00,370.00,86.00
0,-19.60,-21.43,97.54,91.23,295.70,-10.49,11.25,8.56,-3.67,226.00,477.00,58.00
0,-18.76,-21.15,97.25,128.97,241.17,-66.06,11.64,9.08,-3.69,300.00,444.00,-46.00
0,-18.57,-21.71,98.13,139.46,226.49,-25.17,11.64,8.44,-3.75,245.00,280.00,-85.00
0,-18.38,-22.60,98.09,115.34,245.37,-53.48,11.64,9.17,-3.61,144.00,72.00,-89.00
0,-18.66,-22.72,98.55,126.88,241.17,-72.35,11.64,9.06,-3.64,21.00,-123.00,-69.00
0,-19.19,-23.00,99.32,118.49,234.88,-54.53,11.64,9.17,-3.75,-31.00,-191.00,-73.00
0,-19.66,-23.17,99.63,113.25,245.37,-70.25,11.64,9.17,-3.75,-119.00,-250.00,-84.00
0,-20.20,-23.16,100.11,91.23,246.42,-37.75,11.19,8.92,-3.89,-168.00,-250.00,-49.00
0,-20.37,-22.86,99.79,96.47,244.32,10.49,11.58,9.06,-3.89,-182.00,-172.00,13.00
0,-19.93,-22.85,98.36,94.37,264.24,-15.73,11.56,9.22,-3.75,-140.00,-67.00,52.00
0,-19.65,-22.64,97.76,82.84,266.34,-67.11,11.58,9.17,-3.78,-59.00,26.00,40.00
0,-19.73,-22.23,98.28,93.32,254.80,-58.72,11.64,9.11,-3.72,-7.00,85.00,46.00
0,-19.72,-22.10,98.68,101.71,232.78,-83.89,11.50,8.83,-3.81,18.00,108.00,46.00
0,-19.97,-22.28,99.73,97.52,268.44,0.00,11.64,9.11,-3.72,21.00,110.00,48.00
0,-19.45,-22.22,98.80,109.05,270.53,-17.83,11.58,8.97,-3.67,26.00,85.00,54.00
0,-19.17,-22.28,98.35,126.88,231.74,-80.74,11.64,9.11,-3.78,26.00,28.00,40.00
0,-19.55,-22.86,99.35,94.37,268.44,-15.73,11.53,9.11,-3.64,3.00,-18.00,25.00
0,-19.34,-22.58,98.75,78.64,286.26,1.05,11.53,9.08,-3.75,-19.00,-38.00,12.00
0,-19.04,-22.01,97.93,96.47,268.44,-46.14,11.64,9.00,-3.67,-19.00,-32.00,0.00
0,-19.08,-21.81,98.07,106.95,271.58,-23.07,11.58,9.08,-3.64,-3.00,-19.00,1.00
0,-18.96,-21.81,97.79,93.32,294.65,-29.36,11.64,9.11,-3.75,13.00,-15.00,3.00
0,-18.89,-21.51,97.62,111.15,216.01,-93.32,11.64,9.11,-3.67,14.00,-11.00,2.00
0,-19.42,-21.98,99.12,106.95,276.82,-3.15,11.75,8.94,-3.67,6.00,7.00,3.00
0,-19.07,-21.97,98.36,71.30,264.24,-5.24,11.53,8.81,-3.89,-1.00,25.00,9.00
0,-18.74,-21.37,97.58,103.81,278.92,-24.12,11.64,9.06,-3.72,-2.00,29.00,14.00
0,-18.60,-21.34,97.33,98.57,274.73,-17.83,11.53,8.81,-3.81,3.00,17.00,17.00
0,-18.48,-21.25,96.97,112.20,219.15,-69.21,11.67,8.39,-3.83,-2.00,11.00,15.00
0,-18.82,-21.78,97.88,83.89,242.22,-58.72,11.64,8.97,-3.69,-19.00,14.00,14.00
0,-19.02,-21.51,98.41,95.42,246.42,-98.57,11.75,9.03,-3.78,-21.00,13.00,10.00
0,-19.44,-21.43,99.61,96.47,260.05,-26.21,11.69,9.11,-3.64,-19.00,10.00,8.00
0,-19.23,-21.36,99.19,103.81,283.12,-34.60,11.64,8.97,-3.69,-16.00,6.00,4.00
0,-19.08,-21.27,98.96,115.34,236.98,-80.74,11.64,8.97,-3.69,-13.00,5.00,-2.00
0,-19.33,-21.65,99.83,96.47,282.07,0.00,11.64,8.86,-3.75,-17.00,11.00,-6.00
0,-18.94,-21.46,98.94,119.54,252.71,-60.82,11.64,9.11,-3.64,-16.00,11.00,-7.00
0,-19.00,-21.78,99.31,110.10,246.42,-42.99,11.64,9.06,-3.67,-8.00,2.00,-10.00
0,-18.97,-21.98,99.33,117.44,249.56,-46.14,11.53,8.92,-3.78,-7.00,-8.00,-13.00
0,-18.98,-22.25,99.40,100.66,281.02,-34.60,11.64,9.08,-3.64,-14.00,-18.00,-13.00
0,-18.86,-22.04,99.16,94.37,247.46,-45.09,11.75,9.08,-3.61,-21.00,-18.00,-10.00
0,-18.85,-21.90,99.22,96.47,228.59,-53.48,11.28,8.83,-3.83,-28.00,-15.00,-11.00
0,-18.99,-21.96,99.53,106.95,253.76,-58.72,12.00,8.86,-3.75,-25.00,-12.00,-9.00
0,-19.05,-22.00,99.80,97.52,259.00,-41.94,11.11,8.83,-3.94,-26.00,-9.00,-19.00
0,-19.02,-21.85,99.67,102.76,255.85,-57.67,11.11,8.81,-3.92,-33.00,-1.00,-21.00
0,-19.11,-21.80,99.89,90.18,259.00,-36.70,11.64,9.08,-3.69,-30.00,4.00,-25.00
0,-18.95,-21.53,99.64,103.81,260.05,-28.31,11.64,9.08,-3.64,-27.00,9.00,-23.00
0,-18.72,-21.56,99.26,103.81,260.05,-28.31,11.53,8.69,-3.83,-21.00,12.00,-14.00
0,-18.56,-21.58,98.92,75.50,276.82,0.00,11.64,8.61,-3.81,-17.00,12.00,-9.00
0,-18.20,-21.05,98.03,99.61,255.85,-9.44,11.64,9.08,-3.61,-12.00,11.00,-8.00
0,-17.93,-21.10,97.42,117.44,255.85,3.15,11.08,9.03,-3.61,-11.00,8.00,-2.00
0,-17.64,-21.47,96.64,102.76,269.48,-34.60,11.64,8.97,-3.61,-5.00,8.00,-7.00
0,-17.63,-21.42,96.66,117.44,240.12,-28.31,11.86,8.86,-3.94,-4.00,12.00,-4.00
0,-17.67,-21.89,96.63,101.71,267.39,-32.51,11.75,9.11,-3.61,0.00,13.00,-4.00
0,-17.68,-21.81,96.63,116.39,253.76,-57.67,11.64,8.83,-3.78,3.00,2.00,-3.00
0,-17.94,-22.04,97.17,81.79,283.12,-12.58,11.64,9.22,-3.64,6.00,-2.00,-7.00
0,-17.80,-21.56,96.73,105.91,245.37,-52.43,11.83,8.83,-3.53,-1.00,0.00,-5.00
0,-17.97,-21.74,97.20,111.15,245.37,-14.68,11.75,9.00,-3.64,-16.00,6.00,10.00
0,-17.83,-22.03,96.78,121.63,230.69,-46.14,12.22,8.67,-3.64,-14.00,2.00,7.00
0,-17.99,-22.58,97.20,85.98,261.10,-69.21,11.64,9.06,-3.58,-4.00,-9.00,-16.00
0,-18.28,-22.14,97.88,89.13,282.07,-3.15,12.33,8.78,-3.81,-15.00,-8.00,-18.00
0,-18.06,-21.77,97.19,113.25,270.53,-2.10,11.75,9.06,-3.61,-23.00,-14.00,-11.00
0,-17.84,-21.87,96.56,94.37,275.78,-3.15,11.53,8.78,-3.83,-18.00,-19.00,-10.00
0,-17.71,-21.63,96.00,115.34,253.76,-29.36,11.64,9.17,-3.64,-15.00,-21.00,-6.00
0,-17.79,-21.90,96.01,75.50,291.50,-4.19,11.75,8.67,-3.67,-16.00,-19.00,-4.00
0,-17.67,-21.32,95.52,93.32,273.68,3.15,11.75,9.00,-3.64,-16.00,-13.00,-1.00
0,-17.51,-21.13,94.93,82.84,285.21,-2.10,11.69,9.14,-3.64,-10.00,-11.00,-1.00
0,-17.44,-20.73,94.50,113.25,265.29,-34.60,11.97,8.61,-3.58,-11.00,-14.00,-4.00
0,-17.58,-20.95,94.71,115.34,255.85,-26.21,11.75,9.11,-3.64,-12.00,-13.00,-7.00
0,-17.68,-21.26,94.77,108.00,236.98,-37.75,11.64,9.06,-3.69,-17.00,-7.00,-6.00
0,-17.91,-21.59,95.16,109.05,267.39,-8.39,11.58,9.03,-3.61,-13.00,-8.00,-4.00
0,-17.87,-21.66,94.82,94.37,287.31,-15.73,11.17,8.83,-4.00,-7.00,-13.00,-5.00
0,-17.97,-21.40,94.65,105.91,267.39,-27.26,11.31,8.83,-3.75,-11.00,-14.00,-4.00
0,-18.11,-21.43,94.71,97.52,295.70,-20.97,11.22,8.94,-3.75,-15.00,-10.00,-2.00
0,-18.19,-21.21,94.60,119.54,275.78,-53.48,11.64,9.11,-3.64,-21.00,-3.00,-1.00
0,-18.43,-21.39,95.05,96.47,277.87,6.29,11.11,8.83,-3.92,-16.00,-1.00,-2.00
0,-18.34,-21.23,94.45,116.39,247.46,-14.68,11.53,8.69,-3.81,-13.00,-2.00,1.00
0,-18.43,-21.64,94.34,114.29,270.53,-7.34,11.75,8.47,-3.72,0.00,-39.00,3.00
0,-18.69,-21.74,94.19,138.41,229.64,-50.33,11.53,8.75,-3.75,1.00,-204.00,-12.00
0,-19.89,-22.51,95.15,145.75,257.95,-47.19,11.53,9.03,-3.81,-53.00,-563.00,-35.00
0,-21.82,-22.96,95.84,196.08,198.18,-42.99,11.64,9.06,-3.89,-263.00,-1140.00,20.00
0,-24.26,-24.80,96.62,197.13,207.62,-45.09,11.44,9.08,-4.22,-428.00,-1452.00,86.00
0,-27.71,-26.35,97.36,169.87,229.64,-19.92,11.33,8.81,-4.64,-785.00,-2091.00,214.00
0,-31.62,-27.16,97.56,127.93,246.42,-13.63,11.08,9.03,-4.97,-1003.00,-2539.00,241.00
0,-35.73,-27.12,97.47,131.07,214.96,-47.19,10.97,9.11,-5.19,-1146.00,-2722.00,284.00
0,-39.96,-27.38,98.11,84.93,267.39,-8.39,10.58,9.17,-5.67,-1175.00,-2559.00,267.00
0,-42.95,-26.53,97.42,50.33,295.70,57.67,10.50,9.22,-5.75,-1072.00,-2074.00,289.00
0,-44.29,-25.48,95.65,19.92,321.91,44.04,10.25,9.19,-5.97,-747.00,-1310.00,250.00
0,-45.21,-24.18,94.78,20.97,295.70,1.05,10.19,9.19,-5.97,-303.00,-863.00,94.00
0,-44.88,-22.54,94.15,13.63,319.82,2.10,10.31,9.17,-6.03,-65.00,85.00,1.00
0,-43.21,-21.06,93.80,25.17,331.35,-2.10,10.17,9.22,-6.08,406.00,1004.00,-162.00
0,-40.57,-19.91,93.72,33.55,291.50,-5.24,10.53,9.11,-5.56,743.00,1710.00,-241.00
0,-37.17,-18.62,93.80,72.35,262.14,-35.65,10.64,9.06,-5.42,998.00,2187.00,-264.00
0,-33.65,-18.24,94.64,84.93,277.87,-6.29,11.03,9.08,-4.97,1150.00,2436.00,-258.00
0,-29.81,-18.05,94.89,106.95,242.22,-28.31,10.67,8.78,-5.11,1230.00,2489.00,-291.00
0,-26.41,-18.89,95.50,130.02,239.08,-10.49,11.36,8.92,-4.39,1143.00,2364.00,-42.00
0,-22.95,-19.45,95.81,165.68,254.80,-42.99,11.56,9.08,-4.11,1237.00,2212.00,-523.00
0,-20.52,-20.20,96.64,175.11,219.15,-55.57,11.47,9.03,-4.00,1048.00,1646.00,-420.00
0,-19.24,-21.59,97.55,185.60,232.78,-49.28,11.31,8.83,-4.00,652.00,977.00,-291.00
0,-19.07,-22.69,98.10,171.97,220.20,-46.14,11.39,8.94,-4.11,284.00,187.00,-219.00
0,-20.21,-23.87,98.61,201.33,198.18,-91.23,11.28,8.92,-4.14,-112.00,-646.00,-52.00
0,-22.67,-25.30,99.85,155.19,199.23,-63.96,11.61,8.67,-4.39,-482.00,-1282.00,56.00
0,-25.50,-26.21,100.52,117.44,240.12,-15.73,11.28,9.03,-4.50,-808.00,-1626.00,107.00
0,-27.57,-26.30,99.56,102.76,236.98,-27.26,11.31,9.22,-4.58,-942.00,-1506.00,302.00
0,-29.45,-26.46,98.86,58.72,286.26,-7.34,10.92,9.06,-4.72,-923.00,-1264.00,499.00
0,-30.08,-25.86,97.63,23.07,288.36,33.55,11.33,9.06,-4.81,-654.00,-535.00,542.00
0,-29.07,-24.76,95.87,-1.05,334.50,-10.49,11.44,9.03,-4.67,-134.00,322.00,435.00
0,-27.38,-23.89,95.43,65.01,296.75,-12.58,11.56,8.78,-4.42,350.00,1065.00,271.00
0,-24.98,-23.32,95.14,98.57,281.02,-16.78,11.31,8.67,-4.36,651.00,1527.00,94.00
0,-22.60,-23.15,95.08,123.73,267.39,-37.75,11.75,8.47,-3.75,759.00,1570.00,-37.00
0,-20.74,-23.44,95.41,152.04,204.47,-95.42,11.42,8.50,-3.92,634.00,1271.00,-17.00
0,-20.18,-24.73,97.19,170.92,234.88,-42.99,11.53,8.25,-3.75,456.00,867.00,-14.00
0,-19.67,-25.78,97.39,171.97,202.38,-90.18,11.92,8.67,-3.56,190.00,424.00,0.00
0,-19.91,-27.00,98.69,157.29,226.49,-32.51,11.69,8.39,-3.64,82.00,212.00,-38.00
0,-20.15,-27.65,98.56,156.24,204.47,-91.23,11.75,8.83,-3.58,-125.00,-171.00,-43.00
0,-21.42,-28.17,99.91,138.41,217.06,-25.17,12.33,8.47,-3.69,-229.00,-439.00,-133.00
0,-21.98,-28.33,99.48,96.47,275.78,-19.92,11.75,8.86,-3.64,-328.00,-511.00,-124.00
0,-22.35,-27.41,98.77,94.37,292.55,2.10,11.22,8.97,-3.81,-356.00,-446.00,-51.00
0,-22.48,-26.61,97.80,84.93,286.26,-3.15,11.69,8.86,-3.75,-278.00,-318.00,-42.00
0,-22.39,-25.74,97.01,105.91,250.61,-57.67,11.53,8.67,-3.86,-157.00,-158.00,-27.00
0,-22.64,-25.38,97.53,99.61,273.68,-24.12,11.64,8.89,-3.89,-22.00,-8.00,-55.00
0,-22.45,-24.89,97.25,85.98,288.36,10.49,11.69,9.00,-3.97,8.00,53.00,-37.00
0,-21.91,-24.24,96.41,119.54,251.66,-46.14,11.64,8.78,-3.81,52.00,123.00,-28.00
0,-21.82,-24.31,96.74,113.25,222.30,-49.28,12.17,8.56,-3.72,65.00,145.00,-49.00
0,-21.76,-24.50,97.20,87.03,267.39,-20.97,11.64,8.94,-3.83,34.00,139.00,-50.00
0,-21.49,-23.87,96.85,100.66,273.68,-2.10,11.86,8.39,-3.72,4.00,98.00,-49.00
0,-21.12,-23.48,96.18,89.13,264.24,-14.68,11.64,8.97,-3.83,-15.00,52.00,-82.00
0,-20.97,-22.93,95.78,89.13,265.29,-17.83,11.86,8.67,-3.61,-44.00,16.00,-86.00
0,-20.85,-22.45,95.49,110.10,249.56,-23.07,11.69,9.06,-3.64,-55.00,-5.00,-66.00
0,-20.85,-22.52,95.38,108.00,267.39,-44.04,11.67,8.75,-3.78,-48.00,-21.00,-56.00
0,-21.04,-22.39,95.70,109.05,230.69,-99.61,11.61,8.56,-3.92,-18.00,-44.00,-60.00
0,-21.78,-22.53,97.37,115.34,249.56,-35.65,11.64,8.33,-3.72,-5.00,-52.00,-45.00
0,-21.85,-22.71,97.44,108.00,238.03,-63.96,11.58,9.00,-3.78,1.00,-49.00,-32.00
0,-22.14,-22.79,98.19,85.98,256.90,-39.85,11.64,9.11,-3.83,5.00,-46.00,-32.00
0,-22.17,-22.33,98.27,92.27,256.90,-36.70,11.58,9.08,-3.75,13.00,-45.00,-34.00
0,-22.15,-22.04,98.26,70.25,276.82,-1.05,11.53,8.92,-3.81,8.00,-48.00,-29.00
0,-21.85,-21.33,97.51,93.32,254.80,-40.89,11.75,9.17,-3.78,8.00,-49.00,-25.00
0,-21.88,-21.17,97.66,92.27,272.63,-13.63,11.53,8.81,-3.94,-2.00,-43.00,-24.00
0,-21.71,-20.95,97.18,115.34,218.10,-71.30,11.69,9.06,-3.86,-19.00,-29.00,-14.00
0,-22.04,-21.54,98.15,104.86,265.29,-27.26,11.64,9.06,-3.86,-17.00,-28.00,-14.00
0,-21.93,-21.52,97.90,126.88,223.35,-29.36,11.64,9.11,-3.83,-13.00,-24.00,-23.00
0,-21.85,-22.29,97.82,119.54,260.05,-78.64,11.64,9.11,-3.75,-20.00,-13.00,-22.00
0,-22.05,-22.43,98.51,120.59,230.69,-35.65,11.64,9.11,-3.89,-23.00,-2.00,-21.00
0,-21.99,-22.93,98.48,104.86,262.14,-19.92,11.64,9.06,-3.81,-22.00,2.00,-17.00
0,-21.75,-22.84,98.04,115.34,247.46,-2.10,11.53,9.03,-3.81,-18.00,1.00,-12.00
0,-21.40,-23.08,97.26,98.57,291.50,-31.46,11.58,9.14,-3.64,-17.00,1.00,-10.00
0,-21.28,-22.73,97.12,83.89,284.16,-14.68,11.64,9.11,-3.75,-15.00,1.00,-17.00
0,-21.09,-22.20,96.70,105.91,226.49,-52.43,11.64,9.11,-3.69,-18.00,1.00,-17.00
0,-21.27,-22.43,97.24,81.79,245.37,-73.40,11.53,9.03,-3.86,-17.00,0.00,-21.00
0,-21.62,-21.98,98.15,103.81,286.26,-27.26,11.58,9.17,-3.69,-16.00,-5.00,-23.00
0,-21.48,-21.80,97.89,92.27,252.71,-31.46,11.64,9.06,-3.81,-12.00,-10.00,-27.00
0,-21.39,-21.60,97.77,88.08,256.90,-37.75,11.58,9.08,-3.83,-15.00,-12.00,-30.00
0,-21.37,-21.31,97.78,102.76,256.90,-26.21,11.61,9.17,-3.78,-17.00,-11.00,-26.00
0,-21.25,-21.34,97.54,95.42,255.85,-26.21,11.64,9.11,-3.75,-20.00,-12.00,-20.00
0,-21.13,-21.25,97.33,114.29,250.61,-58.72,11.61,9.22,-3.78,-16.00,-13.00,-18.00
0,-21.27,-21.50,97.83,90.18,257.95,-7.34,11.11,8.92,-4.00,-15.00,-8.00,-21.00
0,-21.05,-21.30,97.17,99.61,270.53,-5.24,11.53,9.03,-3.81,-15.00,-4.00,-16.00
0,-20.80,-21.22,96.57,122.68,251.66,-49.28,11.64,8.47,-3.86,-13.00,-2.00,-14.00
0,-20.92,-21.63,96.94,88.08,267.39,-35.65,11.97,8.64,-3.83,-7.00,-5.00,-13.00
0,-20.90,-21.32,96.97,95.42,253.76,-47.19,11.61,9.08,-3.83,-3.00,-6.00,-7.00
0,-21.01,-21.24,97.29,109.05,241.17,-30.41,11.64,9.11,-3.75,-5.00,-6.00,-4.00
0,-20.97,-21.55,97.25,117.44,264.24,-45.09,11.11,8.86,-4.00,-5.00,-8.00,-3.00
0,-21.06,-21.75,97.43,91.23,273.68,-22.02,11.64,9.11,-3.75,-7.00,-7.00,-9.00
0,-20.92,-21.46,97.13,89.13,274.73,-32.51,11.64,9.17,-3.75,-11.00,-7.00,-16.00
0,-20.86,-21.14,97.06,89.13,274.73,-32.51,11.64,9.17,-3.78,-12.00,-9.00,-18.00
0,-20.82,-20.84,96.99,95.42,268.44,-45.09,11.64,9.11,-3.69,-11.00,-8.00,-25.00
0,-20.84,-20.71,97.17,120.59,234.88,-61.87,11.53,9.03,-3.83,-17.00,-3.00,-12.00
0,-21.06,-21.30,97.84,121.63,241.17,-68.16,11.53,8.97,-3.75,-16.00,0.00,-9.00
0,-21.27,-21.77,98.52,97.52,262.14,-33.55,11.64,8.44,-3.78,-12.00,2.00,-3.00
0,-21.16,-21.65,98.37,73.40,287.31,5.24,11.86,8.64,-3.69,-8.00,1.00,-4.00
0,-20.75,-21.07,97.50,117.44,245.37,-66.06,12.11,8.64,-3.83,-10.00,-3.00,-5.00
0,-20.94,-21.45,98.16,109.05,274.73,-27.26,11.64,9.06,-3.83,-13.00,-9.00,-8.00
0,-20.84,-21.46,97.90,102.76,230.69,-61.87,11.64,9.19,-3.69,-20.00,-21.00,-17.00
0,-21.06,-21.66,98.56,102.76,247.46,-8.39,11.58,9.08,-3.83,-29.00,-37.00,-13.00
0,-20.85,-21.76,97.88,112.20,240.12,-14.68,11.58,9.11,-3.89,-18.00,-55.00,-7.00
0,-20.71,-22.10,97.42,103.81,266.34,-5.24,11.53,9.03,-3.75,-23.00,-57.00,-7.00
0,-20.52,-22.06,96.80,94.37,278.92,-32.51,11.89,8.78,-3.86,-31.00,-56.00,6.00
0,-20.57,-21.77,96.76,90.18,273.68,-5.24,11.64,9.11,-3.86,-27.00,-57.00,-7.00
0,-20.44,-21.45,96.21,94.37,286.26,3.15,12.08,8.50,-4.03,-20.00,-53.00,-18.00
0,-20.27,-21.19,95.60,100.66,256.90,-39.85,11.53,8.89,-3.89,-19.00,-32.00,-20.00
0,-20.41,-21.19,95.86,77.59,271.58,-26.21,11.69,9.22,-3.92,-17.00,-16.00,-16.00
0,-20.43,-20.72,95.78,96.47,257.95,-20.97,11.53,9.06,-3.89,-13.00,-9.00,-7.00
0,-20.41,-20.72,95.63,118.49,229.64,-32.51,11.56,8.86,-3.83,-12.00,-3.00,1.00
0,-20.48,-21.39,95.81,95.42,269.48,-24.12,11.64,9.17,-3.75,-19.00,9.00,5.00
0,-20.42,-21.25,95.68,115.34,234.88,-14.68,11.31,8.78,-3.86,-19.00,20.00,6.00
0,-20.34,-21.78,95.41,90.18,256.90,-9.44,11.64,9.11,-3.69,-14.00,20.00,7.00
0,-20.20,-21.58,95.06,105.91,249.56,-31.46,11.86,8.72,-3.97,1.00,-2.00,5.00
0,-20.39,-21.71,95.26,122.68,266.34,-20.97,11.64,9.11,-3.83,0.00,-53.00,-4.00
0,-20.72,-21.94,95.28,161.48,204.47,-71.30,11.53,8.72,-3.94,-14.00,-225.00,-17.00
0,-22.13,-23.34,96.67,182.45,212.86,-70.25,11.56,9.08,-3.94,-101.00,-609.00,-21.00
0,-24.36,-24.70,97.88,202.38,213.91,-63.96,11.67,8.86,-4.31,-305.00,-1211.00,96.00
0,-27.55,-26.09,98.83,198.18,195.04,-44.04,11.31,8.97,-4.47,-650.00,-1880.00,239.00
0,-31.48,-27.73,99.55,116.39,224.40,-3.15,11.08,8.56,-5.11,-954.00,-2415.00,321.00
0,-35.21,-27.60,99.06,109.05,248.51,38.80,10.97,9.19,-5.14,-1128.00,-2601.00,304.00
0,-38.36,-27.26,97.47,75.50,253.76,7.34,10.97,8.86,-5.69,-1162.00,-2539.00,275.00
0,-41.28,-26.29,96.41,50.33,247.46,-7.34,10.53,9.11,-5.69,-1106.00,-2155.00,281.00
0,-43.30,-25.17,95.71,13.63,333.45,59.77,10.47,9.22,-5.83,-822.00,-1418.00,275.00
0,-43.63,-24.13,94.56,-1.05,328.20,8.39,10.53,9.28,-5.92,-351.00,-479.00,111.00
0,-42.63,-22.62,94.02,-5.24,317.72,5.24,10.47,9.31,-5.69,159.00,529.00,-76.00
0,-40.27,-20.79,93.67,22.02,287.31,-8.39,10.58,9.25,-5.67,592.00,1451.00,-253.00
0,-36.90,-19.10,93.63,39.85,315.62,0.00,10.33,8.86,-5.67,899.00,2206.00,-322.00
0,-32.81,-18.03,93.66,72.35,279.97,-23.07,10.97,9.31,-4.97,1135.00,2735.00,-359.00
0,-28.51,-17.50,94.15,90.18,261.10,-34.60,11.03,9.00,-4.78,1229.00,2917.00,-379.00
0,-24.12,-17.80,94.82,127.93,241.17,-68.16,11.58,9.08,-4.14,1257.00,3064.00,-153.00
0,-20.05,-18.51,96.43,155.19,262.14,-68.16,11.22,9.00,-3.97,1483.00,2925.00,-477.00
0,-16.49,-19.28,97.54,155.19,248.51,-22.02,11.69,8.72,-3.53,1308.00,2535.00,-418.00
0,-13.49,-20.30,97.76,164.63,256.90,-42.99,11.22,8.97,-3.33,1050.00,1951.00,-338.00
0,-11.65,-21.06,98.17,181.40,230.69,-37.75,11.75,9.33,-2.97,723.00,1259.00,-321.00
0,-10.89,-22.39,98.35,205.52,212.86,-92.27,11.31,9.06,-2.97,313.00,511.00,-160.00
0,-11.71,-23.89,99.33,203.42,191.89,-69.21,11.64,9.33,-2.89,-77.00,-278.00,34.00
0,-13.02,-25.69,100.16,185.60,192.94,-135.27,11.64,9.36,-2.97,-229.00,-653.00,36.00
0,-15.82,-26.73,102.03,174.06,224.40,-78.64,11.75,9.31,-3.22,-574.00,-1319.00,152.00
0,-18.86,-27.33,102.64,155.19,228.59,-28.31,11.58,9.19,-3.47,-887.00,-1813.00,212.00
0,-21.87,-27.87,102.16,139.46,238.03,-30.41,11.58,9.31,-3.81,-1102.00,-2110.00,357.00
0,-25.16,-28.10,101.70,101.71,239.08,-40.89,11.53,9.08,-4.08,-1215.00,-2265.00,448.00
0,-28.35,-27.58,101.35,102.76,264.24,-24.12,11.42,9.11,-4.36,-1216.00,-2133.00,415.00
0,-30.52,-27.10,100.44,60.82,310.38,26.21,11.25,8.92,-4.64,-1039.00,-1590.00,343.00
0,-31.32,-26.24,98.99,38.80,310.38,-4.19,11.42,9.33,-4.67,-625.00,-882.00,275.00
0,-31.77,-25.08,98.11,34.60,316.67,-34.60,11.19,9.08,-4.75,-385.00,-524.00,216.00
0,-31.36,-23.91,97.91,30.41,303.04,-17.83,11.19,9.11,-4.72,65.00,200.00,34.00
0,-29.88,-22.50,97.56,38.80,290.46,6.29,11.67,8.67,-4.56,395.00,832.00,-118.00
0,-27.69,-21.22,96.89,128.97,242.22,-27.26,11.47,9.11,-4.36,582.00,1171.00,-168.00
0,-25.84,-21.93,97.04,114.29,263.19,-16.78,11.50,9.06,-4.19,635.00,1159.00,-115.00
0,-24.24,-22.07,96.97,142.61,240.12,-39.85,11.22,8.89,-4.22,563.00,923.00,-130.00
0,-23.36,-22.94,97.31,128.97,257.95,-38.80,11.56,8.69,-4.19,381.00,628.00,-31.00
0,-22.93,-23.29,97.54,134.22,212.86,-104.86,11.86,8.36,-4.14,236.00,295.00,-27.00
0,-23.36,-23.94,99.37,142.61,204.47,-71.30,11.42,8.81,-4.14,173.00,133.00,-76.00
0,-23.86,-24.80,100.31,116.39,235.93,-42.99,11.44,9.03,-4.11,10.00,-109.00,-77.00
0,-24.08,-24.81,100.28,96.47,272.63,8.39,11.47,9.03,-4.03,-94.00,-201.00,-57.00
0,-23.75,-24.33,99.06,99.61,262.14,-60.82,11.47,8.81,-4.19,-130.00,-160.00,-27.00
0,-23.93,-23.99,99.30,93.32,272.63,-9.44,11.53,9.17,-4.11,-99.00,-55.00,5.00
0,-23.46,-23.61,98.49,80.74,268.44,-42.99,11.47,9.06,-3.97,-31.00,91.00,10.00
0,-23.10,-23.08,98.45,92.27,247.46,-62.91,11.58,8.94,-4.08,31.00,203.00,37.00
0,-22.90,-22.92,98.95,113.25,265.29,6.29,11.64,9.00,-3.92,72.00,266.00,46.00
0,-22.06,-23.12,97.95,123.73,238.03,-32.51,11.58,9.00,-3.89,78.00,274.00,50.00
0,-21.60,-23.61,97.88,92.27,275.78,-27.26,11.50,9.03,-4.03,92.00,251.00,6.00
0,-21.19,-23.18,97.64,109.05,265.29,5.24,11.64,9.06,-3.89,79.00,206.00,-30.00
0,-20.60,-23.16,96.77,94.37,253.76,-24.12,11.61,9.17,-3.92,44.00,159.00,-16.00
0,-20.36,-22.90,96.56,118.49,265.29,-30.41,11.64,9.17,-3.81,17.00,120.00,-16.00
0,-20.23,-22.99,96.48,135.27,251.66,-59.77,11.06,8.61,-4.14,6.00,83.00,-32.00
0,-20.48,-23.38,97.01,91.23,274.73,-17.83,11.86,8.56,-3.89,-1.00,41.00,-48.00
0,-20.35,-22.89,96.65,113.25,232.78,-28.31,11.64,8.72,-3.86,-16.00,1.00,-49.00
0,-20.38,-23.15,96.60,94.37,261.10,-22.02,11.53,9.03,-3.83,-36.00,-13.00,-37.00
0,-20.33,-22.82,96.34,99.61,233.83,-93.32,11.58,8.83,-3.75,-40.00,-7.00,-32.00
0,-20.93,-22.76,97.80,102.76,266.34,-17.83,11.22,9.06,-3.89,-26.00,-15.00,-23.00
0,-20.85,-22.60,97.40,110.10,254.80,5.24,11.69,8.69,-3.94,-11.00,-20.00,-23.00
0,-20.53,-22.69,96.54,111.15,260.05,-20.97,11.53,8.72,-3.81,-19.00,-15.00,-19.00
0,-20.47,-22.72,96.32,105.91,225.44,-71.30,11.97,9.17,-3.86,-16.00,-22.00,-25.00
0,-20.96,-22.89,97.39,105.91,254.80,-19.92,11.64,9.17,-3.78,-18.00,-53.00,-12.00
0,-20.95,-22.88,97.08,119.54,219.15,-68.16,11.47,8.81,-3.69,-25.00,-74.00,3.00
0,-21.39,-23.40,98.01,108.00,256.90,-66.06,11.75,8.50,-3.94,-38.00,-65.00,14.00
0,-21.66,-23.36,98.50,88.08,290.46,-8.39,11.78,8.83,-3.92,-62.00,-37.00,29.00
0,-21.44,-22.89,97.87,91.23,291.50,-13.63,11.53,9.03,-3.81,-37.00,-27.00,17.00
0,-21.23,-22.47,97.41,110.10,241.17,-73.40,11.61,8.94,-4.00,-5.00,-10.00,-5.00
0,-21.53,-22.64,98.28,109.05,264.24,-57.67,11.64,9.11,-3.89,-4.00,19.00,-1.00
0,-21.58,-22.61,98.59,105.91,253.76,-52.43,11.69,8.61,-4.06,5.00,35.00,-3.00
0,-21.62,-22.60,98.87,95.42,286.26,3.15,11.64,9.06,-3.75,19.00,26.00,-7.00
0,-21.21,-22.31,98.05,115.34,271.58,-35.65,11.50,8.39,-3.78,12.00,12.00,2.00
0,-21.12,-22.39,97.98,83.89,278.92,10.49,11.50,8.92,-3.83,7.00,4.00,6.00
0,-20.74,-21.95,97.04,108.00,257.95,-42.99,11.00,8.97,-3.83,-2.00,-11.00,2.00
0,-20.84,-22.01,97.23,111.15,268.44,-14.68,11.64,9.08,-3.83,-12.00,-17.00,-4.00
0,-20.70,-22.07,96.82,123.73,247.46,-18.87,11.56,8.72,-3.94,-14.00,-17.00,-11.00
0,-20.63,-22.49,96.57,93.32,282.07,4.19,11.64,9.06,-3.83,-6.00,-20.00,-17.00
0,-20.40,-22.15,95.90,119.54,247.46,-36.70,11.31,9.22,-3.75,-2.00,-22.00,-19.00
0,-20.52,-22.47,96.11,96.47,259.00,-22.02,11.53,8.83,-3.92,-4.00,-18.00,-19.00
0,-20.51,-22.27,95.96,92.27,279.97,-2.10,11.58,9.08,-3.89,-7.00,-12.00,-18.00
0,-20.36,-21.93,95.43,111.15,238.03,-69.21,11.06,8.92,-3.97,-6.00,-12.00,-16.00
0,-20.84,-22.19,96.45,93.32,288.36,-17.83,11.64,9.11,-3.78,-2.00,-14.00,-14.00
0,-20.77,-21.85,96.18,117.44,246.42,-15.73,11.25,8.89,-4.00,-3.00,-15.00,-12.00
0,-20.74,-22.21,95.91,110.10,244.32,-35.65,11.61,9.06,-3.83,-4.00,-15.00,-12.00
0,-20.84,-22.39,96.12,112.20,256.90,-32.51,11.47,9.03,-3.97,-2.00,-14.00,-15.00
0,-20.93,-22.50,96.19,90.18,257.95,-34.60,11.53,8.81,-3.94,-4.00,-15.00,-14.00
0,-21.02,-22.17,96.31,118.49,252.71,-33.55,11.28,8.97,-3.89,1.00,-15.00,-15.00
0,-21.11,-22.45,96.41,93.32,246.42,-65.01,11.50,8.92,-4.06,0.00,-14.00,-9.00
0,-21.48,-22.25,97.22,111.15,247.46,-41.94,11.64,8.83,-4.00,4.00,-14.00,-3.00
0,-21.58,-22.44,97.43,108.00,253.76,-48.23,11.50,8.81,-3.97,2.00,-9.00,-3.00
0,-21.68,-22.49,97.71,95.42,263.19,-20.97,11.58,9.06,-3.89,-5.00,5.00,2.00
0,-21.52,-22.27,97.37,102.76,251.66,-13.63,11.64,9.06,-3.78,-2.00,4.00,-7.00
0,-21.29,-22.27,96.93,89.13,267.39,-50.33,11.11,8.86,-4.11,1.00,2.00,-14.00
0,-21.44,-21.91,97.23,116.39,234.88,-59.77,11.61,9.06,-3.89,-6.00,9.00,-10.00
0,-21.66,-22.32,97.87,115.34,274.73,-30.41,11.58,8.97,-3.89,-8.00,10.00,-4.00
0,-21.56,-22.38,97.71,115.34,274.73,-30.41,11.50,8.72,-4.03,-1.00,8.00,3.00
0,-21.49,-22.44,97.56,135.27,210.76,-26.21,11.64,9.11,-3.86,3.00,4.00,7.00
0,-21.42,-23.39,97.50,100.66,281.02,-26.21,11.53,8.81,-3.97,4.00,1.00,8.00
0,-21.33,-23.12,97.29,74.45,256.90,-14.68,11.64,9.11,-3.89,3.00,0.00,9.00
0,-21.15,-22.46,96.84,90.18,295.70,-6.29,11.31,8.89,-3.94,-1.00,-1.00,9.00
0,-20.99,-22.08,96.36,74.45,275.78,-9.44,11.50,8.81,-3.94,-6.00,1.00,6.00
0,-20.85,-21.48,95.92,87.03,281.02,-13.63,11.53,8.81,-4.08,4.00,-5.00,5.00
0,-20.78,-21.15,95.61,104.86,260.05,-1.05,11.53,8.97,-3.94,-2.00,0.00,7.00
0,-20.60,-21.28,95.06,108.00,247.46,-18.87,11.56,9.00,-3.89,-11.00,8.00,15.00
0,-20.59,-21.53,94.95,112.20,241.17,-33.55,11.58,9.08,-3.83,-3.00,-1.00,2.00
0,-20.72,-21.87,95.21,98.57,278.92,-19.92,11.64,8.94,-3.89,-3.00,-1.00,-5.00
0,-20.70,-21.67,95.07,102.76,227.54,-69.21,11.53,8.92,-3.81,-10.00,1.00,-11.00
0,-21.14,-21.88,96.16,106.95,261.10,5.24,11.64,9.11,-3.86,-15.00,3.00,-12.00
0,-20.89,-21.95,95.43,111.15,243.27,-36.70,11.11,8.86,-4.11,-17.00,4.00,-8.00
0,-21.07,-22.21,95.70,114.29,232.78,-26.21,11.61,9.11,-3.83,-8.00,-1.00,-3.00
0,-21.11,-22.62,95.73,102.76,267.39,-14.68,11.64,9.17,-3.89,-5.00,-2.00,0.00
0,-21.01,-22.50,95.45,91.23,292.55,-8.39,11.64,9.08,-3.86,-7.00,7.00,2.00
0,-20.89,-22.12,95.10,111.15,243.27,-69.21,11.53,9.03,-3.81,-4.00,14.00,3.00
0,-21.26,-22.35,96.08,116.39,242.22,-28.31,11.64,9.08,-3.86,3.00,23.00,5.00
0,-21.33,-22.70,96.15,113.25,292.55,-27.26,11.69,8.67,-3.94,22.00,-21.00,12.00
0,-21.60,-22.56,96.21,123.73,250.61,-52.43,11.06,8.97,-3.97,24.00,-200.00,-10.00
0,-22.62,-22.84,96.86,161.48,250.61,-34.60,11.53,8.92,-4.06,-93.00,-517.00,26.00
0,-24.25,-23.58,97.15,184.55,232.78,-82.84,11.53,8.97,-4.17,-284.00,-1050.00,62.00
0,-27.22,-24.54,98.35,184.55,245.37,-39.85,11.47,9.00,-4.44,-517.00,-1730.00,164.00
0,-30.86,-25.42,98.80,178.26,220.20,-38.80,11.22,8.69,-4.81,-825.00,-2351.00,311.00
0,-35.14,-26.53,99.37,162.53,235.93,-11.53,10.97,9.08,-5.19,-1024.00,-2745.00,371.00
0,-39.28,-27.15,99.29,111.15,265.29,20.97,10.86,9.08,-5.61,-1094.00,-2827.00,354.00
0,-42.93,-26.80,98.28,95.42,256.90,-8.39,10.50,8.86,-5.94,-1184.00,-2731.00,372.00
0,-46.18,-26.28,97.66,40.89,330.30,42.99,10.50,9.14,-6.11,-1094.00,-2282.00,355.00
0,-48.02,-25.39,96.62,22.02,303.04,68.16,10.08,8.53,-6.42,-764.00,-1484.00,259.00
0,-48.07,-23.99,94.86,15.73,317.72,15.73,9.94,8.92,-6.42,-337.00,-487.00,86.00
0,-46.98,-22.47,94.15,-3.15,313.52,-33.55,10.33,9.22,-6.19,170.00,548.00,-109.00
0,-44.83,-20.61,94.34,23.07,338.69,32.51,10.19,9.03,-6.25,583.00,1415.00,-285.00
0,-41.56,-19.52,93.88,42.99,287.31,12.58,10.56,9.14,-5.97,823.00,2046.00,-322.00
0,-37.91,-18.32,93.57,57.67,295.70,23.07,10.83,9.11,-5.56,984.00,2290.00,-325.00
0,-33.81,-17.51,93.16,96.47,249.56,-29.36,10.86,8.78,-5.33,1041.00,2597.00,-320.00
0,-30.11,-17.69,93.94,130.02,292.55,-7.34,11.19,9.03,-4.83,1157.00,2559.00,-314.00
0,-26.83,-18.28,94.25,147.85,255.85,-30.41,11.39,9.22,-4.58,1082.00,2177.00,-72.00
0,-24.50,-18.79,95.12,174.06,236.98,-18.87,11.17,8.81,-4.53,1055.00,1577.00,-497.00
0,-23.35,-20.13,95.44,220.20,222.30,-78.64,11.39,8.56,-4.31,575.00,772.00,-200.00
0,-23.82,-21.56,96.40,201.33,207.62,-56.62,11.31,8.69,-4.36,127.00,-152.00,-82.00
0,-25.59,-23.06,97.12,208.67,188.74,-88.08,10.94,8.78,-4.75,-328.00,-1030.00,-133.00
0,-28.17,-24.92,98.30,169.87,180.36,-37.75,11.28,9.11,-4.72,-603.00,-1329.00,135.00
0,-30.77,-26.49,98.29,116.39,224.40,-23.07,10.86,8.92,-4.83,-975.00,-1602.00,213.00
0,-32.75,-26.90,97.47,50.33,294.65,12.58,11.31,9.19,-4.86,-1081.00,-1299.00,389.00
0,-32.99,-26.24,95.82,-20.97,355.47,31.46,11.08,8.64,-4.92,-732.00,-383.00,542.00
0,-31.97,-25.98,94.92,-15.73,368.05,9.44,11.28,8.92,-4.86,-43.00,572.00,510.00
0,-29.82,-25.64,94.59,23.07,340.79,11.53,11.39,8.92,-4.72,573.00,1368.00,154.00
0,-26.89,-24.52,94.30,71.30,290.46,-29.36,11.58,8.75,-4.36,924.00,1828.00,-168.00
0,-23.91,-23.58,94.45,94.37,274.73,-6.29,11.64,8.92,-4.25,920.00,2007.00,-211.00
0,-20.81,-23.30,94.05,121.63,271.58,6.29,11.97,8.36,-3.72,816.00,2015.00,-71.00
0,-18.00,-23.29,93.69,133.17,220.20,-57.67,11.75,8.50,-3.53,839.00,1734.00,-190.00
0,-16.33,-24.03,94.75,168.82,234.88,-72.35,11.39,8.72,-3.44,662.00,1405.00,-146.00
0,-15.34,-24.96,95.67,153.09,226.49,-29.36,11.33,8.33,-3.22,459.00,970.00,-103.00
0,-14.65,-25.74,95.75,159.38,251.66,-51.38,11.97,8.92,-3.06,234.00,535.00,-129.00
0,-14.67,-26.21,96.10,145.75,248.51,-26.21,11.78,8.33,-3.19,19.00,133.00,-63.00
0,-15.00,-26.47,96.02,136.31,257.95,-35.65,11.92,8.92,-3.11,-109.00,-178.00,-74.00
0,-15.67,-26.45,96.11,150.99,238.03,-84.93,11.92,8.94,-3.11,-205.00,-368.00,-70.00
0,-16.90,-26.75,97.19,123.73,251.66,-34.60,11.86,9.06,-3.19,-230.00,-453.00,-60.00
0,-17.77,-26.51,97.25,89.13,255.85,-10.49,11.75,8.94,-3.25,-244.00,-547.00,-79.00
0,-18.34,-25.64,96.70,105.91,261.10,-55.57,11.86,9.03,-3.36,-251.00,-526.00,-71.00
0,-19.26,-25.23,97.15,115.34,248.51,8.39,11.75,9.06,-3.44,-231.00,-470.00,-4.00
0,-19.51,-25.12,96.28,103.81,270.53,-28.31,11.75,9.00,-3.50,-158.00,-422.00,-46.00
0,-20.00,-24.61,96.28,95.42,254.80,4.19,11.75,9.00,-3.61,-115.00,-351.00,-84.00
0,-20.05,-24.10,95.50,102.76,247.46,-47.19,11.69,9.11,-3.58,-115.00,-230.00,-85.00
0,-20.46,-23.86,95.93,104.86,236.98,-72.35,11.64,9.08,-3.69,-101.00,-137.00,-56.00
0,-21.04,-23.75,96.96,93.32,265.29,-18.87,11.64,9.11,-3.67,-65.00,-82.00,-48.00
0,-21.00,-23.29,96.61,94.37,284.16,6.29,11.53,8.92,-3.75,-50.00,-57.00,-52.00
0,-20.73,-22.84,95.86,91.23,239.08,-57.67,11.11,8.86,-3.94,-30.00,-12.00,-56.00
0,-21.06,-22.56,96.60,92.27,271.58,4.19,11.64,9.17,-3.56,-12.00,16.00,-51.00
0,-20.71,-22.21,95.85,110.10,248.51,-61.87,11.64,9.11,-3.64,-3.00,26.00,-36.00
0,-20.94,-22.32,96.58,89.13,282.07,-15.73,11.64,9.22,-3.58,6.00,16.00,-29.00
0,-20.78,-21.88,96.26,112.20,272.63,-7.34,11.81,8.72,-3.72,6.00,-3.00,-39.00
0,-20.61,-21.90,95.82,103.81,266.34,-19.92,11.64,9.03,-3.64,-10.00,-18.00,-42.00
0,-20.55,-21.79,95.63,103.81,243.27,-54.53,11.64,9.11,-3.61,-18.00,-24.00,-49.00
0,-20.81,-21.84,96.27,85.98,264.24,-30.41,11.69,9.17,-3.56,-20.00,-27.00,-49.00
0,-20.81,-21.44,96.25,103.81,214.96,-100.66,11.75,9.06,-3.64,-24.00,-27.00,-42.00
0,-21.46,-21.72,98.00,87.03,268.44,-24.12,11.86,8.72,-3.64,-28.00,-23.00,-31.00
0,-21.30,-21.36,97.66,93.32,268.44,-45.09,11.58,9.06,-3.64,-28.00,-14.00,-23.00
0,-21.27,-21.15,97.77,115.34,270.53,-61.87,11.64,9.03,-3.50,-30.00,-3.00,-17.00
0,-21.30,-21.28,98.11,123.73,211.81,-65.01,11.64,9.25,-3.58,-34.00,8.00,-14.00
0,-21.46,-22.04,98.80,100.66,246.42,-25.17,11.53,9.14,-3.69,-35.00,10.00,-14.00
0,-21.24,-22.06,98.42,105.91,226.49,-76.55,11.31,9.00,-3.75,-34.00,9.00,-19.00
0,-21.53,-22.28,99.36,82.84,278.92,-20.97,11.61,9.11,-3.61,-38.00,9.00,-16.00
0,-21.24,-21.79,98.83,90.18,279.97,0.00,11.53,9.08,-3.53,-28.00,2.00,-14.00
0,-20.81,-21.48,97.98,94.37,275.78,-12.58,11.31,8.94,-3.72,-31.00,2.00,-7.00
0,-20.56,-21.29,97.42,85.98,298.84,-5.24,11.50,8.92,-3.75,-35.00,5.00,0.00
0,-20.32,-20.91,96.85,105.91,256.90,-15.73,11.64,9.22,-3.58,-29.00,0.00,-9.00
0,-20.13,-21.06,96.47,109.05,231.74,-80.74,11.69,8.89,-3.69,-26.00,1.00,-13.00
0,-20.52,-21.39,97.64,91.23,284.16,2.10,11.64,9.25,-3.61,-25.00,5.00,-18.00
0,-20.21,-21.11,96.89,104.86,259.00,-55.57,11.61,9.11,-3.64,-18.00,3.00,-20.00
0,-20.31,-21.16,97.31,95.42,270.53,-35.65,11.11,9.03,-3.78,-16.00,1.00,-18.00
0,-20.31,-21.00,97.29,96.47,238.03,-93.32,11.64,9.11,-3.44,-14.00,-4.00,-10.00
0,-20.72,-21.04,98.61,85.98,291.50,-9.44,11.64,9.11,-3.58,-13.00,-8.00,-5.00
0,-20.45,-20.70,98.01,110.10,283.12,-22.02,11.31,9.11,-3.56,-14.00,-9.00,-3.00
0,-20.26,-20.76,97.69,101.71,265.29,-35.65,11.58,9.06,-3.56,-10.00,-8.00,-4.00
0,-20.18,-20.78,97.66,95.42,253.76,-31.46,11.56,8.61,-3.39,-4.00,-9.00,-5.00
0,-20.07,-20.76,97.58,109.05,226.49,-72.35,11.50,8.92,-3.67,-1.00,-16.00,-8.00
0,-20.41,-21.20,98.56,106.95,249.56,-73.40,11.64,9.14,-3.58,-1.00,-24.00,-9.00
0,-20.63,-21.33,99.28,80.74,283.12,2.10,11.64,9.17,-3.56,-1.00,-28.00,-8.00
0,-20.24,-20.89,98.40,116.39,257.95,-42.99,11.58,9.19,-3.58,-6.00,-28.00,-7.00
0,-20.19,-21.19,98.46,89.13,292.55,-3.15,11.53,9.11,-3.53,-9.00,-22.00,-5.00
0,-19.88,-20.88,97.80,99.61,261.10,-16.78,11.58,9.03,-3.64,-6.00,-17.00,-5.00
0,-19.68,-20.90,97.38,99.61,249.56,-57.67,11.53,8.89,-3.78,-4.00,-13.00,-4.00
0,-19.85,-20.96,97.90,116.39,264.24,-40.89,11.31,9.22,-3.75,-4.00,-8.00,-4.00
0,-19.86,-21.21,97.95,98.57,242.22,-59.77,11.64,9.25,-3.47,-5.00,-7.00,-6.00
0,-19.99,-21.27,98.50,104.86,261.10,-26.21,11.97,8.89,-3.78,-7.00,-9.00,-9.00
0,-19.85,-21.33,98.22,118.49,265.29,-51.38,11.97,8.69,-3.61,-5.00,-10.00,-10.00
0,-19.86,-21.55,98.42,112.20,246.42,-62.91,11.42,8.89,-3.81,-7.00,-16.00,-6.00
0,-20.05,-21.78,98.95,108.00,252.71,-42.99,11.47,8.92,-3.78,-6.00,-16.00,-9.00
0,-20.05,-21.90,98.99,106.95,251.66,-44.04,11.89,8.56,-3.69,-10.00,-18.00,-4.00
0,-20.02,-22.00,99.05,114.29,249.56,-38.80,11.64,9.11,-3.56,-8.00,-18.00,-2.00
0,-19.92,-22.24,98.99,97.52,262.14,-15.73,12.11,8.86,-3.58,-11.00,-11.00,-7.00
0,-19.61,-22.09,98.41,105.91,239.08,-28.31,11.11,9.11,-3.92,-17.00,-4.00,-11.00
0,-19.55,-22.26,98.21,81.79,271.58,-23.07,11.08,8.97,-3.56,-8.00,-6.00,-20.00
0,-19.39,-21.75,97.86,87.03,278.92,-22.02,11.58,9.11,-3.61,-6.00,-7.00,-20.00
0,-19.22,-21.37,97.52,100.66,274.73,-29.36,12.00,8.78,-3.64,-11.00,0.00,-14.00
0,-19.10,-21.27,97.35,102.76,239.08,-99.61,11.47,8.81,-3.75,-10.00,8.00,-3.00
0,-19.60,-21.41,98.74,118.49,240.12,-22.02,11.64,9.11,-3.64,-4.00,12.00,8.00
0,-19.41,-21.93,98.38,115.34,214.96,-56.62,11.50,8.92,-3.75,4.00,12.00,15.00
0,-19.55,-22.48,98.89,112.20,240.12,-22.02,11.53,9.08,-3.53,3.00,15.00,15.00
0,-19.30,-22.78,98.49,110.10,261.10,-35.65,11.64,9.06,-3.56,-6.00,21.00,11.00
0,-19.16,-22.81,98.37,124.78,254.80,-63.96,11.64,9.22,-3.58,-5.00,25.00,4.00
0,-19.27,-23.09,98.83,106.95,267.39,-7.34,11.64,9.19,-3.58,-5.00,22.00,5.00
0,-18.94,-23.03,98.15,94.37,273.68,8.39,11.64,9.17,-3.53,7.00,9.00,8.00
0,-18.53,-22.73,97.22,100.66,246.42,-72.35,11.75,9.11,-3.50,0.00,-1.00,8.00
0,-18.82,-22.67,98.06,110.10,244.32,-55.57,11.64,9.11,-3.53,-13.00,0.00,9.00
0,-18.99,-22.80,98.48,98.57,247.46,-49.28,11.75,9.17,-3.53,-10.00,-8.00,-1.00
0,-19.06,-22.68,98.74,131.07,243.27,-39.85,11.11,8.92,-3.78,-5.00,-16.00,-4.00
0,-19.23,-23.17,98.84,123.73,245.37,-47.19,11.64,9.03,-3.64,11.00,-99.00,-13.00
0,-19.75,-23.39,99.18,142.61,233.83,-89.13,11.64,9.17,-3.58,-11.00,-340.00,-32.00
0,-20.87,-23.88,100.34,154.14,208.67,-78.64,11.53,8.92,-3.97,-96.00,-528.00,-4.00
0,-22.81,-24.85,101.49,202.38,201.33,-55.57,11.61,9.11,-3.89,-296.00,-1035.00,103.00
0,-25.38,-26.42,102.08,169.87,252.71,-37.75,11.47,9.03,-4.25,-577.00,-1635.00,247.00
0,-28.62,-26.77,102.27,153.09,218.10,-91.23,11.72,8.56,-4.47,-783.00,-2223.00,297.00
0,-32.86,-27.05,103.63,104.86,268.44,9.44,11.25,8.67,-5.08,-965.00,-2533.00,341.00
0,-36.07,-26.27,102.49,106.95,230.69,-36.70,10.97,9.11,-5.19,-1029.00,-2562.00,300.00
0,-39.36,-25.85,102.30,82.84,267.39,35.65,10.64,8.92,-5.61,-1011.00,-2324.00,285.00
0,-41.24,-25.04,100.38,46.14,268.44,-40.89,10.72,8.81,-5.89,-841.00,-1831.00,231.00
0,-43.30,-23.48,100.11,24.12,272.63,-28.31,10.31,9.17,-5.97,-697.00,-1481.00,172.00
0,-43.99,-21.66,99.52,3.15,327.16,7.34,10.31,9.06,-6.06,-345.00,-638.00,38.00
0,-43.21,-20.33,98.67,24.12,311.43,25.17,10.47,9.33,-5.92,33.00,250.00,-74.00
0,-41.00,-19.14,97.67,19.92,326.11,22.02,10.58,9.25,-5.81,435.00,1120.00,-208.00
0,-37.88,-18.18,97.06,37.75,325.06,37.75,10.61,9.33,-5.42,741.00,1826.00,-239.00
0,-34.04,-17.50,96.47,59.77,301.99,-11.53,10.75,9.08,-5.36,971.00,2323.00,-269.00
0,-30.06,-17.14,96.50,108.00,219.15,-7.34,11.08,9.14,-4.89,1090.00,2585.00,-217.00
0,-26.01,-17.88,96.69,95.42,297.80,10.49,11.33,9.06,-4.53,1262.00,2612.00,-331.00
0,-22.29,-17.77,96.62,150.99,234.88,-55.57,11.47,8.92,-4.33,1194.00,2334.00,-376.00
0,-19.30,-19.08,97.61,176.16,202.38,-98.57,11.58,9.11,-4.03,1081.00,2120.00,-302.00
0,-17.50,-20.88,99.29,192.94,228.59,-59.77,11.61,9.17,-3.75,809.00,1511.00,-240.00
0,-16.60,-22.13,99.97,180.36,223.35,-57.67,11.58,9.14,-3.83,530.00,644.00,-279.00
0,-17.08,-23.44,100.47,204.47,220.20,-88.08,11.58,9.03,-3.81,36.00,-240.00,-35.00
0,-18.83,-24.56,101.24,156.24,223.35,-25.17,11.56,9.17,-3.97,-373.00,-978.00,44.00
0,-20.86,-25.32,100.80,148.90,210.76,-101.71,11.42,9.08,-4.19,-677.00,-1464.00,79.00
0,-23.96,-25.83,102.02,96.47,257.95,-5.24,11.39,8.81,-4.47,-859.00,-1656.00,156.00
0,-25.67,-25.36,100.60,61.87,260.05,13.63,11.33,9.06,-4.67,-902.00,-1409.00,245.00
0,-26.86,-24.45,98.69,37.75,256.90,-49.28,11.33,9.19,-4.67,-856.00,-1162.00,314.00
0,-27.78,-23.25,98.43,37.75,307.23,-22.02,11.33,9.06,-4.67,-582.00,-524.00,362.00
0,-27.45,-22.47,97.78,33.55,339.74,-1.05,11.03,8.92,-4.72,-143.00,155.00,286.00
0,-26.26,-21.92,97.31,47.19,322.96,-19.92,10.78,8.92,-4.64,263.00,702.00,118.00
0,-24.60,-21.19,97.17,61.87,291.50,-9.44,10.83,8.86,-4.67,518.00,1060.00,-57.00
0,-22.69,-20.51,96.77,87.03,260.05,-2.10,11.64,9.06,-4.14,524.00,1214.00,-98.00
0,-20.73,-20.36,96.17,93.32,282.07,2.10,11.28,8.86,-4.19,469.00,1145.00,-120.00
0,-18.99,-20.36,95.46,106.95,254.80,-10.49,11.64,8.97,-3.83,315.00,1068.00,-4.00
0,-17.62,-20.66,95.09,132.12,222.30,-94.37,11.64,8.81,-3.81,291.00,856.00,-41.00
0,-17.38,-21.56,96.66,119.54,246.42,-38.80,11.64,8.39,-3.67,224.00,584.00,-51.00
0,-17.04,-21.90,96.87,148.90,252.71,-20.97,11.64,9.00,-3.44,142.00,299.00,-95.00
0,-16.88,-22.63,96.63,131.07,225.44,-63.96,12.33,8.78,-3.56,0.00,57.00,-28.00
0,-17.39,-23.27,97.44,127.93,239.08,-88.08,11.75,9.14,-3.53,-74.00,-125.00,-38.00
0,-18.20,-23.49,98.53,121.63,223.35,-74.45,12.17,9.11,-3.64,-104.00,-240.00,-82.00
0,-18.99,-23.77,99.46,101.71,250.61,-32.51,11.64,9.00,-3.69,-135.00,-294.00,-68.00
0,-19.30,-23.47,99.20,119.54,259.00,-39.85,12.11,8.50,-3.75,-137.00,-291.00,-64.00
0,-19.57,-23.47,99.09,109.05,264.24,-41.94,11.61,9.03,-3.75,-131.00,-242.00,-52.00
0,-19.77,-23.30,99.01,89.13,267.39,-50.33,11.22,9.11,-3.94,-103.00,-169.00,-37.00
0,-19.98,-22.82,99.10,88.08,287.31,-11.53,11.64,9.22,-3.67,-64.00,-98.00,-14.00
0,-19.73,-22.35,98.47,103.81,262.14,-34.60,11.31,9.11,-3.89,-23.00,-30.00,-16.00
0,-19.64,-22.28,98.33,104.86,255.85,-63.96,11.64,9.11,-3.86,-10.00,23.00,-10.00
0,-19.71,-22.27,98.79,114.29,232.78,-81.79,11.11,8.58,-3.81,0.00,64.00,-4.00
0,-19.99,-22.60,99.75,119.54,252.71,-85.98,11.53,8.67,-3.83,9.00,73.00,-1.00
0,-20.15,-22.79,100.49,96.47,250.61,-46.14,11.53,8.78,-3.67,16.00,61.00,-9.00
0,-19.99,-22.61,100.46,96.47,249.56,-40.89,11.64,9.19,-3.75,16.00,48.00,-12.00
0,-19.80,-22.46,100.31,105.91,235.93,-73.40,11.53,8.89,-3.86,4.00,22.00,-16.00
0,-19.99,-22.55,100.95,106.95,249.56,-70.25,11.06,8.81,-4.11,-12.00,-1.00,-17.00
0,-20.19,-22.54,101.37,115.34,243.27,-59.77,11.61,8.56,-3.83,-14.00,-22.00,-19.00
0,-20.22,-22.74,101.57,101.71,272.63,-35.65,11.53,9.03,-3.75,-12.00,-32.00,-22.00
0,-19.99,-22.53,101.18,102.76,262.14,-5.24,11.31,8.47,-3.86,-11.00,-27.00,-21.00
0,-19.56,-22.44,100.21,99.61,262.14,-35.65,11.61,9.17,-3.64,-10.00,-17.00,-23.00
0,-19.35,-22.27,99.95,116.39,241.17,-52.43,11.61,8.69,-3.92,-4.00,-9.00,-21.00
0,-19.39,-22.57,100.14,117.44,233.83,-38.80,11.64,9.06,-3.81,-1.00,-7.00,-20.00
0,-19.29,-22.95,100.04,110.10,240.12,-75.50,11.53,8.94,-3.89,0.00,-1.00,-21.00
0,-19.51,-23.05,100.71,94.37,241.17,-63.96,11.64,9.00,-3.72,-11.00,3.00,-12.00
0,-19.58,-22.84,101.09,80.74,295.70,4.19,11.64,9.11,-3.69,-12.00,7.00,-8.00
0,-19.08,-22.29,100.05,101.71,246.42,-49.28,11.75,8.69,-3.81,-21.00,17.00,-13.00
0,-19.00,-22.29,100.09,100.66,245.37,-90.18,11.53,9.03,-3.75,-27.00,24.00,-4.00
0,-19.27,-22.22,100.98,92.27,276.82,-30.41,11.00,8.89,-3.94,-22.00,19.00,-14.00
0,-19.07,-21.90,100.49,108.00,275.78,-34.60,11.64,9.11,-3.75,-27.00,18.00,-18.00
0,-18.83,-21.85,100.12,117.44,246.42,-62.91,11.64,9.19,-3.69,-32.00,19.00,-18.00
0,-18.85,-22.14,100.43,124.78,274.73,-51.38,11.22,9.00,-3.83,-32.00,19.00,-17.00
0,-18.78,-22.31,100.37,114.29,265.29,-38.80,11.64,9.17,-3.69,-24.00,16.00,-12.00
0,-18.60,-22.41,100.13,101.71,287.31,-23.07,11.17,8.97,-3.92,-19.00,14.00,-6.00
0,-18.40,-22.19,99.63,108.00,245.37,-63.96,11.47,8.92,-3.81,-12.00,9.00,-10.00
0,-18.53,-22.31,100.06,115.34,236.98,-59.77,11.97,8.69,-3.61,-16.00,1.00,-6.00
0,-18.60,-22.62,100.41,104.86,230.69,-79.69,11.97,8.67,-3.61,-19.00,-1.00,-9.00
0,-18.85,-22.72,101.22,108.00,273.68,-47.19,11.64,9.11,-3.69,-20.00,-4.00,-8.00
0,-18.73,-22.62,101.06,117.44,207.62,-63.96,11.75,9.17,-3.78,-12.00,-8.00,-6.00
0,-18.83,-23.14,101.52,90.18,271.58,-20.97,11.64,9.17,-3.69,-9.00,-8.00,-5.00
0,-18.48,-22.76,100.82,116.39,225.44,-79.69,11.53,9.33,-3.64,-17.00,-4.00,10.00
0,-18.71,-23.14,101.63,91.23,231.74,-42.99,11.64,9.11,-3.64,-13.00,-5.00,4.00
0,-18.58,-22.98,101.49,100.66,244.32,-76.55,11.64,9.06,-3.64,-9.00,-4.00,-6.00
0,-18.69,-22.86,102.03,80.74,289.41,-10.49,11.11,8.86,-3.97,-9.00,-1.00,-5.00
0,-18.34,-22.30,101.15,79.69,271.58,-17.83,11.53,8.92,-3.78,-4.00,-3.00,-9.00
0,-18.00,-21.78,100.42,110.10,267.39,13.63,11.64,9.00,-3.67,-2.00,-12.00,-4.00
0,-17.49,-21.90,99.22,116.39,245.37,-50.33,11.11,9.08,-4.00,-2.00,-15.00,-2.00
0,-17.61,-22.22,99.42,109.05,223.35,-63.96,11.28,8.94,-3.81,-7.00,-17.00,2.00
0,-17.87,-22.54,100.00,116.39,270.53,-27.26,11.58,9.17,-3.69,-9.00,-13.00,5.00
0,-17.71,-22.63,99.61,106.95,268.44,-29.36,11.58,9.00,-3.67,-5.00,-10.00,4.00
0,-17.55,-22.56,99.30,100.66,247.46,-59.77,11.58,9.11,-3.64,3.00,-9.00,-4.00
0,-17.68,-22.49,99.70,99.61,284.16,-10.49,11.64,8.61,-3.75,3.00,-7.00,-7.00
0,-17.43,-22.26,99.04,96.47,243.27,-53.48,11.64,8.97,-3.64,-2.00,-7.00,-7.00
0,-17.52,-22.17,99.34,100.66,277.87,-26.21,11.64,9.11,-3.61,-6.00,-5.00,-7.00
0,-17.36,-21.99,98.97,94.37,247.46,-40.89,11.78,8.67,-3.67,-5.00,-4.00,-6.00
0,-17.34,-21.88,98.98,112.20,246.42,-15.73,11.58,9.03,-3.69,-5.00,2.00,-3.00
0,-17.12,-22.17,98.43,78.64,270.53,-8.39,11.64,8.61,-3.81,-3.00,5.00,-2.00
0,-16.87,-21.65,97.75,111.15,262.14,-14.68,11.61,9.19,-3.64,-5.00,10.00,-2.00
0,-16.70,-21.80,97.29,124.78,256.90,-39.85,11.64,9.11,-3.64,-6.00,10.00,2.00
0,-16.74,-22.18,97.38,126.88,247.46,-23.07,11.53,9.03,-3.72,-7.00,16.00,-2.00
0,-16.69,-22.68,97.14,95.42,281.02,-2.10,11.06,8.97,-3.86,-10.00,13.00,4.00
0,-16.55,-22.37,96.52,96.47,273.68,-29.36,11.64,9.17,-3.58,-5.00,8.00,-7.00
0,-16.56,-22.12,96.44,102.76,272.63,-20.97,11.86,8.61,-3.78,-6.00,3.00,-9.00
0,-16.56,-22.00,96.22,98.57,256.90,-18.87,11.53,8.61,-3.75,-6.00,-3.00,-8.00
0,-16.57,-21.92,95.98,116.39,248.51,-41.94,11.61,8.89,-3.69,-15.00,-6.00,-5.00
0,-16.78,-22.21,96.28,88.08,260.05,-44.04,11.64,9.08,-3.67,-9.00,-11.00,-7.00
0,-16.97,-21.87,96.57,97.52,273.68,-25.17,11.53,9.03,-3.75,-8.00,-9.00,-12.00
0,-17.00,-21.67,96.41,118.49,257.95,-66.06,11.58,9.08,-3.69,-14.00,-4.00,-11.00
0,-17.32,-21.88,97.06,106.95,252.71,-51.38,11.75,9.06,-3.64,-8.00,-11.00,-24.00
0,-17.51,-21.93,97.44,85.98,264.24,-25.17,11.64,9.11,-3.69,-9.00,-12.00,-30.00
0,-17.47,-21.55,97.21,91.23,234.88,-51.38,11.64,8.56,-3.72,-8.00,-8.00,-21.00
0,-17.71,-21.49,97.70,137.36,220.20,-101.71,11.53,9.08,-3.64,3.00,-24.00,-15.00
0,-18.58,-22.28,99.33,148.90,254.80,-59.77,12.17,9.08,-3.69,28.00,-203.00,-12.00
0,-19.53,-22.73,99.92,142.61,246.42,-23.07,11.61,8.86,-3.89,-20.00,-599.00,-32.00
0,-21.03,-23.26,99.73,196.08,185.60,-36.70,11.28,8.56,-4.17,-313.00,-1121.00,73.00
0,-23.77,-25.33,100.02,179.31,246.42,-26.21,11.36,8.92,-4.36,-689.00,-1749.00,206.00
0,-27.19,-26.00,100.06,170.92,205.52,-47.19,11.56,8.92,-4.72,-880.00,-2307.00,263.00
0,-31.43,-27.05,100.74,146.80,242.22,-65.01,11.08,9.11,-4.97,-1033.00,-2660.00,315.00
0,-35.81,-27.05,101.52,115.34,221.25,-40.89,10.64,8.72,-5.56,-1079.00,-2716.00,310.00
0,-39.77,-26.76,101.71,59.77,281.02,16.78,10.58,9.00,-5.67,-1066.00,-2561.00,289.00
0,-42.39,-25.36,100.36,65.01,253.76,9.44,10.33,8.67,-6.11,-927.00,-2157.00,256.00
0,-44.06,-24.22,99.00,41.94,276.82,2.10,10.17,9.22,-6.08,-662.00,-1487.00,160.00
0,-44.59,-22.71,97.99,20.97,312.48,26.21,10.22,8.97,-6.33,-296.00,-653.00,9.00
0,-43.74,-21.29,96.91,20.97,307.23,-20.97,9.67,9.08,-6.50,75.00,263.00,-113.00
0,-42.08,-19.88,96.70,33.55,330.30,22.02,10.14,8.61,-5.89,441.00,1058.00,-199.00
0,-39.27,-19.03,96.18,58.72,278.92,11.53,10.39,9.08,-5.86,703.00,1677.00,-222.00
0,-36.03,-18.37,95.57,60.82,288.36,12.58,10.31,8.86,-5.72,820.00,1960.00,-225.00
0,-32.24,-17.85,95.10,65.01,298.84,20.97,10.75,9.03,-5.19,979.00,2416.00,-219.00
0,-28.06,-17.40,94.73,88.08,289.41,20.97,11.03,9.17,-4.97,1119.00,2663.00,-249.00
0,-23.95,-17.57,94.41,114.29,282.07,-17.83,11.50,8.75,-4.67,1163.00,2676.00,-84.00
0,-20.40,-17.52,95.08,162.53,247.46,-25.17,11.53,9.08,-4.36,1319.00,2400.00,-524.00
0,-17.60,-18.70,95.62,180.36,226.49,-9.44,11.53,8.97,-3.97,1036.00,1945.00,-309.00
0,-15.71,-20.23,95.75,209.72,217.06,-54.53,11.56,9.22,-3.78,753.00,1239.00,-293.00
0,-15.51,-21.96,96.42,216.01,174.06,-77.59,11.53,9.03,-3.75,259.00,305.00,-91.00
0,-17.21,-24.37,97.39,211.81,186.65,-67.11,11.58,8.61,-4.00,-445.00,-759.00,110.00
0,-19.63,-26.61,97.94,175.11,192.94,-83.89,11.53,9.06,-3.94,-820.00,-1238.00,327.00
0,-23.38,-28.11,99.06,148.90,249.56,-10.49,11.53,9.08,-4.11,-1168.00,-1935.00,409.00
0,-26.41,-28.51,98.31,61.87,253.76,-39.85,11.25,8.69,-4.69,-1226.00,-2039.00,377.00
0,-28.79,-27.46,97.97,25.17,311.43,-11.53,11.33,9.00,-4.53,-1028.00,-1399.00,499.00
0,-29.45,-26.46,97.18,3.15,370.15,26.21,11.33,8.86,-4.61,-471.00,-488.00,514.00
0,-28.81,-26.23,96.92,26.21,325.06,-10.49,11.31,8.47,-4.81,219.00,350.00,203.00
0,-27.18,-24.88,96.82,45.09,316.67,-10.49,11.42,8.81,-4.47,667.00,974.00,-124.00
0,-25.15,-23.48,96.83,110.10,243.27,-20.97,11.53,8.89,-4.42,841.00,1212.00,-347.00
0,-23.26,-23.37,96.96,142.61,224.40,-23.07,11.53,8.81,-4.19,778.00,1184.00,-303.00
0,-21.66,-24.17,97.01,152.04,221.25,-99.61,11.64,8.89,-4.17,591.00,1012.00,-216.00
0,-21.43,-24.96,98.56,163.58,190.84,-93.32,11.53,8.69,-4.11,360.00,546.00,-104.00
0,-21.93,-26.37,100.11,132.12,244.32,-26.21,11.64,8.92,-4.03,101.00,134.00,7.00
0,-21.90,-26.55,99.70,138.41,209.72,-87.03,11.64,8.81,-4.11,-50.00,-107.00,-13.00
0,-22.77,-26.95,100.87,118.49,233.83,-19.92,11.86,8.44,-4.19,-135.00,-227.00,-79.00
0,-22.70,-26.88,100.09,111.15,239.08,-25.17,11.53,8.81,-4.14,-171.00,-160.00,-42.00
0,-22.56,-26.72,99.53,80.74,285.21,-23.07,11.64,8.86,-4.08,-110.00,-55.00,17.00
0,-22.32,-25.83,98.98,98.57,279.97,-39.85,11.64,8.94,-4.06,-45.00,8.00,-7.00
0,-22.09,-25.31,98.87,85.98,272.63,-29.36,11.64,8.97,-4.06,54.00,117.00,-17.00
0,-21.68,-24.66,98.59,110.10,277.87,-40.89,11.11,8.72,-4.28,96.00,189.00,-7.00
0,-21.42,-24.44,98.55,103.81,257.95,-54.53,11.64,8.86,-4.03,99.00,206.00,-17.00
0,-21.27,-24.25,98.83,115.34,238.03,-50.33,11.97,8.39,-3.89,69.00,178.00,4.00
0,-21.14,-24.39,99.09,125.83,246.42,-32.51,11.64,8.86,-3.94,57.00,137.00,-24.00
0,-20.88,-24.60,98.89,103.81,272.63,-42.99,11.64,8.89,-3.89,31.00,96.00,-56.00
0,-20.73,-24.27,98.81,120.59,248.51,-22.02,11.64,8.92,-3.94,-10.00,72.00,-23.00
0,-20.47,-24.44,98.36,109.05,225.44,-98.57,11.64,9.03,-3.92,-17.00,63.00,-19.00
0,-20.99,-24.50,99.78,127.93,236.98,-44.04,11.64,8.92,-3.89,-16.00,55.00,3.00
0,-20.93,-24.89,99.79,105.91,249.56,-58.72,11.53,8.69,-4.00,-1.00,45.00,5.00
0,-20.99,-24.72,100.08,124.78,246.42,-37.75,11.64,8.92,-3.89,7.00,37.00,14.00
0,-20.83,-24.94,99.92,115.34,254.80,-62.91,11.61,8.78,-3.92,13.00,38.00,2.00
0,-20.84,-24.85,100.24,115.34,247.46,-58.72,11.64,8.81,-3.89,14.00,55.00,-19.00
0,-20.80,-24.82,100.48,114.29,242.22,-63.96,11.64,8.94,-3.89,20.00,70.00,-33.00
0,-20.80,-24.79,100.85,101.71,232.78,-83.89,11.75,8.92,-3.86,21.00,73.00,-39.00
0,-20.97,-24.58,101.70,108.00,249.56,-31.46,12.00,8.36,-3.81,14.00,79.00,-32.00
0,-20.54,-24.47,101.19,100.66,274.73,3.15,11.64,8.94,-3.81,12.00,88.00,-27.00
0,-19.86,-24.15,100.06,121.63,255.85,-36.70,11.61,8.39,-3.94,12.00,87.00,-20.00
0,-19.61,-24.26,99.85,101.71,277.87,-8.39,11.64,8.86,-3.81,27.00,76.00,-28.00
0,-19.17,-23.94,99.09,103.81,243.27,-31.46,11.75,8.92,-3.75,23.00,65.00,-17.00
0,-18.96,-23.87,98.88,113.25,279.97,-33.55,11.75,8.89,-3.78,17.00,53.00,-10.00
0,-18.80,-23.71,98.69,99.61,284.16,-6.29,11.61,8.44,-3.78,21.00,39.00,-28.00
0,-18.50,-23.34,98.03,116.39,223.35,-42.99,11.75,8.89,-3.83,13.00,19.00,-37.00
0,-18.59,-23.69,98.26,100.66,286.26,-8.39,11.64,8.33,-3.67,5.00,10.00,-33.00
0,-18.36,-23.34,97.67,85.98,257.95,-14.68,11.75,9.00,-3.72,-7.00,-4.00,-26.00
0,-18.18,-22.85,97.17,125.83,241.17,-60.82,11.75,8.44,-3.61,-21.00,-8.00,-28.00
0,-18.43,-23.24,97.74,105.91,229.64,-99.61,11.75,8.97,-3.83,-30.00,-4.00,-25.00
0,-19.06,-23.26,99.21,114.29,232.78,-85.98,11.50,8.50,-3.61,-24.00,-6.00,-29.00
0,-19.46,-23.42,100.21,106.95,265.29,-44.04,11.39,8.86,-3.86,-21.00,-1.00,-33.00
0,-19.40,-23.26,100.09,109.05,249.56,-6.29,12.00,9.00,-3.83,-17.00,2.00,-31.00
0,-18.98,-23.30,99.19,91.23,274.73,-18.87,11.97,8.39,-3.75,-14.00,4.00,-31.00
0,-18.71,-22.86,98.65,84.93,263.19,-44.04,11.86,8.97,-3.92,-20.00,6.00,-21.00
0,-18.71,-22.38,98.66,122.68,233.83,-68.16,11.11,8.75,-4.06,-23.00,6.00,-15.00
0,-19.03,-22.81,99.32,110.10,247.46,-52.43,11.58,8.69,-3.89,-17.00,6.00,-30.00
0,-19.09,-22.87,99.49,110.10,244.32,-54.53,11.75,9.11,-3.67,-30.00,16.00,-32.00
0,-19.11,-22.96,99.70,115.34,242.22,-70.25,12.08,8.56,-3.75,-38.00,16.00,-23.00
0,-19.26,-23.12,100.24,112.20,253.76,-3.15,11.64,9.11,-3.69,-30.00,8.00,-32.00
0,-18.81,-23.22,99.25,92.27,292.55,-5.24,11.64,9.14,-3.75,-31.00,12.00,-19.00
0,-18.45,-22.80,98.50,117.44,234.88,-71.30,11.75,9.06,-3.69,-28.00,18.00,-7.00
0,-18.70,-23.12,99.24,70.25,262.14,-16.78,11.11,9.03,-3.67,-21.00,18.00,-8.00
0,-18.44,-22.34,98.63,106.95,245.37,-52.43,11.64,9.03,-3.69,-3.00,16.00,-16.00
0,-18.51,-22.44,98.92,118.49,257.95,-34.60,11.11,8.94,-3.97,-1.00,15.00,-5.00
0,-18.49,-22.66,98.77,93.32,271.58,-18.87,11.64,9.03,-3.67,2.00,14.00,1.00
0,-18.24,-22.35,98.30,121.63,263.19,-57.67,11.64,8.89,-3.67,6.00,19.00,-11.00
0,-18.31,-22.53,98.61,101.71,276.82,-3.15,11.64,9.11,-3.61,5.00,20.00,-15.00
0,-17.99,-22.34,97.90,124.78,261.10,-56.62,11.97,8.56,-3.69,18.00,13.00,-20.00
0,-18.08,-22.59,98.25,128.97,226.49,-38.80,11.75,9.11,-3.67,12.00,6.00,-17.00
0,-18.11,-23.30,98.36,110.10,264.24,-9.44,11.64,9.06,-3.75,1.00,10.00,-5.00
0,-17.87,-23.28,97.74,80.74,283.12,-6.29,11.64,9.03,-3.64,-10.00,5.00,8.00
0,-17.64,-22.67,97.13,125.83,253.76,-57.67,11.53,8.69,-3.75,0.00,-8.00,-13.00
0,-17.89,-22.95,97.60,104.86,259.00,8.39,11.75,8.97,-3.64,-3.00,-21.00,-23.00
0,-17.58,-22.89,96.66,92.27,273.68,-20.97,11.64,9.00,-3.61,-17.00,-22.00,-13.00
0,-17.54,-22.52,96.41,119.54,236.98,-12.58,11.75,9.08,-3.64,-19.00,-20.00,-9.00
0,-17.47,-22.97,96.04,111.15,268.44,-59.77,11.53,8.92,-3.75,-14.00,-22.00,-6.00
0,-17.77,-22.92,96.56,111.15,263.19,-24.12,11.53,8.69,-3.75,-14.00,-15.00,-2.00
0,-17.81,-22.93,96.39,80.74,271.58,-19.92,11.56,9.06,-3.69,-13.00,-12.00,-4.00
0,-17.78,-22.36,96.14,87.03,295.70,-19.92,11.64,8.92,-3.75,-12.00,-5.00,-7.00
0,-17.76,-21.91,95.91,81.79,253.76,-30.41,11.75,9.08,-3.64,-7.00,-3.00,-10.00
0,-17.83,-21.49,95.97,104.86,250.61,-56.62,11.69,9.06,-3.64,-4.00,-2.00,-20.00
0,-18.10,-21.57,96.58,88.08,277.87,-14.68,11.22,8.83,-3.86,-7.00,-6.00,-16.00
