0,1.01,-17.60,87.38,100.66,245.37,56.62,11.11,9.19,0.75,-6.00,16.00,-1.00
0,1.40,-18.06,86.34,92.27,244.32,2.10,11.03,9.39,0.75,-6.00,18.00,3.00
0,1.37,-18.35,86.62,35.65,295.70,72.35,11.08,8.83,0.81,-4.00,17.00,-2.00
0,1.68,-17.47,85.71,62.91,254.80,-13.63,10.86,9.33,0.69,-18.00,15.00,-3.00
0,1.48,-17.13,86.41,28.31,284.16,73.40,11.31,9.22,0.78,-17.00,8.00,-2.00
0,1.76,-16.18,85.39,87.03,232.78,34.60,11.00,9.22,0.67,-20.00,1.00,-5.00
0,1.84,-16.56,84.99,117.44,211.81,28.31,11.03,9.25,0.72,-21.00,-3.00,-8.00
0,1.86,-17.56,84.73,93.32,223.35,34.60,11.00,9.17,0.78,-29.00,-7.00,-14.00
0,1.92,-17.97,84.37,65.01,279.97,24.12,11.06,9.17,0.75,-32.00,-5.00,-15.00
0,1.85,-17.51,84.36,81.79,271.58,5.24,11.11,9.22,0.72,-36.00,-6.00,-30.00
0,1.65,-17.43,84.69,46.14,288.36,34.60,10.94,9.00,0.75,-45.00,-11.00,-23.00
0,1.63,-16.70,84.49,79.69,251.66,-31.46,10.86,9.11,0.78,-33.00,-14.00,-19.00
0,1.22,-16.81,85.70,93.32,293.60,1.05,11.22,9.25,0.83,-16.00,-10.00,-19.00
0,1.11,-16.87,85.98,104.86,296.75,-4.19,10.75,9.22,0.69,-12.00,-1.00,-17.00
0,1.00,-17.07,86.29,89.13,298.84,-1.05,11.17,9.36,0.78,-9.00,1.00,-15.00
0,0.93,-17.05,86.55,85.98,295.70,34.60,11.06,9.19,0.69,-6.00,-5.00,-8.00
0,1.00,-17.00,86.27,83.89,289.41,8.39,11.36,9.36,0.72,-6.00,-8.00,-3.00
0,0.97,-16.95,86.41,99.61,301.99,-4.19,10.44,9.31,0.56,-5.00,-5.00,0.00
0,0.87,-17.07,86.68,91.23,272.63,28.31,11.36,8.94,0.75,-8.00,3.00,-1.00
0,0.98,-17.21,86.40,32.51,303.04,68.16,11.11,9.19,0.75,-7.00,8.00,-3.00
0,1.24,-16.40,85.66,82.84,273.68,27.26,10.89,8.94,1.03,-4.00,10.00,-3.00
0,1.37,-16.46,85.50,111.15,240.12,40.89,10.81,9.22,0.61,-5.00,16.00,3.00
0,1.52,-17.29,84.95,62.91,273.68,38.80,10.89,9.06,0.92,-10.00,24.00,-1.00
0,1.67,-16.90,84.60,92.27,238.03,7.34,10.97,9.36,0.78,-17.00,32.00,1.00
0,1.59,-17.34,84.89,85.98,265.29,-4.19,10.72,9.28,0.72,-1.00,26.00,10.00
0,1.41,-17.42,85.42,95.42,249.56,55.57,10.94,9.19,0.72,-5.00,25.00,1.00
0,1.64,-17.76,84.61,84.93,256.90,-48.23,11.00,9.33,0.72,-3.00,18.00,3.00
0,1.16,-17.86,86.10,88.08,276.82,53.48,10.86,9.25,0.78,-7.00,7.00,1.00
0,1.33,-17.85,85.45,46.14,297.80,46.14,11.00,9.42,0.81,-11.00,0.00,-1.00
0,1.44,-17.15,85.05,79.69,229.64,-39.85,10.94,9.47,0.81,-15.00,-10.00,-1.00
0,1.06,-17.36,86.22,62.91,291.50,48.23,10.75,9.44,0.72,-28.00,-11.00,4.00
0,1.17,-16.96,85.70,76.55,295.70,44.04,10.81,9.19,0.75,-17.00,-5.00,5.00
0,1.29,-16.79,85.31,77.59,257.95,23.07,10.97,9.14,0.86,-18.00,6.00,6.00
0,1.35,-16.81,85.22,72.35,265.29,17.83,11.00,9.25,0.75,-13.00,12.00,8.00
0,1.33,-16.69,85.26,62.91,276.82,19.92,10.86,9.17,0.69,-8.00,17.00,9.00
0,1.33,-16.37,85.27,80.74,244.32,8.39,10.86,9.14,0.81,-9.00,24.00,13.00
0,1.29,-16.59,85.49,85.98,291.50,10.49,11.28,9.03,1.00,-5.00,25.00,13.00
0,1.31,-16.61,85.65,66.06,278.92,37.75,10.86,9.28,0.86,-2.00,30.00,11.00
0,1.46,-16.35,85.30,76.55,255.85,-3.15,11.08,9.19,0.78,1.00,32.00,14.00
0,1.35,-16.42,85.80,47.19,263.19,46.14,11.11,9.19,0.83,1.00,28.00,14.00
0,1.55,-15.84,85.20,58.72,256.90,-26.21,10.86,9.25,0.83,9.00,23.00,15.00
0,1.30,-15.60,86.26,72.35,283.12,33.55,10.86,9.25,0.81,4.00,21.00,16.00
0,1.39,-15.52,85.96,85.98,250.61,-13.63,11.11,9.06,0.83,4.00,17.00,13.00
0,1.25,-15.91,86.63,85.98,250.61,-13.63,11.08,9.25,0.81,-6.00,15.00,16.00
0,1.11,-16.26,87.24,65.01,262.14,48.23,11.06,9.19,0.81,-7.00,13.00,10.00
0,1.37,-16.05,86.45,52.43,248.51,-9.44,11.14,9.25,0.86,-7.00,7.00,6.00
0,1.26,-15.69,86.96,76.55,283.12,16.78,11.03,9.25,0.86,-8.00,-11.00,-1.00
0,1.28,-15.67,86.90,94.37,271.58,8.39,10.81,9.17,0.69,-6.00,-21.00,8.00
0,1.24,-16.04,87.02,103.81,262.14,57.67,10.86,9.17,0.81,12.00,-21.00,19.00
0,1.50,-16.56,86.17,72.35,270.53,10.49,11.06,9.36,0.75,0.00,-11.00,14.00
0,1.47,-16.46,86.32,33.55,276.82,74.45,10.97,9.19,0.83,12.00,-12.00,20.00
0,1.77,-15.66,85.27,79.69,261.10,12.58,11.03,9.25,0.83,18.00,-12.00,25.00
0,1.72,-15.86,85.47,80.74,292.55,33.55,10.97,9.17,0.81,23.00,-11.00,32.00
0,1.76,-15.88,85.32,83.89,283.12,35.65,10.97,9.14,0.83,23.00,-2.00,30.00
0,1.82,-15.97,85.12,91.23,305.14,2.10,11.11,9.19,0.81,30.00,-1.00,23.00
0,1.71,-16.08,85.46,36.70,266.34,39.85,10.97,9.31,0.78,35.00,-6.00,22.00
0,1.80,-15.31,85.07,37.75,268.44,25.17,11.17,9.25,0.83,32.00,-2.00,22.00
0,1.81,-14.65,85.03,44.04,266.34,60.82,11.11,9.25,0.78,19.00,1.00,24.00
0,1.98,-14.17,84.26,76.55,291.50,-4.19,11.06,9.25,0.83,19.00,-1.00,15.00
0,1.81,-14.25,84.80,68.16,321.91,38.80,11.11,9.14,0.78,20.00,-9.00,7.00
0,1.78,-14.13,84.70,57.67,254.80,26.21,10.97,9.11,0.83,22.00,-12.00,5.00
0,1.76,-14.01,84.66,74.45,276.82,56.62,11.11,9.14,0.78,25.00,-13.00,1.00
0,1.85,-14.09,84.12,118.49,242.22,-20.97,11.11,9.19,0.81,22.00,-9.00,-4.00
0,1.57,-15.29,85.11,115.34,238.03,39.85,11.00,9.03,0.75,20.00,2.00,-8.00
0,1.66,-16.31,84.68,87.03,274.73,26.21,11.11,9.06,0.72,22.00,17.00,-15.00
0,1.69,-16.42,84.65,74.45,304.09,16.78,11.11,9.14,0.69,20.00,30.00,-13.00
0,1.66,-16.23,84.80,97.52,286.26,-24.12,11.08,9.14,0.72,22.00,43.00,-5.00
0,1.47,-16.46,85.59,69.21,304.09,39.85,11.06,9.25,0.83,25.00,50.00,2.00
0,1.59,-16.21,85.35,112.20,279.97,1.05,10.97,9.25,0.81,25.00,51.00,6.00
0,1.56,-16.71,85.69,61.87,293.60,50.33,11.11,9.14,0.69,25.00,48.00,14.00
0,1.73,-16.35,85.23,83.89,262.14,28.31,11.11,9.14,0.78,20.00,41.00,15.00
0,1.80,-16.52,85.08,40.89,281.02,63.96,11.08,9.11,0.75,17.00,27.00,15.00
0,2.01,-15.83,84.34,45.09,288.36,48.23,11.11,9.36,0.81,10.00,15.00,21.00
0,2.08,-15.27,83.98,92.27,295.70,-2.10,11.06,9.11,0.92,7.00,3.00,19.00
0,1.92,-15.48,84.45,102.76,269.48,-2.10,11.11,9.08,0.81,5.00,-5.00,15.00
0,1.71,-16.01,84.95,92.27,282.07,11.53,11.25,8.89,0.81,0.00,-14.00,12.00
0,1.60,-16.22,85.15,96.47,261.10,58.72,11.08,9.25,0.75,-5.00,-15.00,12.00
0,1.76,-16.61,84.41,84.93,276.82,23.07,11.50,9.19,0.83,-7.00,-12.00,13.00
0,1.71,-16.67,84.44,53.48,272.63,47.19,11.11,9.17,0.78,-16.00,-10.00,5.00
0,1.78,-16.16,83.99,100.66,247.46,2.10,10.86,8.78,0.78,-14.00,-10.00,-4.00
0,1.58,-16.77,84.48,93.32,293.60,0.00,10.97,8.97,0.81,-15.00,-9.00,-6.00
0,1.41,-16.85,84.86,104.86,270.53,8.39,11.25,9.06,0.75,-17.00,-7.00,-8.00
0,1.29,-17.25,85.10,113.25,228.59,-33.55,11.11,9.36,0.83,-20.00,-3.00,-9.00
0,0.91,-18.14,86.24,81.79,264.24,17.83,11.44,8.78,0.94,-21.00,1.00,-12.00
0,0.95,-18.06,86.18,99.61,230.69,-28.31,10.97,9.17,0.81,-21.00,2.00,-11.00
0,0.69,-18.56,87.08,88.08,255.85,-8.39,11.56,8.83,0.94,-21.00,4.00,-8.00
0,0.61,-18.62,87.49,83.89,301.99,19.92,10.97,9.06,0.75,-20.00,8.00,-9.00
0,0.71,-18.39,87.34,104.86,261.10,25.17,11.11,9.33,0.92,-18.00,10.00,-13.00
0,0.89,-18.72,87.03,111.15,226.49,-8.39,11.03,9.17,0.83,-16.00,5.00,-11.00
0,0.82,-19.41,87.42,102.76,262.14,31.46,11.08,9.03,0.78,-19.00,2.00,-8.00
0,1.01,-19.59,86.98,57.67,289.41,36.70,10.97,9.14,0.86,-19.00,4.00,-13.00
0,1.21,-18.88,86.55,97.52,235.93,-4.19,11.22,9.14,0.81,-24.00,7.00,-16.00
0,1.13,-19.22,86.90,68.16,283.12,22.02,10.97,9.19,0.86,-24.00,3.00,-19.00
0,1.22,-18.71,86.72,82.84,269.48,-12.58,11.50,9.11,0.75,-20.00,1.00,-20.00
0,1.07,-18.57,87.23,94.37,284.16,-3.15,11.11,9.08,0.78,-19.00,-1.00,-19.00
0,1.02,-18.55,87.46,80.74,299.89,22.02,11.53,8.94,0.75,-21.00,-1.00,-20.00
0,1.10,-18.28,87.28,77.59,273.68,20.97,11.06,9.11,0.72,-21.00,-2.00,-18.00
0,1.19,-18.05,87.08,92.27,284.16,24.12,10.67,8.89,0.83,-18.00,-5.00,-17.00
0,1.30,-18.04,86.87,96.47,272.63,33.55,11.11,9.08,0.81,-20.00,-7.00,-15.00
0,1.44,-18.16,86.48,60.82,287.31,30.41,11.33,8.92,0.83,-20.00,-6.00,-15.00
0,1.54,-17.62,86.21,93.32,285.21,9.44,10.97,9.17,0.86,-20.00,-6.00,-16.00
0,1.52,-17.66,86.31,53.48,296.75,70.25,11.03,8.83,0.94,-19.00,-5.00,-16.00
0,1.79,-17.09,85.50,90.18,255.85,-3.15,11.11,9.11,0.89,-18.00,-3.00,-13.00
0,1.67,-17.33,85.96,88.08,298.84,6.29,11.06,9.19,0.81,-20.00,0.00,-12.00
0,1.61,-17.27,86.12,62.91,277.87,-11.53,11.03,9.25,0.86,-20.00,4.00,-12.00
0,1.46,-16.86,86.65,39.85,285.21,58.72,10.94,9.25,0.89,-20.00,6.00,-11.00
0,1.71,-16.10,85.85,89.13,268.44,11.53,11.08,9.28,0.83,-20.00,10.00,-8.00
0,1.71,-16.32,85.95,74.45,273.68,30.41,10.92,9.06,0.86,-18.00,9.00,-5.00
0,1.79,-16.23,85.70,91.23,264.24,38.80,11.11,9.11,0.81,-12.00,5.00,-4.00
0,1.91,-16.49,85.28,89.13,274.73,41.94,11.11,9.11,0.92,-15.00,3.00,-3.00
0,2.02,-16.63,84.89,93.32,261.10,18.87,11.06,9.14,0.86,-14.00,-2.00,-1.00
0,1.98,-16.94,84.93,80.74,221.25,-56.62,11.14,9.36,0.89,-19.00,-3.00,2.00
0,1.52,-17.22,86.38,73.40,264.24,2.10,11.08,9.25,0.86,-22.00,-3.00,-1.00
0,1.41,-17.08,86.65,48.23,279.97,63.96,11.11,9.22,0.86,-17.00,-6.00,-2.00
0,1.68,-16.45,85.74,99.61,273.68,20.97,10.97,9.06,0.89,-14.00,-10.00,-4.00
0,1.71,-16.77,85.70,87.03,300.94,11.53,11.00,9.08,0.86,-9.00,-8.00,-2.00
0,1.67,-16.74,85.82,96.47,285.21,0.00,11.19,9.25,0.83,-14.00,-6.00,-5.00
0,1.56,-16.91,86.12,93.32,262.14,19.92,11.11,9.14,0.89,-11.00,-8.00,-7.00
0,1.58,-17.18,86.04,56.62,270.53,48.23,10.97,9.11,0.83,-13.00,-11.00,-7.00
0,1.75,-16.68,85.41,79.69,317.72,24.12,10.97,9.14,0.89,-14.00,-16.00,-4.00
0,1.74,-16.53,85.38,126.88,304.09,-2.10,11.11,9.08,0.89,-17.00,-15.00,-1.00
0,1.65,-16.93,85.65,88.08,277.87,-15.73,11.11,9.14,0.86,-15.00,-11.00,-7.00
0,1.43,-17.01,86.27,89.13,291.50,-3.15,10.86,9.06,0.83,-13.00,-13.00,-5.00
0,1.33,-17.03,86.59,70.25,251.66,11.53,11.11,9.14,0.89,-11.00,-10.00,-2.00
0,1.34,-16.90,86.63,110.10,281.02,11.53,11.11,9.06,0.83,-14.00,-2.00,-6.00
0,1.35,-17.28,86.66,112.20,256.90,-25.17,10.86,9.11,0.89,-19.00,-1.00,-3.00
0,1.15,-17.90,87.42,99.61,266.34,50.33,11.03,9.31,0.83,-16.00,-3.00,-4.00
0,1.41,-18.13,86.66,115.34,268.44,31.46,10.97,9.08,0.97,-12.00,-5.00,-7.00
0,1.54,-18.58,86.36,102.76,234.88,-80.74,11.14,9.25,0.89,-7.00,-29.00,-3.00
0,0.58,-19.13,88.59,133.17,278.92,-37.75,11.11,9.47,0.89,7.00,-209.00,8.00
0,-0.52,-19.59,89.50,113.25,282.07,26.21,11.22,9.00,0.69,-31.00,-632.00,-40.00
0,-1.98,-19.66,89.35,145.75,248.51,-5.24,11.08,9.25,0.56,-231.00,-1150.00,-113.00
0,-4.25,-20.47,89.60,148.90,252.71,9.44,11.11,9.00,0.11,-510.00,-1591.00,-134.00
0,-6.99,-21.10,89.50,62.91,238.03,55.57,11.36,9.03,0.00,-706.00,-1947.00,-211.00
0,-9.40,-20.32,88.21,80.74,259.00,61.87,11.31,9.00,-0.33,-810.00,-2015.00,-235.00
0,-11.62,-19.90,86.69,60.82,230.69,41.94,11.39,9.19,-0.47,-945.00,-1866.00,-212.00
0,-13.29,-19.52,85.50,8.39,243.27,26.21,11.47,9.25,-0.58,-910.00,-1359.00,-91.00
0,-13.86,-18.20,84.52,-9.44,308.28,72.35,11.42,9.00,-0.58,-747.00,-510.00,12.00
0,-12.70,-16.90,83.10,-45.09,305.14,67.11,11.47,9.00,-0.44,-407.00,592.00,131.00
0,-9.94,-15.17,82.13,-56.62,271.58,34.60,11.31,8.89,-0.17,94.00,1756.00,259.00
0,-5.84,-12.89,82.00,-22.02,315.62,108.00,11.47,8.72,0.50,538.00,2809.00,507.00
0,-0.60,-12.21,81.49,41.94,341.84,91.23,11.31,8.83,0.86,886.00,3487.00,707.00
0,4.69,-12.50,81.44,100.66,305.14,18.87,11.11,8.67,1.47,985.00,3610.00,895.00
0,8.92,-13.54,82.60,110.10,294.65,55.57,10.83,8.67,1.64,1346.00,2965.00,848.00
0,12.46,-13.78,83.51,209.72,295.70,-5.24,10.47,8.86,2.03,1452.00,2540.00,112.00
0,14.01,-13.72,85.04,263.19,244.32,-36.70,10.39,9.36,2.14,1264.00,1266.00,-450.00
0,13.67,-13.79,86.43,266.34,212.86,-53.48,10.31,9.36,1.81,756.00,-31.00,-752.00
0,11.42,-14.68,87.44,219.15,161.48,-71.30,10.31,9.47,1.72,-23.00,-1340.00,-668.00
0,7.41,-17.39,89.27,186.65,193.99,19.92,10.58,9.42,1.44,-558.00,-2402.00,-450.00
0,2.98,-19.39,89.19,173.02,229.64,22.02,10.58,9.58,1.06,-850.00,-3096.00,-442.00
0,-1.65,-20.39,89.22,120.59,218.10,67.11,10.94,9.44,0.56,-920.00,-3281.00,-464.00
0,-5.65,-20.42,87.82,41.94,219.15,50.33,10.81,9.53,0.11,-1093.00,-3129.00,-686.00
0,-8.67,-19.47,86.39,-36.70,218.10,100.66,11.03,9.39,0.03,-1292.00,-2302.00,-390.00
0,-9.30,-17.86,83.58,-127.93,305.14,108.00,11.11,9.39,-0.03,-1044.00,-925.00,228.00
0,-8.20,-16.98,82.12,-97.52,354.42,85.98,11.44,9.28,0.11,-440.00,484.00,638.00
0,-5.54,-17.33,81.41,-74.45,337.64,102.76,11.03,9.25,0.47,138.00,1658.00,874.00
0,-1.60,-16.95,80.72,-4.19,319.82,109.05,11.42,9.11,0.81,543.00,2545.00,837.00
0,2.89,-16.49,80.02,63.96,275.78,73.40,11.03,9.03,1.25,803.00,2908.00,857.00
0,6.85,-16.64,79.87,142.61,324.01,26.21,11.00,8.61,1.50,1037.00,2600.00,804.00
0,9.44,-17.32,80.86,207.62,287.31,16.78,10.75,8.86,1.56,1182.00,1846.00,568.00
0,10.29,-17.67,82.29,201.33,248.51,-14.68,11.22,9.14,1.53,1147.00,798.00,-188.00
0,9.48,-18.43,84.10,236.98,234.88,-36.70,10.69,9.44,1.50,771.00,-209.00,-547.00
0,7.39,-19.46,85.42,205.52,168.82,14.68,11.22,9.28,1.17,104.00,-1129.00,-437.00
0,4.80,-22.16,85.91,109.05,226.49,56.62,10.86,9.36,1.08,-286.00,-1627.00,-334.00
0,2.58,-22.05,85.13,54.53,230.69,58.72,11.06,9.22,0.69,-548.00,-1677.00,-463.00
0,0.82,-21.28,84.06,11.53,276.82,67.11,10.64,9.25,0.53,-701.00,-1349.00,-186.00
0,-0.02,-19.89,82.72,-97.52,287.31,96.47,10.97,8.89,0.56,-651.00,-723.00,109.00
0,-0.25,-17.96,81.19,-14.68,297.80,40.89,11.11,9.11,0.61,-599.00,-338.00,318.00
0,0.34,-16.85,80.58,17.83,328.20,29.36,11.31,8.89,0.86,-338.00,401.00,466.00
0,1.67,-16.31,80.42,63.96,278.92,25.17,10.97,9.03,0.89,11.00,970.00,372.00
0,3.03,-16.27,80.74,168.82,325.06,-25.17,11.06,8.89,1.14,277.00,1052.00,355.00
0,4.10,-17.05,81.21,127.93,277.87,-13.63,11.03,9.03,1.19,375.00,820.00,440.00
0,4.46,-17.96,82.30,122.68,298.84,31.46,10.86,9.03,1.42,338.00,471.00,256.00
0,4.50,-18.27,82.66,149.95,242.22,-34.60,11.11,8.89,1.17,237.00,98.00,16.00
0,3.68,-19.48,84.13,52.43,250.61,55.57,11.03,9.08,1.22,92.00,-214.00,-55.00
0,3.38,-18.65,83.62,118.49,251.66,38.80,11.08,9.14,1.11,46.00,-324.00,-77.00
0,2.78,-19.18,83.59,87.03,281.02,9.44,11.11,8.86,1.03,5.00,-431.00,-103.00
0,2.00,-18.97,84.14,89.13,239.08,46.14,11.19,8.92,0.94,-7.00,-411.00,-89.00
0,1.68,-19.07,83.76,90.18,269.48,49.28,11.17,9.14,0.92,0.00,-300.00,-64.00
0,1.55,-19.01,83.45,38.80,272.63,60.82,11.11,8.92,0.89,12.00,-161.00,-22.00
0,1.66,-18.01,82.89,65.01,294.65,-8.39,11.14,9.19,0.92,26.00,-36.00,-5.00
0,1.47,-17.59,83.60,82.84,326.11,8.39,10.97,9.14,0.89,27.00,47.00,8.00
0,1.43,-17.42,83.84,119.54,287.31,-1.05,11.08,9.19,0.94,11.00,70.00,1.00
0,1.39,-17.81,84.25,104.86,259.00,-2.10,11.11,8.92,0.81,4.00,84.00,-7.00
0,1.28,-18.20,84.75,65.01,268.44,22.02,11.08,8.97,0.86,-9.00,75.00,-22.00
0,1.31,-17.73,84.74,115.34,218.10,23.07,10.97,9.03,0.94,-14.00,44.00,-32.00
0,1.35,-18.56,84.63,88.08,256.90,10.49,11.11,8.86,0.94,-10.00,6.00,-37.00
0,1.23,-18.57,84.91,97.52,278.92,49.28,11.11,9.03,0.92,-5.00,-27.00,-35.00
0,1.28,-18.61,84.50,91.23,275.78,8.39,11.03,9.25,0.89,3.00,-56.00,-22.00
0,1.07,-18.59,84.86,78.64,267.39,12.58,11.11,8.97,0.89,14.00,-72.00,-18.00
0,0.89,-18.40,85.13,92.27,240.12,-4.19,11.22,8.94,0.92,20.00,-76.00,-12.00
0,0.63,-18.68,85.72,63.96,300.94,34.60,11.14,9.19,0.89,23.00,-66.00,-7.00
0,0.66,-18.18,85.55,97.52,257.95,32.51,11.11,9.00,0.86,15.00,-40.00,0.00
0,0.75,-18.44,85.29,32.51,271.58,56.62,11.14,9.14,0.83,13.00,-23.00,5.00
0,0.97,-17.37,84.59,59.77,277.87,51.38,11.11,8.94,0.89,14.00,-15.00,3.00
0,1.12,-16.91,84.12,85.98,287.31,20.97,11.03,9.08,0.78,13.00,-9.00,-5.00
0,1.06,-16.88,84.24,105.91,299.89,16.78,11.11,8.97,0.81,8.00,0.00,-14.00
0,0.99,-17.06,84.40,75.50,282.07,39.85,11.00,9.06,0.86,4.00,1.00,-17.00
0,1.01,-16.86,84.17,91.23,305.14,18.87,11.08,9.25,0.89,1.00,-18.00,-22.00
0,0.91,-16.83,84.31,80.74,289.41,24.12,10.97,9.08,0.83,0.00,-31.00,-26.00
0,0.80,-16.70,84.37,82.84,287.31,25.17,11.11,9.00,0.81,-14.00,-52.00,-39.00
0,0.68,-16.60,84.38,97.52,282.07,7.34,11.11,8.97,0.81,-28.00,-57.00,-47.00
0,0.46,-16.77,84.67,132.12,298.84,-23.07,11.11,8.89,0.75,-36.00,-77.00,-50.00
0,0.14,-17.19,85.23,72.35,267.39,20.97,11.22,9.00,0.75,-40.00,-95.00,-54.00
0,-0.00,-16.96,85.20,109.05,259.00,60.82,11.06,9.11,0.72,-50.00,-89.00,-46.00
0,0.14,-17.42,84.38,77.59,270.53,-3.15,11.11,9.00,0.75,-61.00,-58.00,-47.00
0,-0.06,-17.25,84.88,76.55,275.78,2.10,11.11,9.25,0.81,-51.00,-25.00,-45.00
0,-0.20,-17.07,85.23,97.52,254.80,23.07,11.11,9.11,0.78,-42.00,-14.00,-36.00
0,-0.15,-17.42,85.14,101.71,227.54,40.89,11.11,9.06,0.81,-18.00,14.00,-29.00
0,0.08,-18.01,84.62,73.40,252.71,11.53,11.22,9.00,0.78,-2.00,40.00,-6.00
0,0.11,-17.86,84.86,104.86,276.82,5.24,10.86,9.03,0.83,7.00,63.00,15.00
0,0.13,-18.18,85.16,88.08,263.19,29.36,11.11,8.78,1.00,16.00,69.00,39.00
0,0.34,-18.28,84.98,92.27,301.99,-2.10,10.86,9.03,0.81,21.00,72.00,46.00
0,0.35,-18.26,85.35,112.20,248.51,11.53,11.14,9.25,0.89,24.00,71.00,40.00
0,0.42,-18.90,85.50,101.71,255.85,29.36,10.86,8.97,0.86,19.00,66.00,27.00
0,0.61,-19.19,85.27,73.40,298.84,25.17,11.11,9.00,0.86,13.00,63.00,15.00
0,0.74,-18.79,85.22,95.42,284.16,17.83,11.11,8.97,0.89,8.00,60.00,9.00
0,0.82,-18.79,85.26,101.71,245.37,-27.26,10.97,9.08,0.97,-3.00,54.00,3.00
0,0.57,-19.20,86.28,90.18,265.29,27.26,11.14,9.25,0.92,-10.00,44.00,-3.00
0,0.72,-19.16,86.02,111.15,298.84,7.34,11.11,9.06,0.97,-14.00,31.00,-3.00
0,0.77,-19.26,86.13,105.91,231.74,-2.10,10.97,9.08,0.94,-18.00,27.00,-9.00
0,0.73,-19.77,86.46,94.37,294.65,31.46,11.28,8.72,1.00,-25.00,22.00,-9.00
0,0.88,-19.63,86.21,57.67,274.73,53.48,11.06,8.89,0.86,-17.00,7.00,-3.00
0,1.16,-18.94,85.47,110.10,246.42,51.38,11.14,8.69,1.06,-20.00,1.00,1.00
0,1.44,-19.43,84.73,109.05,262.14,33.55,10.81,8.97,0.97,-24.00,-19.00,2.00
0,1.47,-19.73,84.51,126.88,304.09,1.05,11.11,9.28,1.11,-30.00,-47.00,0.00
0,1.28,-19.93,84.78,109.05,251.66,41.94,11.17,9.25,0.92,-41.00,-77.00,-14.00
0,1.28,-20.23,84.32,88.08,301.99,16.78,11.19,9.11,0.86,-56.00,-86.00,-33.00
0,1.10,-19.92,84.44,121.63,234.88,17.83,11.08,9.08,0.92,-64.00,-80.00,-37.00
0,0.94,-20.65,84.48,78.64,309.33,28.31,11.31,8.61,1.03,-60.00,-74.00,-34.00
0,0.87,-20.20,84.44,62.91,246.42,14.68,11.08,9.31,0.92,-51.00,-67.00,-28.00
0,0.71,-19.64,84.58,69.21,224.40,-83.89,10.97,8.94,0.94,-47.00,-59.00,-26.00
0,-0.08,-19.47,86.76,80.74,260.05,46.14,10.97,8.86,0.89,-40.00,-37.00,-25.00
0,0.16,-19.24,86.03,77.59,301.99,29.36,10.83,8.89,0.81,-35.00,-9.00,-21.00
0,0.28,-18.87,85.84,100.66,290.46,16.78,11.17,9.25,1.00,-25.00,5.00,-17.00
0,0.29,-18.89,85.87,136.31,235.93,46.14,10.97,9.14,0.92,-19.00,-30.00,-19.00
0,0.36,-19.90,85.25,137.36,259.00,15.73,11.08,9.25,0.83,-35.00,-131.00,-39.00
0,-0.22,-20.54,85.42,113.25,267.39,17.83,11.11,8.61,0.83,-76.00,-388.00,-92.00
0,-1.63,-20.62,85.68,157.29,249.56,-23.07,11.14,8.94,0.67,-207.00,-953.00,-184.00
0,-3.88,-21.32,86.71,230.69,232.78,-32.51,11.11,8.97,0.53,-308.00,-1342.00,-309.00
0,-7.22,-22.35,87.69,131.07,231.74,30.41,11.22,9.14,0.14,-544.00,-2123.00,-392.00
0,-10.78,-22.46,87.34,126.88,236.98,29.36,11.33,9.33,-0.19,-943.00,-2546.00,-561.00
0,-14.36,-22.47,86.72,77.59,279.97,60.82,11.36,9.22,-0.69,-1198.00,-2565.00,-556.00
0,-16.87,-21.52,85.33,-68.16,234.88,48.23,10.67,9.42,-0.94,-1191.00,-1946.00,-428.00
0,-17.36,-18.65,83.52,-114.29,268.44,20.97,11.33,9.47,-0.81,-1019.00,-538.00,41.00
0,-15.93,-15.76,82.83,-63.96,372.24,74.45,11.36,8.89,-0.50,-336.00,907.00,424.00
0,-12.48,-15.70,82.57,-59.77,378.54,95.42,11.42,9.06,-0.31,504.00,2248.00,406.00
0,-7.56,-15.74,82.53,-18.87,303.04,87.03,11.25,8.86,0.08,932.00,3316.00,450.00
0,-2.06,-14.34,82.05,50.33,317.72,103.81,10.97,9.03,0.83,1081.00,3677.00,475.00
0,3.89,-14.05,81.73,80.74,287.31,69.21,10.86,9.19,1.22,1213.00,4007.00,580.00
0,9.05,-14.51,81.85,122.68,266.34,75.50,10.53,8.97,1.75,1338.00,3514.00,753.00
0,13.38,-15.61,82.09,205.52,315.62,-2.10,10.31,9.03,1.94,1451.00,2924.00,631.00
0,15.65,-15.39,83.66,180.36,264.24,22.02,9.94,9.36,2.17,1520.00,1757.00,-209.00
0,15.86,-15.82,85.08,260.05,225.44,-49.28,9.97,9.56,2.14,1059.00,355.00,-600.00
0,13.93,-16.59,86.33,231.74,144.70,-137.36,9.92,9.81,2.00,180.00,-1072.00,-595.00
0,9.67,-18.90,89.11,187.70,204.47,0.00,9.86,9.64,1.75,-448.00,-2344.00,-349.00
0,5.44,-20.64,89.68,185.60,224.40,20.97,10.36,9.69,1.22,-695.00,-2840.00,-365.00
0,0.40,-21.66,89.80,116.39,244.32,58.72,10.36,9.64,0.89,-1027.00,-3529.00,-475.00
0,-4.19,-21.58,88.41,6.29,228.59,115.34,10.64,9.61,0.36,-1479.00,-3501.00,-423.00
0,-7.00,-20.07,84.90,-79.69,306.18,119.54,10.75,9.50,0.19,-1681.00,-2606.00,-110.00
0,-8.26,-19.32,82.85,-160.43,352.32,124.78,11.11,9.28,0.11,-1207.00,-1223.00,532.00
0,-7.84,-20.41,82.06,-167.77,386.92,140.51,11.22,9.19,0.19,-461.00,121.00,790.00
0,-5.79,-21.20,81.53,-60.82,353.37,94.37,11.19,9.19,0.47,166.00,1255.00,745.00
0,-2.54,-20.59,81.08,8.39,285.21,33.55,11.22,9.03,0.56,623.00,2099.00,394.00
0,0.83,-18.87,81.11,63.96,268.44,78.64,11.39,8.72,1.14,710.00,2361.00,326.00
0,4.20,-18.33,80.82,171.97,297.80,49.28,10.92,9.03,1.31,1029.00,2146.00,323.00
0,6.02,-18.91,81.77,161.48,289.41,6.29,10.83,9.08,1.31,1163.00,1284.00,201.00
0,6.36,-19.09,83.25,191.89,228.59,-27.26,10.72,9.11,1.36,946.00,456.00,-286.00
0,5.29,-20.43,84.93,163.58,227.54,34.60,10.64,9.19,1.11,408.00,-397.00,-330.00
0,3.74,-21.62,85.13,141.56,229.64,2.10,10.64,9.31,1.00,-43.00,-1023.00,-242.00
0,1.67,-22.32,85.82,69.21,233.83,32.51,10.81,9.69,0.75,-281.00,-1239.00,-328.00
0,0.14,-21.43,85.47,38.80,261.10,35.65,10.89,9.69,0.75,-419.00,-1058.00,-381.00
0,-1.03,-19.94,84.93,41.94,286.26,37.75,10.97,9.69,0.56,-442.00,-879.00,-240.00
0,-1.60,-19.10,84.43,26.21,270.53,18.87,11.06,9.39,0.58,-326.00,-446.00,70.00
0,-1.43,-18.14,84.22,12.58,295.70,71.30,10.86,9.31,0.58,-197.00,118.00,252.00
0,-0.27,-17.20,83.22,15.73,289.41,22.02,10.86,9.33,0.75,-23.00,632.00,277.00
0,1.03,-16.16,83.18,47.19,244.32,-13.63,10.92,9.42,0.92,107.00,923.00,240.00
0,2.11,-15.95,83.92,61.87,298.84,46.14,10.75,9.19,1.00,178.00,923.00,250.00
0,3.16,-15.85,83.67,79.69,294.65,30.41,10.83,9.31,1.08,203.00,690.00,234.00
0,3.68,-15.92,83.76,145.75,256.90,-5.24,10.64,9.11,1.14,167.00,376.00,127.00
0,3.79,-17.15,84.41,126.88,288.36,6.29,10.75,9.50,1.22,137.00,210.00,45.00
0,3.54,-17.55,84.81,71.30,252.71,28.31,10.75,9.19,1.22,63.00,-77.00,-85.00
0,3.15,-17.31,84.73,91.23,279.97,-1.05,10.97,8.86,1.25,-34.00,-290.00,-80.00
0,2.47,-17.33,85.25,83.89,257.95,38.80,10.86,9.36,1.06,-68.00,-382.00,-83.00
0,2.02,-17.34,84.92,61.87,306.18,17.83,11.33,9.28,1.08,-74.00,-381.00,-78.00
0,1.55,-16.90,85.05,24.12,303.04,82.84,10.64,9.19,0.94,-73.00,-312.00,-39.00
0,1.48,-16.05,84.24,96.47,305.14,9.44,11.31,9.36,0.89,-60.00,-210.00,-8.00
0,1.24,-16.20,84.48,79.69,268.44,65.01,10.86,9.31,0.89,-38.00,-118.00,9.00
0,1.32,-16.26,83.70,18.87,285.21,81.79,10.86,9.81,0.92,-38.00,-78.00,13.00
0,1.52,-15.24,82.78,84.93,311.43,16.78,10.75,9.17,0.92,-32.00,-11.00,7.00
0,1.45,-15.27,82.97,69.21,274.73,30.41,10.72,8.89,0.86,-31.00,18.00,9.00
0,1.41,-15.19,82.96,71.30,288.36,54.53,10.86,9.19,0.89,-30.00,15.00,8.00
0,1.44,-15.09,82.60,91.23,278.92,52.43,11.31,9.39,1.08,-20.00,1.00,3.00
0,1.47,-15.36,82.29,82.84,276.82,55.57,10.75,9.25,0.86,-8.00,-20.00,10.00
0,1.44,-15.50,81.97,81.79,309.33,14.68,10.64,9.22,0.94,5.00,-35.00,17.00
0,1.22,-15.51,82.34,97.52,260.05,8.39,10.86,9.42,0.86,11.00,-48.00,25.00
0,0.93,-16.06,82.88,76.55,278.92,28.31,10.97,9.33,0.92,11.00,-50.00,24.00
0,0.78,-16.05,83.00,90.18,291.50,17.83,10.86,9.08,0.86,9.00,-44.00,24.00
0,0.63,-16.20,83.27,94.37,271.58,55.57,11.56,8.67,1.06,9.00,-31.00,23.00
0,0.74,-16.48,82.83,108.00,289.41,12.58,10.75,9.19,0.86,7.00,-12.00,21.00
0,0.62,-16.83,83.16,44.04,263.19,58.72,11.14,9.00,0.89,6.00,8.00,12.00
0,0.80,-16.12,82.55,40.89,276.82,56.62,10.86,9.19,0.89,6.00,24.00,4.00
0,0.91,-15.41,82.13,109.05,292.55,3.15,10.97,9.00,0.89,5.00,29.00,-1.00
0,0.77,-15.80,82.61,112.20,301.99,-17.83,11.03,9.17,0.97,-6.00,30.00,-10.00
0,0.57,-16.12,83.27,102.76,284.16,0.00,10.75,9.50,0.72,-7.00,28.00,-13.00
0,0.38,-16.44,83.75,116.39,308.28,-6.29,11.03,9.36,0.86,-11.00,25.00,-12.00
0,0.25,-16.71,84.15,114.29,289.41,-6.29,10.72,9.08,0.92,-11.00,15.00,-10.00
0,0.10,-17.09,84.64,91.23,297.80,25.17,11.06,9.11,0.89,-6.00,1.00,-13.00
0,0.09,-17.09,84.64,90.18,254.80,-7.34,11.03,9.42,0.92,-8.00,-9.00,-8.00
0,-0.10,-17.35,85.29,113.25,224.40,65.01,10.86,9.14,0.94,-11.00,-14.00,-10.00
0,0.25,-18.23,84.17,92.27,268.44,22.02,11.11,9.17,0.94,-14.00,-11.00,-8.00
0,0.24,-18.30,84.23,108.00,269.48,68.16,10.86,9.08,0.92,-14.00,-14.00,-15.00
0,0.46,-18.57,83.49,93.32,281.02,-11.53,10.75,9.25,0.92,-15.00,-15.00,-11.00
0,0.21,-18.58,84.21,84.93,232.78,-51.38,11.11,9.17,0.89,-14.00,-13.00,-10.00
0,-0.34,-18.76,85.81,85.98,267.39,-14.68,10.94,9.25,0.97,-9.00,-10.00,-9.00
0,-0.54,-18.69,86.46,112.20,287.31,14.68,10.86,9.17,0.89,-10.00,-9.00,-6.00
0,-0.48,-18.90,86.47,95.42,233.83,-20.97,10.86,9.22,0.89,-7.00,-2.00,-15.00
0,-0.61,-19.22,87.21,45.09,272.63,55.57,11.11,9.14,1.00,-2.00,27.00,-14.00
0,-0.15,-18.32,86.31,63.96,272.63,26.21,10.97,9.42,0.92,-8.00,49.00,-2.00
0,0.07,-17.88,86.08,87.03,262.14,33.55,10.89,9.25,0.94,-3.00,41.00,19.00
0,0.30,-17.99,85.74,66.06,274.73,29.36,10.97,9.17,0.86,13.00,26.00,37.00
0,0.44,-17.64,85.56,72.35,262.14,4.19,10.92,9.17,0.94,24.00,22.00,39.00
0,0.43,-17.49,85.92,100.66,292.55,8.39,11.00,9.17,0.89,31.00,19.00,35.00
0,0.45,-17.67,86.09,77.59,286.26,56.62,10.86,9.22,0.97,17.00,23.00,29.00
0,0.74,-17.49,85.45,78.64,247.46,-37.75,10.81,9.14,0.89,6.00,23.00,15.00
0,0.40,-17.56,86.76,61.87,306.18,47.19,11.11,9.03,0.97,1.00,12.00,10.00
0,0.60,-17.14,86.32,67.11,244.32,-47.19,10.97,9.25,0.94,-4.00,8.00,6.00
0,0.26,-17.02,87.70,52.43,256.90,51.38,10.81,9.06,0.92,-9.00,3.00,5.00
0,0.59,-16.49,86.73,92.27,285.21,52.43,10.86,9.11,0.94,-15.00,-6.00,4.00
0,0.85,-16.62,86.12,98.57,272.63,25.17,10.97,9.36,0.92,-16.00,-11.00,6.00
0,0.93,-16.93,85.95,90.18,285.21,19.92,10.86,9.17,0.97,-19.00,-14.00,5.00
0,0.98,-17.00,85.90,87.03,279.97,-2.10,10.86,9.22,0.89,-21.00,-6.00,0.00
0,0.92,-17.05,86.24,95.42,269.48,32.51,10.97,9.19,0.92,-20.00,6.00,0.00
0,1.06,-17.28,85.91,99.61,271.58,9.44,11.03,9.31,1.00,-15.00,9.00,1.00
0,1.08,-17.56,86.05,66.06,275.78,31.46,10.86,9.08,0.92,-10.00,6.00,3.00
0,1.20,-17.20,85.77,83.89,256.90,-14.68,11.08,9.36,1.00,-9.00,6.00,0.00
0,1.07,-17.31,86.45,74.45,269.48,5.24,11.08,9.36,0.94,-15.00,20.00,-6.00
0,1.08,-17.15,86.62,110.10,288.36,10.49,11.11,9.11,0.94,-16.00,25.00,-5.00
0,1.15,-17.46,86.66,90.18,279.97,4.19,10.97,9.25,0.94,-15.00,26.00,-2.00
0,1.16,-17.52,86.83,111.15,220.20,42.99,10.97,9.11,0.94,-13.00,13.00,6.00
0,1.44,-18.34,86.13,65.01,264.24,35.65,11.22,9.06,1.22,-4.00,2.00,1.00
0,1.66,-17.91,85.72,99.61,274.73,29.36,10.86,9.11,0.94,-10.00,-5.00,-1.00
0,1.72,-18.10,85.52,91.23,268.44,31.46,11.11,9.17,0.97,-12.00,-17.00,-1.00
0,1.78,-18.18,85.28,101.71,271.58,2.10,10.75,9.11,0.94,-16.00,-29.00,3.00
0,1.60,-18.42,85.63,113.25,283.12,9.44,11.11,9.17,0.97,-23.00,-57.00,-3.00
0,1.33,-18.71,85.83,134.22,299.89,-44.04,10.86,9.03,0.97,-25.00,-156.00,-13.00
0,0.77,-19.05,86.61,101.71,316.67,17.83,10.86,9.14,0.92,-31.00,-244.00,-31.00
0,0.13,-18.92,86.70,171.97,246.42,-27.26,10.97,9.08,0.78,-84.00,-466.00,-78.00
0,-1.51,-20.13,87.66,192.94,248.51,-70.25,11.22,9.17,0.69,-155.00,-987.00,-127.00
0,-4.41,-21.05,89.20,150.99,184.55,-92.27,11.11,9.06,0.28,-291.00,-1746.00,-222.00
0,-8.42,-22.19,91.79,97.52,224.40,68.16,11.31,9.36,-0.03,-591.00,-2203.00,-273.00
0,-11.05,-21.93,90.19,58.72,297.80,71.30,11.31,9.36,-0.33,-838.00,-2307.00,-288.00
0,-13.37,-20.96,88.89,35.65,299.89,54.53,11.25,9.11,-0.58,-907.00,-1998.00,-182.00
0,-14.93,-19.90,87.66,-13.63,337.64,74.45,11.36,9.11,-0.83,-820.00,-1377.00,-44.00
0,-15.97,-19.00,86.53,-49.28,320.86,59.77,11.36,9.06,-0.86,-748.00,-945.00,22.00
0,-15.65,-17.49,85.54,-54.53,318.77,84.93,11.47,8.97,-0.69,-368.00,-2.00,83.00
0,-13.80,-16.09,84.67,-46.14,304.09,81.79,11.50,9.25,-0.61,144.00,1028.00,155.00
0,-10.51,-14.62,83.94,-16.78,325.06,133.17,11.42,9.06,-0.14,532.00,2041.00,351.00
0,-6.02,-14.16,83.30,18.87,281.02,70.25,11.42,8.86,0.08,816.00,2897.00,518.00
0,-0.84,-13.50,82.76,65.01,319.82,66.06,11.22,9.08,0.92,953.00,3440.00,609.00
0,4.50,-13.99,82.77,128.97,340.79,38.80,11.11,8.78,1.19,1131.00,3594.00,890.00
0,8.18,-14.79,83.60,158.33,254.80,27.26,10.64,8.94,1.67,1295.00,2547.00,717.00
0,11.62,-16.47,84.37,257.95,293.60,-51.38,10.22,8.83,1.58,1281.00,2405.00,444.00
0,13.14,-15.91,85.50,281.02,252.71,-57.67,10.58,8.94,1.81,1160.00,1187.00,-328.00
0,12.61,-15.59,86.50,236.98,178.26,-22.02,10.42,9.31,1.69,558.00,-221.00,-526.00
0,9.93,-18.17,87.50,273.68,225.44,-60.82,10.75,9.31,1.44,-213.00,-1630.00,-356.00
0,5.54,-18.85,88.34,217.06,243.27,0.00,10.75,9.33,1.08,-654.00,-2839.00,-395.00
0,0.16,-19.78,88.83,153.09,196.08,6.29,11.14,9.00,0.44,-1000.00,-3626.00,-470.00
0,-5.31,-20.55,88.96,78.64,189.79,138.41,11.11,9.25,-0.03,-1250.00,-3726.00,-653.00
0,-9.32,-20.56,85.73,-46.14,232.78,113.25,11.14,9.39,-0.42,-1534.00,-3453.00,-340.00
0,-11.67,-18.12,82.28,-94.37,281.02,108.00,11.25,9.22,-0.58,-1571.00,-2190.00,-14.00
0,-12.37,-16.44,80.03,-68.16,336.59,80.74,11.42,9.44,-0.44,-1122.00,-774.00,372.00
0,-11.46,-15.94,79.20,-54.53,375.39,84.93,11.42,8.97,-0.39,-297.00,496.00,537.00
0,-9.04,-16.07,78.79,5.24,277.87,56.62,11.31,8.94,0.00,222.00,1605.00,493.00
0,-5.51,-14.54,78.62,47.19,286.26,70.25,11.31,8.75,0.31,566.00,2451.00,369.00
0,-1.34,-14.06,78.17,72.35,290.46,59.77,11.39,8.67,0.97,584.00,2863.00,565.00
0,2.08,-14.16,78.75,148.90,276.82,-61.87,11.22,9.03,1.11,1040.00,2363.00,557.00
0,4.02,-15.37,81.06,198.18,260.05,-13.63,11.50,9.22,1.44,1087.00,1661.00,401.00
0,5.59,-16.56,82.69,211.81,287.31,-27.26,10.86,9.03,1.39,1122.00,1307.00,15.00
0,5.88,-16.59,84.15,218.10,221.25,-9.44,10.44,9.28,1.33,891.00,417.00,-487.00
0,4.79,-17.85,85.32,167.77,231.74,-1.05,10.72,9.36,1.25,334.00,-523.00,-631.00
0,3.02,-19.48,85.98,154.14,259.00,2.10,10.56,9.03,1.06,-166.00,-1092.00,-91.00
0,0.77,-20.13,86.45,84.93,195.04,-65.01,10.86,9.25,0.81,-373.00,-1446.00,-311.00
0,-1.46,-20.42,87.56,47.19,263.19,75.50,10.64,9.28,0.47,-551.00,-1228.00,-14.00
0,-2.12,-19.69,85.82,31.46,247.46,79.69,11.11,9.17,0.58,-544.00,-788.00,88.00
0,-1.90,-18.85,83.89,17.83,281.02,62.91,11.14,9.08,0.58,-412.00,-269.00,252.00
0,-1.62,-17.91,82.82,25.17,291.50,1.05,11.14,9.31,0.69,-294.00,-2.00,283.00
0,-1.06,-17.13,83.12,60.82,294.65,4.19,11.08,8.94,0.67,-60.00,474.00,285.00
0,-0.09,-16.92,83.45,65.01,271.58,5.24,11.08,9.08,0.86,134.00,766.00,247.00
0,0.91,-16.88,83.95,106.95,270.53,-26.21,11.11,8.83,0.94,243.00,773.00,267.00
0,1.48,-17.57,85.03,145.75,284.16,31.46,11.08,8.83,0.97,277.00,577.00,227.00
0,2.01,-18.34,85.07,113.25,255.85,-11.53,11.11,8.78,1.00,230.00,335.00,98.00
0,1.92,-18.89,85.89,133.17,254.80,36.70,10.97,8.92,1.06,146.00,73.00,2.00
0,1.87,-19.63,85.67,97.52,252.71,5.24,11.11,8.81,1.11,62.00,-128.00,-40.00
0,1.54,-19.73,86.04,120.59,274.73,-13.63,11.50,8.78,1.08,1.00,-193.00,-60.00
0,1.04,-20.03,86.67,99.61,247.46,-16.78,11.11,8.94,1.03,-12.00,-244.00,-63.00
0,0.54,-20.17,87.43,89.13,241.17,-55.57,11.03,9.00,0.94,-25.00,-221.00,-64.00
0,-0.15,-20.17,89.03,106.95,251.66,35.65,11.11,8.81,0.94,-16.00,-156.00,-44.00
0,0.09,-20.41,88.36,96.47,291.50,9.44,11.19,9.14,0.89,-11.00,-75.00,-37.00
0,0.24,-20.24,88.29,87.03,242.22,14.68,11.67,8.83,1.06,-16.00,-1.00,-18.00
0,0.52,-20.21,88.03,78.64,269.48,32.51,11.03,8.97,0.86,-27.00,46.00,-3.00
0,0.87,-19.85,87.47,96.47,235.93,25.17,11.19,9.19,0.89,-29.00,49.00,-7.00
0,1.15,-20.06,87.04,91.23,252.71,59.77,11.11,8.86,0.94,-26.00,43.00,-22.00
0,1.63,-20.01,85.97,36.70,279.97,65.01,10.97,8.92,0.94,-23.00,25.00,-24.00
0,1.99,-18.89,85.07,119.54,298.84,-17.83,11.22,8.81,0.94,-17.00,8.00,-20.00
0,1.83,-19.10,85.59,22.02,268.44,59.77,11.25,9.03,1.03,-5.00,-12.00,-14.00
0,2.06,-17.74,84.77,91.23,262.14,41.94,11.22,8.83,0.94,12.00,-34.00,-10.00
0,2.13,-17.88,84.43,105.91,210.76,-38.80,11.11,8.86,0.86,18.00,-47.00,-3.00
0,1.69,-18.60,85.59,96.47,279.97,22.02,11.08,9.14,0.92,16.00,-47.00,-2.00
0,1.62,-18.64,85.59,44.04,268.44,70.25,11.22,8.92,0.92,14.00,-38.00,-6.00
0,1.91,-17.78,84.59,62.91,266.34,45.09,10.97,9.08,0.86,11.00,-32.00,-11.00
0,2.01,-17.34,84.16,76.55,288.36,27.26,11.17,9.14,0.89,2.00,-22.00,-13.00
0,1.96,-17.13,84.18,85.98,286.26,34.60,11.22,8.94,0.89,4.00,-17.00,-13.00
0,1.94,-17.09,84.08,99.61,263.19,45.09,11.31,9.06,0.94,12.00,-14.00,-18.00
0,2.02,-17.39,83.72,111.15,306.18,-10.49,11.11,8.83,0.78,4.00,-2.00,-20.00
0,1.83,-17.55,84.21,97.52,270.53,-6.29,11.17,9.14,0.89,1.00,8.00,-27.00
0,1.60,-17.76,84.81,49.28,306.18,53.48,11.11,8.86,0.89,-5.00,4.00,-21.00
0,1.69,-17.11,84.42,92.27,303.04,22.02,11.11,8.86,0.86,-2.00,-7.00,-21.00
0,1.63,-17.08,84.50,127.93,299.89,-1.05,11.08,8.86,0.89,0.00,-14.00,-25.00
0,1.46,-17.47,84.85,61.87,271.58,23.07,11.11,8.89,0.86,9.00,-33.00,-27.00
0,1.38,-17.01,84.89,90.18,281.02,41.94,11.11,8.94,0.86,16.00,-45.00,-26.00
0,1.40,-17.06,84.62,96.47,290.46,8.39,11.11,8.89,0.81,16.00,-47.00,-26.00
0,1.24,-17.16,84.93,91.23,281.02,47.19,11.14,8.89,0.83,16.00,-44.00,-20.00
0,1.29,-17.22,84.56,76.55,269.48,-5.24,11.11,9.11,0.81,18.00,-40.00,-14.00
0,1.05,-17.11,85.20,97.52,232.78,-7.34,11.11,8.97,0.92,22.00,-32.00,-9.00
0,0.85,-17.65,85.79,40.89,261.10,32.51,11.14,9.08,0.78,17.00,-24.00,-4.00
0,0.93,-16.77,85.49,113.25,277.87,-2.10,11.11,9.06,0.86,19.00,-16.00,-10.00
0,0.82,-17.23,85.89,74.45,274.73,28.31,11.11,9.03,0.78,18.00,-18.00,-12.00
0,0.85,-17.04,85.73,105.91,232.78,-38.80,11.14,9.06,0.75,18.00,-24.00,-18.00
0,0.45,-17.78,87.01,118.49,268.44,-16.78,11.11,8.97,0.78,10.00,-26.00,-16.00
0,0.27,-18.30,87.54,103.81,285.21,-24.12,11.22,8.83,0.78,-7.00,-26.00,-22.00
0,0.11,-18.42,88.09,93.32,317.72,0.00,11.11,9.08,0.72,-9.00,-31.00,-30.00
0,0.10,-18.27,88.18,99.61,228.59,2.10,10.97,8.92,0.83,-12.00,-35.00,-40.00
0,0.12,-18.69,88.26,85.98,282.07,0.00,11.44,8.72,0.72,-15.00,-34.00,-48.00
0,0.12,-18.50,88.37,62.91,274.73,28.31,11.11,9.00,0.81,-19.00,-28.00,-48.00
0,0.32,-17.93,87.92,73.40,307.23,20.97,11.06,8.97,0.78,-21.00,-25.00,-47.00
0,0.44,-17.57,87.73,85.98,232.78,-5.24,11.11,9.22,0.86,-25.00,-18.00,-45.00
0,0.44,-17.77,87.98,84.93,297.80,12.58,11.22,9.08,0.72,-27.00,-6.00,-44.00
0,0.53,-17.59,87.88,72.35,281.02,44.04,11.25,9.44,0.86,-26.00,4.00,-36.00
0,0.82,-17.29,87.22,87.03,279.97,26.21,11.03,9.25,0.75,-23.00,9.00,-31.00
0,0.97,-17.27,86.94,66.06,292.55,30.41,10.75,8.94,0.78,-18.00,10.00,-24.00
0,1.12,-16.89,86.64,123.73,218.10,28.31,10.97,9.14,0.78,-17.00,12.00,-19.00
0,1.29,-18.02,86.24,106.95,259.00,2.10,11.42,9.22,0.86,-20.00,16.00,-14.00
0,1.27,-18.44,86.48,80.74,276.82,5.24,11.17,9.31,0.92,-18.00,19.00,-11.00
0,1.27,-18.25,86.64,104.86,267.39,-8.39,10.89,9.17,0.78,-18.00,13.00,-10.00
0,1.16,-18.56,87.05,102.76,239.08,49.28,11.06,9.08,0.72,-18.00,3.00,-8.00
0,1.45,-19.02,86.14,87.03,284.16,37.75,11.36,9.14,0.81,-17.00,-9.00,-9.00
0,1.57,-18.86,85.78,89.13,273.68,22.02,10.97,9.22,0.81,-18.00,-19.00,-8.00
0,1.57,-18.79,85.71,95.42,284.16,8.39,10.97,9.44,0.83,-16.00,-24.00,-9.00
0,1.47,-18.79,85.88,82.84,272.63,22.02,11.39,8.83,1.03,-17.00,-26.00,-6.00
0,1.50,-18.63,85.79,68.16,284.16,38.80,11.83,9.17,0.78,-21.00,-26.00,-7.00
0,1.57,-18.19,85.43,69.21,254.80,-15.73,11.11,9.06,0.78,-23.00,-24.00,-9.00
0,1.30,-17.90,86.20,69.21,273.68,56.62,11.33,9.03,0.67,-23.00,-14.00,-11.00
0,1.49,-17.56,85.42,121.63,300.94,-4.19,11.11,9.06,0.72,-26.00,-12.00,-11.00
0,1.29,-17.91,85.75,101.71,279.97,-11.53,11.22,8.67,0.86,-13.00,-77.00,13.00
0,0.67,-18.12,86.42,67.11,281.02,37.75,11.19,9.31,0.78,0.00,-323.00,-12.00
0,-0.33,-17.67,86.26,168.82,288.36,-36.70,11.14,9.14,0.56,-81.00,-772.00,-90.00
0,-2.71,-18.18,87.23,202.38,226.49,-48.23,11.11,9.11,0.25,-192.00,-1515.00,-239.00
0,-6.46,-19.50,88.79,177.21,244.32,15.73,11.47,9.25,-0.14,-353.00,-2342.00,-407.00
0,-10.35,-20.24,89.33,177.21,244.32,15.73,11.31,9.28,-0.44,-465.00,-2699.00,-471.00
0,-14.55,-20.86,89.55,9.44,252.71,99.61,11.17,9.39,-1.11,-802.00,-2971.00,-510.00
0,-17.46,-18.87,87.22,-16.78,276.82,100.66,11.25,9.36,-1.28,-1000.00,-2566.00,-353.00
0,-19.17,-17.18,85.08,-95.42,268.44,35.65,11.47,9.25,-1.39,-915.00,-1611.00,-76.00
0,-19.29,-14.47,83.95,-84.93,364.90,75.50,11.47,9.36,-1.39,-691.00,-253.00,242.00
0,-17.49,-14.40,83.45,-63.96,311.43,113.25,11.42,8.83,-1.14,14.00,1130.00,307.00
0,-13.74,-13.22,82.61,-54.53,299.89,67.11,11.31,9.03,-0.78,523.00,2375.00,420.00
0,-8.81,-11.67,82.40,35.65,315.62,61.87,11.39,9.14,-0.50,845.00,3321.00,548.00
0,-3.51,-11.48,82.36,89.13,270.53,50.33,11.25,9.14,0.28,921.00,3674.00,599.00
0,2.33,-12.12,82.21,128.97,225.44,51.38,11.14,8.94,0.75,976.00,4057.00,590.00
0,8.22,-13.79,81.82,126.88,296.75,94.37,10.42,8.92,1.42,1084.00,4088.00,551.00
0,12.90,-14.49,81.73,209.72,313.52,0.00,10.58,9.03,1.83,1168.00,3212.00,609.00
0,16.22,-14.97,82.67,232.78,248.51,-3.15,10.31,8.92,2.14,1268.00,2434.00,402.00
0,17.45,-15.87,84.24,208.67,230.69,12.58,10.11,9.17,2.17,1216.00,1105.00,-302.00
0,16.91,-16.88,85.46,262.14,201.33,-62.91,9.97,9.53,2.14,730.00,-129.00,-684.00
0,14.57,-18.27,86.76,212.86,213.91,-10.49,10.08,9.58,1.92,-63.00,-1302.00,-439.00
0,11.14,-20.26,87.53,190.84,183.50,-12.58,10.25,9.56,1.56,-493.00,-2158.00,-196.00
0,7.21,-22.55,88.54,156.24,188.74,-19.92,10.44,9.69,1.42,-631.00,-2463.00,-254.00
0,2.83,-23.38,89.57,113.25,235.93,53.48,10.53,9.50,0.94,-820.00,-2787.00,-469.00
0,-0.97,-23.10,88.69,57.67,199.23,84.93,10.64,9.61,0.69,-976.00,-2900.00,-440.00
0,-3.90,-22.29,87.01,-111.15,252.71,149.95,11.00,9.72,0.19,-1188.00,-2412.00,-429.00
0,-5.03,-20.01,84.02,-90.18,277.87,42.99,11.03,9.53,0.25,-1189.00,-1315.00,166.00
0,-5.07,-17.70,82.80,-68.16,363.86,83.89,11.11,9.47,0.19,-720.00,-181.00,473.00
0,-3.63,-17.93,82.03,-61.87,324.01,100.66,10.97,9.11,0.39,-150.00,900.00,579.00
0,-0.74,-17.04,81.06,3.15,260.05,18.87,11.22,8.97,0.75,250.00,1841.00,597.00
0,2.40,-15.86,81.19,24.12,313.52,68.16,11.08,9.19,0.94,418.00,2219.00,653.00
0,5.92,-15.32,81.16,142.61,319.82,16.78,10.81,8.89,1.39,858.00,2420.00,543.00
0,8.73,-16.06,82.15,153.09,296.75,2.10,10.81,9.03,1.53,1151.00,2012.00,516.00
0,10.35,-16.59,83.60,232.78,185.60,-31.46,10.53,9.11,1.64,1164.00,1308.00,34.00
0,10.52,-18.83,85.51,180.36,221.25,-3.15,10.47,9.33,1.53,903.00,454.00,-341.00
0,9.62,-20.30,86.57,178.26,163.58,-121.63,10.39,9.36,1.50,337.00,-408.00,-301.00
0,6.94,-22.34,89.91,170.92,227.54,-23.07,10.53,9.25,1.39,-130.00,-1015.00,-231.00
0,4.96,-23.02,90.49,124.78,197.13,39.85,10.42,9.56,1.17,-408.00,-1212.00,-469.00
0,3.62,-23.14,89.65,45.09,216.01,-59.77,10.42,9.42,1.11,-510.00,-1205.00,-436.00
0,1.78,-22.18,90.47,20.97,279.97,61.87,10.81,9.69,1.00,-611.00,-1069.00,-185.00
0,1.29,-20.65,88.78,9.44,267.39,55.57,10.75,9.64,0.86,-585.00,-746.00,-11.00
0,1.30,-19.17,87.17,52.43,243.27,60.82,10.94,9.19,1.00,-486.00,-367.00,166.00
0,1.78,-18.75,85.64,18.87,315.62,89.13,10.81,9.14,1.00,-294.00,-27.00,164.00
0,2.34,-17.91,84.69,67.11,317.72,40.89,10.94,9.47,1.00,-65.00,160.00,75.00
0,2.75,-17.63,84.42,78.64,252.71,-31.46,10.81,9.19,1.03,3.00,229.00,80.00
0,2.64,-17.70,85.62,95.42,279.97,31.46,10.89,9.42,1.03,39.00,190.00,57.00
0,2.88,-17.86,85.42,98.57,313.52,7.34,10.86,9.19,1.11,44.00,133.00,49.00
0,2.88,-17.91,85.64,93.32,275.78,0.00,10.86,9.19,1.03,47.00,16.00,36.00
0,2.65,-18.02,86.10,110.10,296.75,12.58,10.75,9.19,1.08,53.00,-81.00,2.00
0,2.47,-18.18,86.30,100.66,234.88,-29.36,10.86,9.22,1.06,52.00,-121.00,-31.00
0,2.02,-18.69,87.40,98.57,281.02,3.15,10.86,9.14,0.94,41.00,-122.00,-11.00
0,1.86,-18.80,87.62,83.89,278.92,9.44,10.97,9.36,0.97,32.00,-101.00,13.00
0,1.83,-18.67,87.69,89.13,295.70,12.58,10.75,9.19,0.94,21.00,-68.00,17.00
0,1.87,-18.57,87.67,88.08,279.97,24.12,10.92,9.42,1.00,4.00,-32.00,16.00
0,2.01,-18.51,87.40,84.93,266.34,50.33,10.86,9.31,0.92,-9.00,-17.00,13.00
0,2.33,-18.46,86.59,78.64,290.46,18.87,10.86,9.03,0.86,-22.00,-1.00,6.00
0,2.39,-18.21,86.47,102.76,275.78,-4.19,10.86,9.11,0.92,-41.00,3.00,2.00
0,2.31,-18.41,86.76,106.95,230.69,53.48,10.75,9.11,0.83,-38.00,2.00,-16.00
0,2.61,-19.00,85.76,84.93,292.55,-4.19,10.81,9.17,0.94,-27.00,-18.00,-29.00
0,2.46,-18.76,86.13,94.37,248.51,15.73,10.97,8.83,0.97,-17.00,-39.00,-35.00
0,2.39,-18.95,86.13,72.35,305.14,56.62,10.94,9.31,0.94,-12.00,-53.00,-34.00
0,2.48,-18.53,85.64,83.89,273.68,8.39,11.06,8.89,0.92,-3.00,-66.00,-30.00
0,2.32,-18.39,85.89,88.08,272.63,14.68,10.83,9.25,0.83,3.00,-71.00,-31.00
0,2.18,-18.33,85.99,85.98,262.14,23.07,10.58,9.00,1.06,9.00,-74.00,-27.00
0,2.17,-18.30,85.90,32.51,289.41,71.30,10.75,9.17,0.89,9.00,-57.00,-27.00
0,2.39,-17.32,85.05,78.64,267.39,20.97,10.94,9.42,0.86,5.00,-38.00,-20.00
0,2.35,-17.23,85.07,97.52,246.42,53.48,10.97,9.25,0.86,0.00,-22.00,-21.00
0,2.52,-17.62,84.34,77.59,304.09,17.83,11.19,9.22,0.92,0.00,-15.00,-22.00
0,2.44,-17.37,84.48,113.25,298.84,-6.29,10.92,9.42,0.89,1.00,-15.00,-24.00
0,2.24,-17.60,84.91,82.84,238.03,-12.58,10.97,9.67,0.94,-2.00,-11.00,-25.00
0,1.99,-17.75,85.61,94.37,274.73,-3.15,10.81,9.25,0.83,-4.00,-2.00,-22.00
0,1.83,-17.86,86.01,30.41,271.58,61.87,10.75,9.06,1.11,-4.00,-3.00,-19.00
0,2.14,-16.79,85.11,81.79,254.80,-8.39,11.00,9.22,0.83,-5.00,-7.00,-15.00
0,1.92,-16.91,85.76,32.51,289.41,68.16,10.97,9.00,1.08,-4.00,-18.00,-13.00
0,2.15,-16.04,84.94,58.72,265.29,-28.31,10.92,9.31,0.92,-9.00,-22.00,-12.00
0,1.83,-15.71,86.00,97.52,257.95,42.99,11.11,9.11,0.81,-13.00,-19.00,-15.00
0,1.92,-16.17,85.45,80.74,269.48,23.07,10.64,9.25,0.86,-11.00,-25.00,-16.00
0,1.90,-16.21,85.41,101.71,241.17,36.70,11.03,9.44,0.89,2.00,-32.00,-20.00
0,1.97,-16.87,84.98,79.69,286.26,31.46,10.86,9.19,0.86,-9.00,-30.00,-17.00
0,1.97,-16.75,84.83,78.64,257.95,-22.02,10.86,9.25,0.97,-12.00,-23.00,-16.00
0,1.67,-16.79,85.78,74.45,284.16,-22.02,10.75,9.22,0.89,-12.00,-16.00,-15.00
0,1.42,-16.63,86.50,113.25,296.75,0.00,11.06,9.00,0.83,-5.00,-16.00,-14.00
0,1.35,-16.94,86.72,85.98,263.19,4.19,10.69,9.28,0.75,1.00,-16.00,-16.00
0,1.29,-17.05,86.91,100.66,301.99,-19.92,11.08,9.31,0.81,-2.00,-10.00,-16.00
0,1.19,-17.15,87.36,80.74,294.65,14.68,10.86,9.25,0.81,-4.00,-4.00,-16.00
0,1.24,-17.01,87.30,88.08,315.62,1.05,10.89,9.44,0.72,-8.00,-4.00,-16.00
0,1.23,-16.92,87.42,37.75,288.36,53.48,10.64,9.25,0.72,-8.00,-4.00,-13.00
0,1.47,-16.12,86.68,73.40,261.10,-51.38,10.81,9.17,0.83,-11.00,-6.00,-12.00
0,1.14,-16.11,88.02,83.89,279.97,31.46,10.86,9.28,0.86,-12.00,-4.00,-10.00
0,1.29,-16.16,87.59,84.93,274.73,24.12,10.86,9.31,0.86,-14.00,-5.00,-10.00
0,1.44,-16.26,87.31,73.40,325.06,6.29,10.75,9.31,0.83,-13.00,-5.00,-11.00
0,1.48,-16.05,87.35,47.19,281.02,59.77,11.11,9.22,0.92,-13.00,-1.00,-13.00
0,1.79,-15.48,86.45,57.67,271.58,35.65,10.94,9.47,0.83,-17.00,9.00,-13.00
0,1.96,-15.14,86.02,89.13,277.87,14.68,10.81,9.19,0.86,-13.00,16.00,-15.00
0,1.98,-15.37,86.05,30.41,291.50,65.01,10.86,9.17,0.83,-14.00,13.00,-17.00
0,2.18,-14.59,85.27,77.59,275.78,12.58,10.75,9.31,0.81,-12.00,0.00,-16.00
0,2.07,-14.69,85.43,120.59,196.08,-28.31,10.81,9.25,0.86,-9.00,-47.00,-19.00
0,1.70,-15.82,86.19,55.57,267.39,29.36,10.75,9.25,0.86,-25.00,-102.00,-43.00
0,1.66,-15.40,85.86,81.79,264.24,44.04,10.92,9.47,0.81,-61.00,-79.00,-38.00
0,1.78,-15.55,85.26,81.79,252.71,37.75,10.83,9.58,0.78,-55.00,-18.00,-16.00
0,1.93,-15.77,84.80,93.32,279.97,54.53,10.86,9.28,0.86,-35.00,32.00,-14.00
0,2.12,-15.99,84.26,70.25,257.95,-46.14,10.86,9.28,0.83,-9.00,48.00,1.00
0,1.78,-15.97,85.75,94.37,235.93,-20.97,10.83,9.47,0.92,-1.00,72.00,10.00
0,1.64,-16.56,86.53,91.23,263.19,45.09,10.81,9.25,0.83,-1.00,80.00,11.00
0,1.88,-16.83,85.91,88.08,277.87,23.07,10.86,9.28,0.86,4.00,41.00,19.00
0,1.79,-16.92,85.88,98.57,279.97,28.31,10.75,9.31,0.86,10.00,-97.00,-3.00
0,1.48,-17.11,85.77,95.42,267.39,-31.46,10.89,9.36,0.81,-29.00,-246.00,-45.00
0,0.60,-17.30,86.81,114.29,292.55,-5.24,10.56,9.53,0.64,-69.00,-413.00,-75.00
0,-0.75,-17.53,87.36,175.11,284.16,-29.36,10.81,9.42,0.58,-73.00,-859.00,-111.00
0,-3.15,-18.10,88.23,201.33,245.37,-22.02,11.11,9.25,0.47,-185.00,-1569.00,-239.00
0,-6.21,-19.28,88.88,161.48,240.12,-6.29,11.11,9.58,0.03,-520.00,-2053.00,-278.00
0,-9.39,-20.32,89.24,98.57,236.98,30.41,11.17,9.47,-0.19,-677.00,-2176.00,-235.00
0,-12.25,-20.32,88.48,94.37,203.42,65.01,11.33,9.28,-0.56,-882.00,-2191.00,-231.00
0,-14.53,-20.49,86.97,32.51,257.95,77.59,11.25,9.36,-0.72,-977.00,-1912.00,-212.00
0,-15.61,-19.34,84.74,-4.19,291.50,89.13,11.33,9.58,-0.78,-984.00,-1176.00,-32.00
0,-15.19,-18.21,82.73,-58.72,306.18,99.61,11.31,9.14,-0.75,-727.00,-59.00,280.00
0,-13.15,-16.97,81.27,-67.11,337.64,83.89,11.36,9.31,-0.53,-151.00,1133.00,523.00
0,-9.73,-16.33,80.65,-48.23,318.77,75.50,11.36,8.97,-0.31,403.00,2205.00,685.00
0,-5.22,-15.17,80.31,27.26,335.54,66.06,11.31,8.86,0.36,800.00,3013.00,722.00
0,-0.39,-14.93,80.20,34.60,304.09,73.40,11.31,9.03,0.69,894.00,3278.00,776.00
0,4.58,-14.48,80.18,91.23,294.65,26.21,10.86,8.72,1.36,1118.00,3411.00,706.00
0,8.71,-14.98,81.10,177.21,278.92,-31.46,10.92,8.92,1.61,1229.00,2938.00,660.00
0,11.56,-15.74,82.75,196.08,273.68,-12.58,10.33,8.86,1.69,1256.00,2251.00,65.00
0,12.90,-16.01,84.25,228.59,231.74,4.19,10.50,9.19,1.92,1094.00,1222.00,-501.00
0,12.79,-16.91,85.23,189.79,208.67,-2.10,10.19,9.36,2.08,588.00,136.00,-651.00
0,10.85,-18.91,86.12,227.54,219.15,0.00,10.28,9.69,1.83,-33.00,-1171.00,-317.00
0,7.51,-20.45,86.75,189.79,236.98,3.15,10.61,9.22,1.39,-487.00,-2161.00,-400.00
0,3.57,-21.41,87.37,161.48,242.22,12.58,10.64,9.75,1.11,-665.00,-2568.00,-495.00
0,-1.07,-22.03,87.81,57.67,221.25,89.13,10.75,9.42,0.53,-910.00,-3126.00,-474.00
0,-5.26,-20.97,86.33,22.02,249.56,92.27,10.75,9.33,0.28,-1089.00,-3257.00,-554.00
0,-8.47,-19.42,84.02,-76.55,233.83,44.04,11.08,9.58,-0.22,-1326.00,-2661.00,-312.00
0,-10.50,-16.88,82.43,-58.72,352.32,74.45,11.25,9.58,-0.25,-1283.00,-1535.00,162.00
0,-10.73,-16.90,81.27,-58.72,352.32,95.42,11.61,8.89,0.03,-773.00,-298.00,513.00
0,-9.15,-16.95,80.58,-62.91,306.18,50.33,11.72,8.92,0.06,-50.00,895.00,644.00
0,-6.14,-15.29,80.35,-12.58,332.40,106.95,11.75,9.08,0.50,420.00,1998.00,552.00
0,-2.45,-14.65,79.81,36.70,320.86,77.59,11.25,8.92,0.69,569.00,2438.00,519.00
0,1.88,-14.52,79.52,187.70,272.63,51.38,11.00,8.78,1.33,747.00,2910.00,793.00
0,5.18,-16.21,80.17,166.72,294.65,26.21,11.11,8.75,1.33,1173.00,2216.00,796.00
0,7.14,-16.87,81.44,226.49,211.81,8.39,10.83,9.11,1.53,1226.00,1483.00,166.00
0,7.66,-18.28,82.87,233.83,231.74,-27.26,10.67,9.11,1.47,976.00,610.00,-512.00
0,6.65,-19.26,84.12,176.16,242.22,1.05,10.86,9.56,1.42,303.00,-395.00,-521.00
0,4.65,-20.47,84.96,140.51,207.62,23.07,10.86,9.47,1.25,-104.00,-1171.00,-250.00
0,2.41,-21.52,85.05,93.32,187.70,-79.69,11.33,9.00,0.78,-429.00,-1490.00,-263.00
0,-0.37,-21.58,86.64,33.55,260.05,72.35,11.00,9.22,0.81,-574.00,-1418.00,-291.00
0,-1.77,-20.10,85.18,51.38,243.27,66.06,11.08,9.44,0.53,-586.00,-1261.00,-211.00
0,-2.58,-19.54,83.78,12.58,313.52,92.27,11.11,9.17,0.56,-531.00,-838.00,66.00
0,-2.57,-18.87,82.63,5.24,299.89,36.70,11.00,9.00,0.72,-365.00,-211.00,252.00
0,-1.96,-17.74,82.30,13.63,267.39,-22.02,11.22,9.06,0.67,-108.00,370.00,261.00
0,-1.16,-16.52,83.32,55.57,316.67,39.85,11.11,8.89,0.78,87.00,794.00,228.00
0,0.30,-16.29,83.12,106.95,245.37,42.99,10.86,8.86,0.97,204.00,986.00,255.00
0,1.79,-17.16,82.82,141.56,296.75,18.87,11.03,9.00,0.89,313.00,938.00,237.00
0,2.75,-17.68,83.20,134.22,297.80,44.04,11.08,9.25,1.19,376.00,726.00,68.00
0,3.57,-18.07,83.32,82.84,274.73,49.28,10.97,8.94,1.28,366.00,558.00,47.00
0,3.98,-17.97,83.26,67.11,293.60,69.21,10.75,9.00,1.25,279.00,224.00,31.00
0,4.06,-17.44,83.00,111.15,259.00,24.12,10.75,8.97,1.25,203.00,-25.00,-101.00
0,3.63,-17.86,83.37,131.07,189.79,1.05,10.86,9.03,1.19,109.00,-229.00,-122.00
0,2.95,-18.96,83.89,113.25,236.98,31.46,10.44,9.11,1.03,10.00,-346.00,-81.00
0,2.44,-19.57,83.82,37.75,282.07,84.93,11.28,8.83,1.11,-49.00,-342.00,-80.00
0,2.35,-18.51,82.87,85.98,267.39,14.68,10.97,9.06,1.03,-75.00,-263.00,-85.00
0,1.94,-18.39,83.18,65.01,322.96,44.04,10.97,9.19,0.92,-75.00,-177.00,-81.00
0,1.70,-17.91,83.05,91.23,253.76,26.21,11.17,8.94,0.81,-74.00,-135.00,-69.00
0,1.54,-18.07,83.04,44.04,268.44,53.48,10.75,8.94,0.81,-69.00,-50.00,-38.00
0,1.61,-17.24,82.50,91.23,282.07,8.39,11.11,9.06,0.92,-56.00,0.00,-4.00
0,1.45,-17.33,82.90,92.27,222.30,32.51,10.86,9.06,0.94,-36.00,16.00,8.00
0,1.44,-17.75,82.74,69.21,242.22,-47.19,10.97,9.17,0.94,-17.00,5.00,-6.00
0,0.86,-17.63,84.44,93.32,275.78,52.43,11.11,8.92,0.89,-2.00,-11.00,-12.00
0,0.92,-17.71,83.99,93.32,307.23,12.58,10.97,9.00,1.00,15.00,-28.00,-12.00
0,0.80,-17.68,84.27,71.30,275.78,36.70,10.86,9.31,1.03,25.00,-45.00,-8.00
0,0.80,-17.40,84.12,53.48,270.53,38.80,11.00,9.25,1.03,26.00,-51.00,-8.00
0,0.82,-16.81,83.92,80.74,274.73,-22.02,11.03,9.25,0.97,29.00,-53.00,-12.00
0,0.48,-16.80,84.90,63.96,282.07,37.75,11.08,9.25,0.94,19.00,-45.00,-11.00
0,0.52,-16.44,84.67,92.27,266.34,30.41,10.86,9.31,0.97,14.00,-27.00,-17.00
0,0.57,-16.67,84.54,95.42,240.12,-13.63,11.25,8.89,1.14,9.00,-12.00,-22.00
0,0.38,-17.16,85.35,59.77,266.34,34.60,11.11,9.17,0.89,8.00,-7.00,-26.00
0,0.48,-16.70,85.05,87.03,263.19,-24.12,10.97,9.25,0.92,2.00,-1.00,-31.00
0,0.25,-16.84,85.97,78.64,292.55,9.44,11.33,9.00,0.83,-2.00,4.00,-32.00
0,0.23,-16.68,86.11,94.37,256.90,1.05,10.75,9.11,0.86,-4.00,3.00,-31.00
0,0.18,-17.01,86.42,90.18,275.78,15.73,10.86,9.14,0.89,-5.00,-4.00,-26.00
0,0.22,-17.10,86.41,67.11,282.07,38.80,10.97,9.36,0.86,-6.00,-12.00,-23.00
0,0.37,-16.76,86.00,91.23,282.07,17.83,10.83,9.17,0.92,-9.00,-18.00,-18.00
0,0.41,-16.86,85.99,94.37,278.92,31.46,10.86,9.19,0.94,-9.00,-19.00,-16.00
0,0.51,-17.02,85.76,104.86,223.35,32.51,10.83,9.19,0.89,0.00,-21.00,-13.00
0,0.63,-17.72,85.41,58.72,278.92,41.94,10.97,9.28,0.92,3.00,-23.00,-8.00
0,0.77,-17.21,85.02,55.57,257.95,23.07,10.97,9.14,0.83,1.00,-20.00,-5.00
0,0.77,-16.72,84.97,55.57,257.95,23.07,10.86,9.19,0.89,-3.00,-17.00,-1.00
0,0.78,-16.27,84.94,79.69,293.60,27.26,11.11,9.17,0.83,0.00,-16.00,-1.00
0,0.78,-16.20,84.90,68.16,260.05,38.80,10.86,9.22,0.89,7.00,-14.00,-3.00
0,0.87,-16.06,84.54,99.61,270.53,9.44,10.86,9.11,0.86,7.00,-17.00,-4.00
0,0.77,-16.45,84.83,100.66,263.19,-9.44,11.08,9.19,0.89,5.00,-19.00,-2.00
0,0.57,-16.90,85.46,78.64,270.53,8.39,11.00,9.19,0.83,2.00,-20.00,-2.00
0,0.48,-16.86,85.69,105.91,227.54,30.41,10.94,9.28,0.83,-3.00,-17.00,-3.00
0,0.58,-17.61,85.36,88.08,270.53,37.75,11.11,9.08,0.89,-11.00,-11.00,2.00
0,0.72,-17.67,85.01,72.35,275.78,24.12,11.08,9.14,0.75,-15.00,-6.00,3.00
0,0.72,-17.42,84.95,106.95,304.09,-4.19,10.86,9.17,0.89,-15.00,-5.00,2.00
0,0.63,-17.57,85.29,98.57,275.78,-11.53,10.97,9.19,0.86,-14.00,-3.00,-4.00
0,0.47,-17.78,85.84,28.31,290.46,72.35,11.06,9.22,0.89,-19.00,2.00,-7.00
0,0.77,-16.80,84.93,106.95,244.32,-24.12,11.11,9.03,0.83,-21.00,10.00,-4.00
0,0.53,-17.51,85.89,123.73,286.26,7.34,11.00,9.31,0.94,-21.00,13.00,-4.00
0,0.51,-17.97,86.03,102.76,279.97,15.73,10.86,9.17,0.92,-14.00,4.00,-8.00
0,0.54,-18.15,86.03,89.13,303.04,-4.19,11.17,9.11,0.81,-21.00,-4.00,-14.00
0,0.47,-18.02,86.31,65.01,287.31,18.87,10.86,9.22,0.89,-32.00,-7.00,-24.00
0,0.51,-17.55,86.23,78.64,275.78,25.17,10.94,9.56,0.97,-33.00,-9.00,-27.00
0,0.61,-17.39,86.02,90.18,270.53,13.63,11.11,9.28,0.83,-39.00,-14.00,-23.00
0,0.60,-17.49,86.05,95.42,299.89,1.05,10.86,8.89,0.86,-31.00,-18.00,-17.00
0,0.55,-17.52,86.25,68.16,249.56,-60.82,10.86,9.14,0.83,-32.00,-16.00,-6.00
0,0.07,-17.34,87.94,37.75,296.75,67.11,10.72,9.47,0.89,-31.00,-2.00,-4.00
0,0.39,-16.56,87.01,77.59,304.09,18.87,11.03,9.14,1.03,-19.00,0.00,-7.00
0,0.53,-16.42,86.92,80.74,317.72,3.15,11.03,8.81,1.00,-13.00,-10.00,-1.00
0,0.58,-16.31,87.04,96.47,264.24,46.14,10.75,9.19,0.89,-14.00,-5.00,4.00
0,0.84,-16.67,86.36,80.74,287.31,14.68,11.28,9.42,0.89,-15.00,0.00,5.00
0,0.90,-16.61,86.36,102.76,299.89,-11.53,10.97,9.22,0.89,-19.00,7.00,3.00
0,0.84,-16.82,86.72,89.13,251.66,-50.33,11.33,9.17,1.03,-14.00,0.00,9.00
0,0.49,-17.13,88.08,87.03,275.78,9.44,11.11,9.08,0.92,-14.00,-15.00,12.00
0,0.54,-17.19,88.03,80.74,244.32,-79.69,11.14,9.53,0.94,-18.00,-22.00,2.00
0,0.02,-17.32,89.93,31.46,286.26,52.43,10.89,9.17,0.97,-30.00,-38.00,-11.00
0,0.34,-16.37,88.93,112.20,239.08,40.89,10.86,9.17,0.86,-43.00,-56.00,-17.00
0,0.66,-17.23,88.03,103.81,249.56,40.89,11.03,9.31,0.86,-59.00,-60.00,-18.00
0,0.90,-17.73,87.24,105.91,245.37,32.51,10.44,9.28,0.78,-63.00,-61.00,-24.00
0,1.04,-18.27,86.68,97.52,257.95,7.34,11.11,9.17,0.83,-67.00,-59.00,-25.00
0,0.99,-18.50,86.75,89.13,278.92,8.39,10.44,8.92,0.89,-62.00,-49.00,-24.00
0,0.95,-18.42,86.80,36.70,292.55,60.82,11.11,9.03,0.86,-55.00,-46.00,-25.00
0,1.11,-17.49,86.02,94.37,245.37,25.17,11.06,9.36,0.78,-40.00,-84.00,-31.00
0,1.08,-17.83,85.76,26.21,268.44,70.25,11.28,9.00,1.08,-61.00,-93.00,-32.00
0,1.32,-16.68,84.62,103.81,276.82,2.10,11.06,8.89,0.94,-85.00,-97.00,-25.00
0,0.96,-17.02,84.99,120.59,232.78,-18.87,11.11,9.19,0.86,-71.00,-192.00,-34.00
0,0.20,-18.07,85.93,110.10,297.80,5.24,11.17,9.25,0.47,-66.00,-329.00,-47.00
0,-1.05,-18.15,86.34,169.87,293.60,-38.80,11.11,9.08,0.56,-96.00,-782.00,-125.00
0,-3.00,-18.66,87.04,150.99,257.95,11.53,11.22,9.03,0.44,-282.00,-1228.00,-169.00
0,-5.48,-19.51,87.26,161.48,239.08,-62.91,10.67,9.22,0.03,-448.00,-1715.00,-187.00
0,-9.26,-20.46,89.00,165.68,249.56,-47.19,11.19,9.36,-0.11,-531.00,-2276.00,-253.00
0,-13.34,-21.03,90.36,96.47,241.17,78.64,11.36,9.47,-0.69,-622.00,-2623.00,-351.00
0,-16.09,-20.64,88.72,69.21,272.63,54.53,11.31,9.33,-0.92,-778.00,-2399.00,-405.00
0,-18.03,-19.81,87.60,2.10,290.46,76.55,11.39,9.53,-1.28,-718.00,-1681.00,-266.00
0,-19.22,-18.17,86.10,-52.43,310.38,91.23,11.36,9.28,-1.33,-670.00,-1163.00,-164.00
0,-18.72,-16.66,84.54,-79.69,310.38,98.57,11.42,9.28,-1.19,-500.00,61.00,103.00
0,-16.51,-15.12,83.38,-76.55,324.01,94.37,11.28,9.36,-1.08,43.00,1275.00,216.00
0,-12.81,-14.00,82.66,-42.99,309.33,79.69,11.42,9.11,-0.53,452.00,2404.00,421.00
0,-7.89,-12.83,82.03,-14.68,265.29,46.14,11.42,9.25,-0.19,674.00,3263.00,640.00
0,-2.43,-11.40,81.92,48.23,312.48,77.59,11.19,9.25,0.61,854.00,3771.00,619.00
0,3.19,-11.10,81.81,81.79,283.12,50.33,10.97,8.97,0.97,996.00,3908.00,469.00
0,8.51,-11.28,82.34,104.86,279.97,85.98,10.53,8.97,1.75,1272.00,3797.00,335.00
0,12.24,-12.34,82.60,179.31,261.10,-15.73,10.53,9.14,1.89,1271.00,2536.00,614.00
0,15.14,-14.02,84.28,235.93,288.36,-30.41,10.25,9.22,2.17,1319.00,2233.00,300.00
0,16.21,-13.99,85.75,274.73,212.86,-59.77,10.19,9.31,2.19,1158.00,935.00,-352.00
0,15.53,-14.96,87.01,238.03,191.89,-10.49,10.06,9.50,1.97,466.00,-257.00,-405.00
0,13.08,-17.64,87.75,192.94,184.55,-6.29,10.17,9.81,1.92,-167.00,-1536.00,-83.00
0,9.53,-20.29,88.37,148.90,207.62,19.92,10.47,9.58,1.44,-611.00,-2303.00,-166.00
0,5.51,-21.44,88.33,80.74,234.88,40.89,10.64,9.69,1.28,-860.00,-2769.00,-314.00
0,1.55,-20.84,87.64,73.40,206.57,72.35,10.81,9.69,0.78,-1037.00,-2902.00,-401.00
0,-2.11,-20.65,86.23,-33.55,274.73,101.71,11.00,9.28,0.47,-1214.00,-2792.00,-267.00
0,-4.52,-18.67,83.98,-52.43,335.54,73.40,11.11,9.19,0.25,-1216.00,-2036.00,-82.00
0,-5.58,-18.02,82.63,-80.74,308.28,39.85,11.11,9.19,0.25,-991.00,-874.00,297.00
0,-5.08,-16.43,81.86,-39.85,292.55,104.86,11.14,8.97,0.42,-431.00,279.00,415.00
0,-2.82,-14.98,80.52,-14.68,347.08,87.03,11.14,9.19,0.58,73.00,1352.00,387.00
0,0.33,-14.44,80.11,92.27,344.98,14.68,11.14,8.92,1.00,423.00,2136.00,430.00
0,3.23,-14.53,80.82,125.83,313.52,54.53,11.06,8.83,1.22,875.00,2073.00,373.00
0,5.32,-14.87,81.75,207.62,288.36,9.44,10.75,8.97,1.36,1125.00,1496.00,184.00
0,6.64,-15.20,82.97,197.13,204.47,-32.51,10.81,9.25,1.44,1025.00,1078.00,-234.00
0,6.54,-17.13,85.10,190.84,166.72,-122.68,10.64,9.33,1.31,837.00,281.00,-427.00
0,4.58,-19.09,88.49,187.70,191.89,-50.33,10.89,9.19,1.14,252.00,-640.00,-478.00
0,2.27,-21.02,90.10,140.51,191.89,30.41,10.75,9.42,0.94,-175.00,-1248.00,-322.00
0,0.44,-21.64,89.71,80.74,251.66,46.14,10.75,9.42,0.83,-386.00,-1441.00,-419.00
0,-1.12,-21.01,88.73,35.65,244.32,-14.68,10.44,9.58,0.33,-489.00,-1414.00,-229.00
0,-2.75,-19.87,89.01,-4.19,277.87,59.77,10.75,9.42,0.47,-468.00,-1080.00,-88.00
0,-3.11,-18.26,87.55,25.17,224.40,44.04,10.86,9.36,0.36,-438.00,-575.00,121.00
0,-3.23,-17.83,86.53,9.44,294.65,76.55,11.03,9.47,0.28,-366.00,-314.00,228.00
0,-2.60,-16.92,85.29,27.26,331.35,40.89,11.06,9.25,0.39,-142.00,172.00,239.00
0,-1.70,-16.47,84.95,59.77,307.23,34.60,10.86,9.25,0.56,44.00,537.00,217.00
0,-0.58,-16.35,84.70,75.50,322.96,23.07,11.03,9.42,0.78,132.00,710.00,249.00
0,0.40,-16.42,84.79,116.39,282.07,19.92,11.00,9.17,0.69,234.00,645.00,234.00
0,1.06,-17.07,85.00,100.66,300.94,11.53,10.97,9.19,0.94,265.00,465.00,152.00
0,1.42,-17.25,85.35,109.05,306.18,11.53,10.86,9.11,0.81,219.00,267.00,60.00
0,1.45,-17.40,85.66,103.81,283.12,-9.44,10.97,8.92,0.92,147.00,57.00,-17.00
0,1.16,-17.58,86.28,95.42,304.09,12.58,10.83,9.14,0.81,77.00,-109.00,-65.00
0,0.92,-17.51,86.47,82.84,226.49,-69.21,11.06,9.17,0.81,43.00,-156.00,-72.00
0,0.14,-17.71,88.29,79.69,292.55,6.29,10.86,9.47,0.81,-14.00,-197.00,-54.00
0,-0.07,-17.47,88.33,101.71,273.68,-3.15,11.06,8.97,0.89,-34.00,-178.00,-51.00
0,-0.18,-17.70,88.48,78.64,272.63,47.19,11.06,9.25,0.61,-48.00,-121.00,-44.00
0,0.04,-17.54,87.65,89.13,250.61,2.10,10.97,9.14,0.75,-49.00,-68.00,-30.00
0,0.04,-17.76,87.76,58.72,293.60,56.62,11.06,9.36,0.67,-43.00,-39.00,-10.00
0,0.30,-17.27,86.97,89.13,255.85,16.78,11.03,9.17,0.64,-38.00,-22.00,2.00
0,0.37,-17.50,86.82,90.18,282.07,61.87,10.81,9.19,0.67,-36.00,-12.00,9.00
0,0.63,-17.54,85.99,91.23,307.23,13.63,10.72,9.33,0.92,-36.00,-16.00,11.00
0,0.63,-17.49,86.04,100.66,235.93,35.65,11.03,9.47,0.69,-18.00,-32.00,-5.00
0,0.70,-18.03,85.60,97.52,267.39,23.07,11.00,9.28,0.83,5.00,-59.00,-23.00
0,0.66,-18.22,85.55,29.36,279.97,74.45,10.86,9.31,0.72,5.00,-69.00,-15.00
0,0.87,-17.18,84.58,83.89,244.32,-2.10,11.22,8.78,0.86,1.00,-64.00,0.00
0,0.66,-17.40,85.15,72.35,270.53,38.80,11.11,9.58,0.67,6.00,-59.00,3.00
0,0.65,-17.20,84.84,82.84,255.85,19.92,11.44,9.11,0.67,11.00,-52.00,4.00
0,0.57,-17.31,84.90,110.10,248.51,-6.29,10.97,9.31,0.64,6.00,-44.00,5.00
0,0.30,-17.99,85.50,103.81,275.78,12.58,10.86,8.86,0.50,3.00,-39.00,1.00
0,0.20,-18.24,85.63,96.47,262.14,-12.58,11.17,9.47,0.67,-1.00,-22.00,-1.00
0,-0.01,-18.46,86.25,109.05,278.92,0.00,11.17,9.39,0.83,-8.00,-7.00,-7.00
0,-0.05,-18.71,86.51,91.23,268.44,15.73,11.08,9.47,0.64,-8.00,5.00,-11.00
0,-0.01,-18.72,86.47,74.45,262.14,-14.68,11.11,9.56,0.61,-9.00,13.00,-18.00
0,-0.16,-18.44,87.08,84.93,256.90,-19.92,11.08,9.28,0.58,-11.00,15.00,-19.00
0,-0.34,-18.43,87.73,99.61,276.82,14.68,11.06,9.22,0.64,-18.00,17.00,-21.00
0,-0.23,-18.54,87.61,55.57,250.61,52.43,10.97,9.47,0.67,-10.00,16.00,-23.00
0,0.18,-17.90,86.57,90.18,259.00,0.00,11.11,9.47,0.67,-13.00,13.00,-32.00
0,0.16,-18.01,86.84,90.18,272.63,13.63,10.86,9.19,0.64,-14.00,9.00,-34.00
0,0.20,-18.01,86.82,94.37,289.41,18.87,10.86,9.44,0.69,-12.00,2.00,-34.00
0,0.25,-17.99,86.73,51.38,281.02,30.41,11.11,9.19,0.67,-7.00,-9.00,-33.00
0,0.35,-17.28,86.42,79.69,272.63,-7.34,10.86,9.25,0.58,-7.00,-21.00,-33.00
0,0.20,-17.17,86.87,63.96,288.36,68.16,10.81,9.25,0.64,-7.00,-23.00,-36.00
0,0.45,-16.77,86.00,31.46,270.53,55.57,11.11,9.25,0.61,-2.00,-22.00,-32.00
0,0.67,-15.79,85.21,74.45,299.89,24.12,11.11,9.25,0.67,-8.00,-11.00,-31.00
0,0.67,-15.63,85.19,71.30,287.31,39.85,10.75,9.22,0.53,-5.00,-11.00,-30.00
0,0.67,-15.46,84.90,113.25,245.37,-2.10,10.86,9.36,0.69,1.00,-24.00,-28.00
0,0.49,-16.38,85.39,109.05,216.01,-4.19,11.11,9.19,0.64,-2.00,-23.00,-25.00
0,0.34,-17.20,85.78,81.79,273.68,2.10,10.86,9.36,0.64,-10.00,-7.00,-24.00
0,0.24,-17.15,86.07,90.18,224.40,-40.89,10.86,9.31,0.61,-15.00,0.00,-18.00
0,-0.10,-17.57,87.16,118.49,265.29,3.15,11.06,9.31,0.58,-14.00,-3.00,-9.00
0,-0.14,-18.17,87.30,108.00,285.21,14.68,10.97,9.47,0.67,-14.00,-3.00,-2.00
0,-0.07,-18.40,87.21,47.19,283.12,54.53,11.00,9.58,0.61,-19.00,0.00,-2.00
0,0.23,-17.64,86.41,108.00,295.70,-6.29,11.06,9.47,0.67,-20.00,5.00,-2.00
0,0.19,-17.85,86.69,63.96,315.62,48.23,11.00,9.36,0.72,-24.00,9.00,0.00
0,0.37,-17.45,86.27,34.60,277.87,54.53,11.06,9.22,0.69,-14.00,10.00,-2.00
0,0.63,-16.53,85.51,84.93,241.17,-12.58,10.86,9.28,0.67,-17.00,6.00,2.00
0,0.47,-16.84,86.13,98.57,291.50,2.10,11.00,9.42,0.64,-25.00,15.00,4.00
0,0.41,-17.02,86.33,104.86,242.22,31.46,11.00,9.47,0.64,-22.00,12.00,10.00
0,0.54,-17.68,85.92,93.32,290.46,28.31,10.97,9.19,0.64,-12.00,0.00,5.00
0,0.59,-17.72,85.75,17.83,287.31,81.79,11.00,9.47,0.58,-10.00,-8.00,7.00
0,0.87,-16.60,84.69,70.25,264.24,55.57,10.92,9.28,0.56,-13.00,-11.00,3.00
0,1.03,-16.44,84.01,77.59,279.97,51.38,10.94,9.36,0.69,-17.00,-10.00,3.00
0,1.09,-16.37,83.57,78.64,287.31,20.97,10.75,9.19,0.58,-19.00,-12.00,3.00
0,0.96,-16.31,83.70,100.66,244.32,56.62,10.86,9.19,0.64,-17.00,-16.00,2.00
0,1.06,-16.90,83.00,88.08,277.87,33.55,10.86,9.31,0.64,-20.00,-16.00,3.00
0,0.99,-16.97,82.95,74.45,307.23,27.26,11.33,9.06,0.75,-21.00,-11.00,-4.00
0,0.88,-16.74,83.03,79.69,236.98,-26.21,10.86,9.31,0.69,-19.00,-7.00,-5.00
0,0.46,-16.95,84.15,30.41,286.26,72.35,11.06,9.22,0.72,-16.00,-8.00,-6.00
0,0.60,-16.05,83.37,69.21,284.16,25.17,10.97,9.28,0.58,-8.00,-15.00,-2.00
0,0.49,-15.86,83.47,114.29,278.92,-18.87,11.11,9.47,0.61,-6.00,-18.00,-1.00
0,0.17,-16.42,84.26,110.10,298.84,-34.60,10.86,9.47,0.69,-2.00,-22.00,-3.00
0,-0.14,-16.71,85.07,109.05,225.44,-25.17,10.97,9.58,0.69,-2.00,-25.00,-9.00
0,-0.48,-17.56,86.00,89.13,249.56,-22.02,10.86,9.25,0.64,-8.00,-26.00,-11.00
0,-0.76,-17.79,86.86,65.01,245.37,-36.70,10.86,9.17,0.61,-12.00,-16.00,-10.00
0,-1.10,-17.55,87.93,112.20,257.95,52.43,11.03,9.42,0.69,-19.00,-23.00,-4.00
0,-1.03,-18.09,87.16,97.52,288.36,5.24,11.03,9.47,0.58,2.00,-186.00,-11.00
0,-1.85,-18.09,87.50,116.39,267.39,25.17,10.86,9.28,0.53,-25.00,-590.00,-78.00
0,-2.92,-18.49,87.45,138.41,257.95,13.63,11.14,9.36,0.36,-120.00,-831.00,-106.00
0,-4.84,-19.22,87.50,153.09,248.51,-16.78,11.11,9.25,0.11,-385.00,-1366.00,-166.00
0,-7.84,-20.06,88.14,133.17,242.22,4.19,11.25,9.56,-0.06,-597.00,-1960.00,-259.00
0,-11.18,-20.52,88.25,109.05,193.99,66.06,11.14,9.28,-0.50,-820.00,-2305.00,-362.00
0,-13.82,-20.83,86.78,37.75,255.85,89.13,11.61,9.17,-0.61,-1048.00,-2123.00,-330.00
0,-15.18,-19.73,84.51,1.05,287.31,68.16,11.28,9.42,-0.86,-957.00,-1425.00,-100.00
0,-15.25,-18.31,83.03,-60.82,317.72,78.64,11.78,9.25,-0.81,-619.00,-295.00,105.00
0,-13.56,-16.91,82.08,-93.32,358.61,116.39,11.36,9.25,-0.75,-50.00,976.00,296.00
0,-11.15,-16.99,81.64,-55.57,337.64,93.32,11.08,9.00,-0.42,248.00,1578.00,395.00
0,-7.20,-16.13,81.30,11.53,257.95,98.57,11.19,9.00,-0.03,766.00,2615.00,496.00
0,-2.01,-14.92,80.21,45.09,255.85,102.76,11.39,8.89,0.81,1020.00,3351.00,616.00
0,3.63,-14.42,79.24,41.94,307.23,117.44,11.11,8.97,1.03,1122.00,3671.00,690.00
0,8.33,-14.34,79.25,159.38,290.46,69.21,11.00,8.67,1.78,1324.00,3162.00,836.00
0,11.33,-15.22,80.19,212.86,297.80,-4.19,10.64,8.86,1.53,1385.00,2114.00,438.00
0,12.49,-15.01,81.56,242.22,249.56,-32.51,10.39,9.56,1.61,1101.00,1118.00,-429.00
0,11.62,-15.41,82.77,187.70,202.38,-36.70,10.25,9.44,1.61,425.00,-225.00,-681.00
0,9.62,-17.26,84.51,190.84,202.38,-14.68,10.39,9.67,1.39,54.00,-921.00,-588.00
0,6.21,-19.40,85.48,195.04,170.92,-47.19,10.42,9.47,1.11,-511.00,-2025.00,-367.00
0,1.44,-21.81,87.26,156.24,224.40,-19.92,10.64,9.44,0.61,-852.00,-2768.00,-457.00
0,-3.31,-22.40,88.18,50.33,257.95,94.37,10.81,9.61,0.39,-1019.00,-2948.00,-601.00
0,-6.43,-21.18,86.10,7.34,252.71,109.05,11.17,9.58,0.06,-1190.00,-2594.00,-331.00
0,-8.08,-19.88,83.39,-58.72,266.34,99.61,10.86,9.39,-0.06,-1111.00,-1673.00,119.00
0,-8.18,-17.94,81.40,-80.74,336.59,71.30,11.33,9.17,0.06,-629.00,-444.00,405.00
0,-6.85,-17.35,80.79,-51.38,307.23,114.29,11.31,9.36,0.06,-39.00,776.00,584.00
0,-4.64,-16.34,79.77,2.10,319.82,52.43,11.25,9.00,0.19,208.00,1326.00,596.00
0,-1.47,-15.57,79.60,81.79,335.54,37.75,11.11,8.83,0.58,492.00,2183.00,590.00
0,1.76,-15.61,80.01,90.18,310.38,57.67,11.08,9.06,0.81,839.00,2286.00,488.00
0,4.18,-15.85,80.60,219.15,298.84,-35.65,11.06,8.86,1.14,982.00,1717.00,429.00
0,5.14,-16.25,81.78,233.83,227.54,-16.78,10.81,8.89,1.14,889.00,818.00,51.00
0,4.72,-17.65,83.10,174.06,186.65,-39.85,10.86,9.31,1.06,528.00,-23.00,-337.00
0,3.00,-19.69,84.89,166.72,238.03,-10.49,10.97,9.22,1.03,15.00,-725.00,-349.00
0,1.18,-20.60,85.59,78.64,213.91,-9.44,10.97,9.42,0.86,-292.00,-1021.00,-417.00
0,-0.40,-20.31,85.82,78.64,226.49,55.57,10.92,9.36,0.72,-491.00,-945.00,-284.00
0,-1.32,-20.17,84.71,50.33,282.07,12.58,11.11,9.25,0.61,-486.00,-828.00,-115.00
0,-2.08,-19.43,84.70,50.33,274.73,75.50,11.06,9.47,0.64,-344.00,-497.00,54.00
0,-1.87,-18.93,83.47,59.77,253.76,47.19,10.86,9.19,0.67,-214.00,-106.00,202.00
0,-1.32,-18.56,82.84,95.42,217.06,23.07,11.28,9.03,0.69,-39.00,233.00,171.00
0,-0.76,-19.09,82.77,50.33,296.75,45.09,11.08,9.17,0.69,56.00,381.00,133.00
0,-0.18,-18.43,82.53,133.17,290.46,0.00,10.97,9.25,0.83,75.00,376.00,109.00
0,0.05,-18.95,82.93,138.41,222.30,7.34,11.11,9.36,0.86,53.00,278.00,71.00
0,0.04,-20.29,83.36,74.45,270.53,65.01,11.11,9.17,0.69,34.00,118.00,12.00
0,0.27,-19.83,82.69,94.37,317.72,17.83,11.11,9.08,0.83,22.00,38.00,-10.00
0,0.04,-19.61,82.96,58.72,279.97,55.57,11.00,9.11,0.81,9.00,-79.00,-47.00
0,-0.07,-18.88,82.60,84.93,274.73,41.94,11.03,9.19,0.83,3.00,-133.00,-55.00
0,-0.25,-18.70,82.52,99.61,289.41,3.15,11.22,9.14,0.81,8.00,-134.00,-47.00
0,-0.59,-18.74,83.09,109.05,278.92,7.34,10.97,9.14,0.67,17.00,-91.00,-24.00
0,-0.81,-18.99,83.53,36.70,291.50,58.72,11.00,9.14,0.67,14.00,-18.00,-5.00
0,-0.63,-18.03,83.07,71.30,314.57,28.31,11.11,9.42,0.72,21.00,45.00,7.00
0,-0.57,-17.71,83.14,76.55,276.82,18.87,10.94,9.14,0.78,17.00,75.00,16.00
0,-0.55,-17.54,83.36,76.55,315.62,23.07,10.94,9.25,0.78,16.00,78.00,17.00
0,-0.51,-17.31,83.47,98.57,276.82,9.44,11.03,9.17,0.81,10.00,70.00,9.00
0,-0.54,-17.52,83.79,89.13,249.56,-33.55,10.86,9.17,0.83,-6.00,57.00,-4.00
0,-0.91,-17.77,85.09,91.23,277.87,35.65,11.17,9.14,0.81,-11.00,29.00,-12.00
0,-0.84,-17.80,84.83,117.44,253.76,40.89,11.22,9.36,0.83,-10.00,-8.00,-13.00
0,-0.74,-18.45,84.46,95.42,290.46,11.53,11.08,9.42,0.83,-4.00,-45.00,-9.00
0,-0.87,-18.45,84.70,117.44,206.57,4.19,10.97,9.31,0.81,-3.00,-60.00,-7.00
0,-1.01,-19.32,84.97,40.89,276.82,58.72,11.11,9.17,0.78,-3.00,-56.00,-7.00
0,-0.83,-18.34,84.30,78.64,282.07,16.78,10.86,9.31,0.78,-3.00,-54.00,-7.00
0,-0.93,-18.13,84.48,75.50,298.84,19.92,11.25,8.92,0.94,-3.00,-54.00,-6.00
0,-0.98,-17.85,84.60,96.47,282.07,12.58,11.08,9.31,0.69,-2.00,-48.00,-4.00
0,-1.08,-17.96,84.82,77.59,242.22,-58.72,10.97,9.31,0.81,2.00,-30.00,-3.00
0,-1.64,-18.00,86.67,79.69,276.82,40.89,11.14,9.36,0.75,7.00,-17.00,-1.00
0,-1.46,-17.84,86.20,104.86,216.01,5.24,11.11,9.11,0.69,7.00,-5.00,-3.00
0,-1.42,-18.49,86.34,65.01,273.68,10.49,10.97,9.19,0.75,3.00,2.00,-3.00
0,-1.37,-18.03,86.44,44.04,277.87,57.67,11.03,9.42,0.78,-6.00,8.00,-7.00
0,-1.04,-17.22,85.62,84.93,269.48,-11.53,10.97,9.19,0.75,-8.00,6.00,-10.00
0,-1.15,-17.26,86.21,101.71,273.68,35.65,11.06,9.19,0.61,-9.00,-4.00,-15.00
0,-1.04,-17.52,85.85,68.16,291.50,38.80,11.06,9.17,0.69,-14.00,-15.00,-17.00
0,-0.91,-17.16,85.51,75.50,272.63,4.19,10.97,9.19,0.75,-20.00,-16.00,-20.00
0,-0.97,-17.01,85.79,83.89,283.12,9.44,11.39,9.03,0.89,-22.00,-13.00,-16.00
0,-0.96,-16.98,85.94,68.16,291.50,26.21,10.86,9.28,0.78,-16.00,-13.00,-9.00
0,-0.88,-16.68,85.80,77.59,246.42,46.14,11.36,8.67,0.69,-13.00,-9.00,-2.00
0,-0.63,-16.77,85.09,95.42,269.48,-39.85,11.11,9.14,0.78,-15.00,2.00,0.00
0,-0.90,-17.05,86.20,84.93,273.68,18.87,10.86,9.06,0.78,-16.00,7.00,0.00
0,-0.82,-17.09,86.13,87.03,245.37,-22.02,11.03,9.42,0.75,-14.00,14.00,-4.00
0,-1.00,-17.36,86.97,103.81,294.65,26.21,10.75,9.08,1.06,-6.00,17.00,-9.00
0,-0.80,-17.53,86.77,62.91,269.48,17.83,11.11,9.14,0.75,-6.00,17.00,-3.00
0,-0.66,-17.12,86.66,87.03,278.92,8.39,11.06,9.44,0.75,-12.00,21.00,-7.00
0,-0.60,-17.15,86.74,89.13,248.51,8.39,10.75,9.08,0.75,-15.00,17.00,-8.00
0,-0.55,-17.42,86.82,93.32,293.60,33.55,11.56,9.25,0.83,-14.00,7.00,-14.00
0,-0.39,-17.43,86.51,105.91,278.92,11.53,10.83,9.08,0.78,-10.00,-3.00,-18.00
0,-0.34,-17.71,86.56,100.66,290.46,26.21,11.25,9.06,0.83,-12.00,-7.00,-20.00
0,-0.23,-17.81,86.37,48.23,284.16,63.96,11.11,9.14,0.75,-16.00,-6.00,-18.00
0,0.07,-17.10,85.51,63.96,304.09,20.97,11.36,9.14,0.78,-18.00,-3.00,-21.00
0,0.10,-16.70,85.50,51.38,277.87,68.16,10.81,9.14,0.75,-16.00,-11.00,-22.00
0,0.35,-16.13,84.61,93.32,229.64,-26.21,11.25,9.25,0.78,-15.00,-15.00,-23.00
0,0.08,-16.66,85.56,100.66,276.82,-13.63,11.03,9.31,0.72,-17.00,-13.00,-29.00
0,-0.12,-16.94,86.12,78.64,235.93,-70.25,10.72,9.14,0.69,-19.00,-10.00,-30.00
0,-0.68,-17.08,88.03,81.79,234.88,-18.87,11.06,9.17,0.78,-18.00,-8.00,-32.00
0,-0.78,-17.25,88.54,49.28,305.14,58.72,11.47,9.28,0.83,-21.00,-6.00,-34.00
0,-0.45,-16.64,87.76,84.93,248.51,29.36,10.97,9.36,0.75,-23.00,4.00,-36.00
0,-0.16,-16.83,87.23,82.84,248.51,-17.83,10.83,9.11,0.81,-30.00,21.00,-37.00
0,-0.22,-16.97,87.84,69.21,269.48,-36.70,10.86,9.19,0.78,-30.00,25.00,-37.00
0,-0.37,-16.72,88.71,40.89,265.29,52.43,10.86,9.06,0.81,-20.00,23.00,-35.00
0,0.05,-15.94,87.66,91.23,242.22,4.19,10.81,9.25,0.83,-19.00,23.00,-22.00
0,0.19,-16.41,87.73,102.76,285.21,10.49,10.97,9.14,0.75,-13.00,29.00,-15.00
0,0.32,-16.70,87.68,72.35,282.07,26.21,10.97,9.31,0.78,-13.00,33.00,-7.00
0,0.53,-16.50,87.35,31.46,270.53,66.06,10.92,9.42,0.89,-11.00,34.00,-6.00
0,0.97,-15.60,86.23,80.74,245.37,-39.85,11.00,9.17,0.83,-9.00,28.00,-7.00
0,0.73,-15.89,87.47,77.59,307.23,-6.29,11.00,9.25,0.83,-10.00,24.00,-3.00
0,0.73,-15.79,87.69,76.55,295.70,32.51,10.81,9.19,0.83,-8.00,20.00,-1.00
0,0.92,-15.72,87.33,112.20,295.70,10.49,11.06,9.36,0.86,-6.00,12.00,4.00
0,1.00,-16.12,87.33,94.37,221.25,-55.57,11.06,9.17,0.83,-6.00,4.00,6.00
0,0.68,-16.74,88.65,83.89,270.53,32.51,10.81,9.17,0.81,-10.00,0.00,5.00
0,0.90,-16.81,88.10,75.50,312.48,23.07,10.86,9.22,0.86,-12.00,-2.00,3.00
0,1.06,-16.62,87.89,66.06,294.65,19.92,10.97,9.19,0.78,-13.00,-1.00,4.00
0,1.18,-16.32,87.70,111.15,275.78,77.59,10.81,9.17,0.86,-11.00,-7.00,3.00
0,1.52,-16.76,86.65,112.20,288.36,23.07,11.08,9.47,0.83,-7.00,-22.00,-2.00
0,1.55,-17.13,86.53,46.14,305.14,71.30,10.86,9.28,0.89,-7.00,-48.00,-1.00
0,1.64,-16.52,85.80,96.47,294.65,9.44,11.31,9.03,1.00,-20.00,-113.00,-20.00
0,1.18,-16.63,86.04,155.19,300.94,-44.04,10.86,9.22,0.78,-35.00,-325.00,-53.00
0,-0.16,-17.11,86.83,143.65,253.76,-60.82,11.11,9.17,0.64,-90.00,-811.00,-123.00
0,-2.44,-17.99,88.26,139.46,284.16,11.53,11.11,9.17,0.33,-299.00,-1309.00,-166.00
0,-5.00,-18.37,88.35,138.41,273.68,13.63,11.11,9.22,0.22,-477.00,-1783.00,-222.00
0,-7.83,-18.79,88.40,138.41,210.76,-68.16,11.22,9.25,-0.19,-569.00,-2029.00,-247.00
0,-11.78,-19.83,90.28,96.47,234.88,70.25,11.14,9.19,-0.42,-731.00,-2361.00,-283.00
0,-14.43,-19.74,88.48,46.14,257.95,92.27,11.19,9.25,-0.78,-891.00,-2305.00,-317.00
0,-16.35,-18.79,86.26,6.29,298.84,97.52,11.39,9.42,-1.00,-927.00,-1850.00,-182.00
0,-17.11,-17.86,84.35,-83.89,289.41,130.02,11.25,9.17,-1.06,-846.00,-893.00,123.00
0,-16.13,-16.45,82.39,-60.82,282.07,35.65,11.42,9.03,-0.97,-443.00,311.00,390.00
0,-13.80,-14.40,82.11,-49.28,306.18,51.38,11.33,9.00,-0.69,192.00,1509.00,471.00
0,-9.95,-13.02,82.06,-39.85,340.79,99.61,11.39,8.92,-0.44,686.00,2583.00,564.00
0,-5.46,-12.64,81.90,5.24,308.28,93.32,11.72,8.72,0.25,835.00,3033.00,669.00
0,-0.07,-12.19,81.60,62.91,294.65,102.76,11.14,8.78,0.61,1043.00,3615.00,768.00
0,5.23,-12.65,81.32,110.10,324.01,61.87,11.08,8.72,1.28,1199.00,3567.00,894.00
0,9.24,-13.38,82.20,174.06,324.01,11.53,10.97,8.97,1.56,1406.00,2783.00,699.00
0,11.87,-13.60,83.55,233.83,253.76,-39.85,10.64,9.19,1.78,1368.00,1984.00,76.00
0,12.39,-13.94,85.44,281.02,250.61,-35.65,10.53,9.06,1.69,1131.00,650.00,-668.00
0,11.01,-13.33,86.41,268.44,202.38,-42.99,10.42,9.31,1.53,416.00,-775.00,-898.00
0,7.56,-14.92,87.30,273.68,181.40,-54.53,10.36,9.42,1.28,-314.00,-2215.00,-413.00
0,3.40,-16.79,88.31,212.86,186.65,-3.15,10.86,9.58,0.83,-560.00,-2706.00,-369.00
0,-1.65,-19.03,88.86,169.87,177.21,48.23,11.22,9.36,0.56,-875.00,-3394.00,-503.00
0,-6.17,-20.41,87.99,37.75,206.57,95.42,11.14,9.69,-0.17,-1146.00,-3336.00,-645.00
0,-9.27,-19.94,85.75,-53.48,232.78,91.23,11.22,9.42,-0.36,-1363.00,-2540.00,-80.00
0,-10.35,-17.91,82.96,-89.13,310.38,76.55,11.33,9.47,-0.39,-1177.00,-1205.00,396.00
0,-9.89,-16.84,81.69,-94.37,334.50,82.84,11.31,9.19,-0.25,-527.00,111.00,606.00
0,-7.85,-16.28,81.02,-67.11,342.88,50.33,11.36,8.86,-0.11,94.00,1267.00,623.00
0,-4.75,-15.30,80.90,1.05,300.94,92.27,11.36,9.03,0.06,507.00,2117.00,418.00
0,-1.30,-14.24,80.26,72.35,288.36,23.07,11.25,8.75,0.67,601.00,2310.00,404.00
0,1.42,-14.51,81.21,157.29,331.35,32.51,11.14,8.81,0.64,914.00,1948.00,491.00
0,2.62,-15.03,82.31,232.78,234.88,-10.49,11.11,8.89,0.83,1009.00,910.00,271.00
0,2.54,-16.27,83.73,190.84,207.62,-31.46,11.28,8.94,0.75,750.00,170.00,-365.00
0,0.97,-17.95,85.48,126.88,210.76,47.19,11.56,8.78,0.56,269.00,-730.00,-562.00
0,-0.82,-18.62,85.20,94.37,212.86,59.77,11.08,9.42,0.36,-153.00,-1296.00,-451.00
0,-2.46,-18.74,84.32,58.72,206.57,11.53,11.28,9.25,0.14,-448.00,-1261.00,-333.00
0,-4.06,-18.35,84.22,9.44,277.87,83.89,11.11,9.28,0.06,-486.00,-1026.00,-289.00
0,-4.90,-17.19,82.79,-19.92,250.61,-42.99,11.56,9.58,0.03,-504.00,-788.00,64.00
0,-5.49,-15.68,83.88,2.10,319.82,31.46,11.22,9.36,0.00,-383.00,-112.00,275.00
0,-4.71,-14.98,83.46,10.49,296.75,36.70,11.33,9.28,0.17,-142.00,544.00,295.00
0,-3.25,-14.09,83.10,75.50,292.55,24.12,11.25,9.17,0.36,50.00,980.00,241.00
0,-1.61,-14.31,83.03,81.79,282.07,39.85,11.83,8.78,0.72,146.00,1149.00,262.00
0,-0.19,-14.61,82.92,135.27,297.80,32.51,11.22,8.97,0.69,265.00,941.00,214.00
0,0.68,-15.34,83.02,128.97,235.93,-55.57,10.72,8.89,0.94,232.00,617.00,146.00
0,0.56,-16.60,84.90,106.95,244.32,-22.02,11.17,9.14,0.78,188.00,264.00,-19.00
0,0.34,-17.24,86.02,127.93,296.75,4.19,11.28,8.83,0.83,146.00,76.00,-66.00
0,-0.05,-17.53,86.39,143.65,264.24,27.26,11.08,9.19,0.72,67.00,-240.00,-119.00
0,-0.59,-18.25,86.42,84.93,271.58,16.78,11.11,8.89,0.67,26.00,-425.00,-165.00
0,-1.18,-18.02,86.53,74.45,272.63,34.60,11.17,9.17,0.56,-44.00,-437.00,-155.00
0,-1.53,-17.64,86.20,88.08,286.26,-9.44,11.11,9.06,0.50,-65.00,-344.00,-127.00
0,-1.96,-17.53,86.68,61.87,242.22,-56.62,11.11,8.97,0.44,-47.00,-231.00,-83.00
0,-2.54,-17.22,88.24,69.21,250.61,-48.23,11.22,8.78,0.58,-27.00,-109.00,-47.00
0,-2.80,-17.05,89.45,52.43,238.03,-67.11,11.08,9.25,0.44,-23.00,12.00,-16.00
0,-3.00,-16.68,90.87,78.64,290.46,20.97,10.83,9.28,0.36,-16.00,84.00,8.00
0,-2.59,-16.60,90.37,95.42,219.15,20.97,11.17,9.25,0.50,-10.00,99.00,7.00
0,-2.14,-17.17,89.87,46.14,299.89,67.11,10.81,9.06,0.64,2.00,91.00,6.00
0,-1.57,-16.57,88.84,98.57,270.53,65.01,11.11,9.14,0.50,5.00,67.00,5.00
0,-1.07,-16.89,87.75,79.69,300.94,5.24,11.14,8.89,0.58,4.00,35.00,13.00
0,-0.98,-16.78,87.82,99.61,222.30,-52.43,11.11,9.25,0.47,5.00,1.00,11.00
0,-1.34,-17.46,89.10,93.32,257.95,-23.07,11.28,9.03,0.69,8.00,-37.00,15.00
0,-1.48,-17.74,89.69,104.86,225.44,11.53,11.11,9.11,0.39,13.00,-62.00,12.00
0,-1.40,-18.41,89.47,96.47,289.41,15.73,11.17,9.67,0.53,6.00,-59.00,8.00
0,-1.27,-18.45,89.26,73.40,310.38,23.07,11.11,9.19,0.47,7.00,-52.00,3.00
0,-1.11,-18.11,89.00,68.16,275.78,35.65,11.06,9.14,0.36,5.00,-33.00,-2.00
0,-0.87,-17.75,88.39,35.65,299.89,69.21,11.25,9.36,0.50,3.00,-21.00,-3.00
0,-0.51,-16.95,87.47,78.64,282.07,23.07,11.22,9.19,0.44,6.00,-15.00,2.00
0,-0.40,-16.85,87.26,74.45,243.27,-70.25,11.14,9.36,0.50,10.00,-8.00,-4.00
0,-0.89,-16.90,89.12,91.23,289.41,3.15,11.11,9.14,0.44,5.00,4.00,-5.00
0,-0.83,-16.96,89.11,41.94,257.95,45.09,11.11,9.08,0.44,4.00,10.00,-6.00
0,-0.46,-16.20,88.17,102.76,235.93,8.39,11.17,9.31,0.44,16.00,3.00,-10.00
0,-0.36,-16.92,88.14,72.35,310.38,30.41,11.11,9.14,0.50,18.00,0.00,-9.00
0,-0.22,-16.67,87.86,62.91,279.97,44.04,11.11,9.11,0.44,13.00,-7.00,-8.00
0,-0.01,-16.33,87.23,104.86,260.05,40.89,11.11,9.17,0.44,9.00,-15.00,-6.00
0,0.16,-16.85,86.66,80.74,274.73,14.68,11.19,9.36,0.47,10.00,-21.00,-9.00
0,0.15,-16.81,86.68,85.98,272.63,52.43,11.14,9.19,0.44,11.00,-22.00,-12.00
0,0.33,-16.87,85.99,80.74,252.71,-53.48,11.19,9.25,0.39,7.00,-18.00,-10.00
0,-0.14,-16.99,87.53,44.04,284.16,37.75,11.17,9.47,0.47,7.00,-13.00,-9.00
0,-0.01,-16.27,87.04,28.31,284.16,53.48,10.78,9.19,0.44,6.00,-5.00,-9.00
0,0.21,-15.35,86.31,90.18,269.48,45.09,11.11,9.11,0.44,6.00,-3.00,-8.00
0,0.37,-15.64,85.76,88.08,297.80,13.63,11.14,9.42,0.44,4.00,0.00,-7.00
0,0.34,-15.71,85.85,71.30,241.17,-7.34,11.11,9.22,0.42,2.00,1.00,-7.00
0,0.17,-15.80,86.34,105.91,265.29,-3.15,11.22,9.14,0.42,-3.00,1.00,-7.00
0,0.05,-16.36,86.68,82.84,279.97,12.58,11.11,9.19,0.42,-6.00,-2.00,-13.00
0,0.02,-16.37,86.71,77.59,278.92,35.65,11.19,9.47,0.39,-9.00,-8.00,-18.00
0,0.10,-16.27,86.31,83.89,239.08,14.68,11.22,9.17,0.44,-10.00,-12.00,-29.00
0,0.10,-16.54,86.28,92.27,277.87,7.34,11.06,9.19,0.47,-10.00,-11.00,-32.00
0,0.03,-16.68,86.43,85.98,271.58,12.58,11.11,9.19,0.44,-6.00,-10.00,-32.00
0,0.00,-16.74,86.49,85.98,268.44,-9.44,11.08,9.19,0.47,0.00,-6.00,-34.00
0,-0.14,-16.81,86.96,96.47,307.23,6.29,11.11,9.17,0.44,-7.00,-4.00,-35.00
0,-0.18,-16.83,87.05,84.93,269.48,29.36,11.11,9.19,0.42,-1.00,-8.00,-36.00
0,-0.08,-16.87,86.73,91.23,260.05,-32.51,11.08,9.42,0.47,7.00,-7.00,-34.00
0,-0.34,-17.10,87.69,78.64,300.94,10.49,11.14,9.22,0.39,8.00,-4.00,-29.00
0,-0.33,-16.90,87.69,82.84,273.68,19.92,11.11,9.19,0.44,6.00,3.00,-22.00
0,-0.22,-16.91,87.48,72.35,294.65,48.23,11.17,9.58,0.50,1.00,7.00,-11.00
0,-0.00,-16.66,86.91,102.76,232.78,23.07,11.22,9.19,0.42,2.00,7.00,-12.00
0,0.10,-17.34,86.64,76.55,241.17,-69.21,11.11,9.25,0.39,2.00,4.00,-12.00
0,-0.48,-17.40,88.56,73.40,301.99,3.15,11.17,9.42,0.44,-1.00,-5.00,-9.00
0,-0.49,-17.13,88.58,35.65,269.48,69.21,11.11,9.19,0.47,-8.00,-10.00,-9.00
0,-0.06,-16.26,87.28,73.40,294.65,39.85,11.11,9.22,0.44,-13.00,-6.00,-10.00
0,0.10,-16.09,86.85,91.23,255.85,28.31,11.11,9.17,0.44,-4.00,-13.00,-1.00
0,0.18,-16.45,86.50,91.23,305.14,10.49,11.11,9.17,0.42,-14.00,-22.00,-3.00
0,0.13,-16.49,86.57,42.99,286.26,76.55,11.11,9.22,0.44,-13.00,-21.00,-1.00
0,0.42,-15.86,85.52,54.53,271.58,39.85,11.11,9.22,0.31,-21.00,-2.00,7.00
0,0.50,-15.47,85.08,63.96,238.03,-79.69,11.11,9.19,0.33,-23.00,3.00,9.00
0,-0.15,-15.47,87.29,99.61,255.85,52.43,11.11,9.17,0.58,-15.00,-5.00,-9.00
0,0.04,-15.99,86.43,70.25,262.14,-7.34,11.11,9.17,0.42,-9.00,-17.00,-24.00
0,-0.06,-15.89,86.89,77.59,319.82,13.63,11.33,9.00,0.67,-15.00,11.00,-22.00
0,0.02,-15.75,86.85,65.01,288.36,37.75,11.08,9.36,0.47,-27.00,31.00,-13.00
0,0.19,-15.50,86.40,63.96,234.88,-103.81,11.56,8.94,0.47,-25.00,33.00,-4.00
0,-0.48,-15.52,89.04,66.06,273.68,19.92,11.11,9.19,0.42,-11.00,21.00,-3.00
0,-0.41,-15.37,88.71,65.01,267.39,37.75,11.00,9.11,0.56,-7.00,-22.00,6.00
0,-0.26,-15.24,88.05,95.42,251.66,-60.82,11.56,9.11,0.44,-6.00,-84.00,5.00
0,-1.03,-15.76,89.56,121.63,298.84,-5.24,11.72,9.11,0.31,-19.00,-315.00,-28.00
0,-2.05,-16.05,89.77,112.20,282.07,11.53,11.17,9.42,0.19,-106.00,-719.00,-119.00
0,-3.94,-16.22,89.82,170.92,276.82,-30.41,11.03,9.28,-0.08,-227.00,-1400.00,-234.00
0,-6.92,-16.71,90.39,175.11,216.01,25.17,11.39,9.22,-0.28,-454.00,-2050.00,-357.00
0,-10.22,-18.26,89.86,89.13,249.56,48.23,11.28,9.42,-0.83,-771.00,-2463.00,-392.00
0,-13.28,-17.95,88.36,49.28,224.40,31.46,11.19,9.39,-1.00,-1078.00,-2415.00,-403.00
0,-15.62,-17.44,87.06,-28.31,231.74,34.60,11.36,9.00,-1.11,-1156.00,-1803.00,-202.00
0,-17.13,-15.83,85.58,-117.44,322.96,137.36,11.36,9.36,-1.28,-1090.00,-1235.00,-22.00
0,-16.50,-15.57,83.88,-122.68,340.79,117.44,10.89,9.11,-1.00,-797.00,224.00,397.00
0,-13.87,-15.70,82.92,-51.38,356.52,78.64,11.42,9.08,-0.78,-62.00,1641.00,613.00
0,-9.48,-15.53,82.29,-30.41,328.20,77.59,11.42,9.06,-0.08,500.00,2889.00,700.00
0,-4.01,-14.66,81.79,14.68,277.87,18.87,11.42,8.83,0.28,859.00,3652.00,685.00
0,1.34,-13.62,82.45,104.86,295.70,27.26,11.14,8.83,0.78,1127.00,3796.00,528.00
0,5.77,-14.59,83.22,196.08,346.03,19.92,10.81,8.81,1.28,1282.00,3098.00,751.00
0,7.95,-14.87,84.41,267.39,240.12,4.19,10.75,8.86,1.42,1296.00,1551.00,335.00
0,9.58,-15.92,85.50,193.99,228.59,28.31,10.75,9.14,1.44,1072.00,1224.00,18.00
0,9.11,-17.09,86.32,222.30,181.40,-19.92,10.89,9.31,1.22,646.00,-237.00,-591.00
0,6.61,-19.34,87.50,230.69,213.91,-59.77,10.58,9.56,1.11,-83.00,-1463.00,-534.00
0,2.46,-20.65,89.05,197.13,231.74,-17.83,10.44,9.39,0.69,-489.00,-2540.00,-439.00
0,-2.32,-21.45,90.11,127.93,205.52,-57.67,11.11,9.42,0.22,-703.00,-3132.00,-559.00
0,-7.35,-21.34,91.74,34.60,192.94,63.96,11.11,9.44,-0.22,-917.00,-3134.00,-641.00
0,-10.25,-20.55,90.38,-46.14,245.37,118.49,11.11,9.58,-0.44,-1123.00,-2291.00,-236.00
0,-10.80,-18.45,87.02,-80.74,254.80,85.98,11.17,9.69,-0.50,-948.00,-1091.00,286.00
0,-10.85,-16.15,84.74,-140.51,338.69,111.15,11.11,9.19,-0.53,-711.00,-485.00,474.00
0,-9.62,-16.56,84.12,-89.13,310.38,57.67,10.67,9.17,-0.61,-94.00,689.00,639.00
0,-7.03,-15.15,83.60,-27.26,283.12,28.31,11.42,8.97,0.06,334.00,1687.00,562.00
0,-3.54,-13.59,83.59,37.75,318.77,65.01,11.25,8.97,0.19,550.00,2376.00,458.00
0,0.46,-13.41,83.23,102.76,239.08,62.91,11.56,8.72,0.69,662.00,2717.00,496.00
0,3.90,-14.78,82.87,148.90,275.78,59.77,11.11,8.86,0.94,920.00,2228.00,591.00
0,6.07,-16.03,83.33,159.38,308.28,34.60,11.11,8.97,1.17,1017.00,1457.00,393.00
0,6.91,-16.22,84.27,188.74,262.14,-33.55,10.97,8.86,1.19,883.00,676.00,-180.00
0,6.30,-16.83,85.79,170.92,233.83,-15.73,10.75,9.14,1.11,537.00,-153.00,-507.00
0,5.21,-17.94,86.98,157.29,240.12,6.29,10.22,9.36,0.89,263.00,-529.00,-468.00
0,3.44,-19.13,87.41,153.09,234.88,-24.12,10.81,9.31,0.86,-149.00,-1132.00,-201.00
0,1.11,-19.92,88.36,111.15,234.88,-31.46,10.86,9.58,0.61,-312.00,-1407.00,-433.00
0,-1.21,-19.99,89.26,73.40,216.01,-16.78,11.11,9.44,0.33,-486.00,-1376.00,-381.00
0,-2.91,-19.77,89.35,50.33,249.56,37.75,10.86,9.28,0.31,-556.00,-1110.00,-136.00
0,-3.53,-19.16,88.12,19.92,288.36,18.87,11.08,9.31,0.22,-530.00,-692.00,92.00
0,-3.74,-18.13,87.48,29.36,292.55,63.96,11.08,9.47,0.22,-396.00,-272.00,195.00
0,-3.17,-17.43,86.24,39.85,283.12,4.19,11.11,9.22,0.33,-215.00,132.00,215.00
0,-2.70,-16.86,86.17,39.85,283.12,4.19,11.19,9.17,0.36,-125.00,307.00,203.00
0,-1.98,-16.23,86.27,65.01,272.63,44.04,11.22,9.19,0.53,43.00,511.00,139.00
0,-1.00,-16.14,85.69,38.80,274.73,73.40,11.22,9.14,0.47,130.00,527.00,153.00
0,-0.06,-15.54,84.74,109.05,246.42,20.97,11.11,9.17,0.47,180.00,431.00,124.00
0,0.38,-16.42,84.87,126.88,199.23,30.41,11.33,9.14,0.56,178.00,304.00,59.00
0,0.67,-17.61,84.74,74.45,244.32,11.53,11.11,9.19,0.56,157.00,166.00,-6.00
0,0.64,-17.48,85.09,75.50,272.63,25.17,11.11,9.08,0.58,123.00,55.00,-61.00
0,0.63,-17.23,85.12,52.43,284.16,55.57,10.97,9.19,0.64,74.00,10.00,-60.00
0,0.72,-16.60,84.61,112.20,251.66,57.67,11.14,9.25,0.58,42.00,-38.00,-43.00
0,0.84,-17.25,83.93,89.13,245.37,-38.80,10.97,9.19,0.56,14.00,-39.00,-29.00
0,0.32,-17.56,85.39,30.41,288.36,69.21,11.14,9.11,0.58,-5.00,-21.00,-13.00
0,0.52,-16.62,84.56,76.55,315.62,26.21,11.08,9.36,0.58,-15.00,3.00,-1.00
0,0.55,-16.43,84.51,74.45,257.95,-7.34,11.11,9.25,0.56,-29.00,38.00,-4.00
0,0.40,-16.41,85.10,69.21,307.23,36.70,11.17,9.25,0.69,-42.00,55.00,-9.00
0,0.49,-16.14,84.85,115.34,243.27,-2.10,11.11,9.42,0.67,-45.00,45.00,-13.00
0,0.38,-17.05,85.27,24.12,277.87,82.84,11.11,9.25,0.64,-38.00,30.00,-21.00
0,0.69,-16.00,84.10,56.62,262.14,60.82,10.97,9.11,0.67,-38.00,11.00,-21.00
0,0.88,-15.60,83.31,75.50,295.70,44.04,11.11,9.50,0.78,-32.00,-3.00,-19.00
0,0.85,-15.51,83.12,94.37,298.84,18.87,11.03,9.42,0.61,-17.00,-30.00,-10.00
0,0.63,-15.70,83.34,73.40,238.03,-81.79,11.42,8.67,0.61,-5.00,-60.00,6.00
0,-0.23,-15.94,85.87,95.42,253.76,28.31,11.06,9.17,0.58,0.00,-91.00,13.00
0,-0.38,-16.43,85.67,73.40,275.78,14.68,11.08,9.39,0.56,-3.00,-113.00,9.00
0,-0.57,-16.32,85.79,87.03,273.68,28.31,11.11,9.17,0.47,-10.00,-125.00,-7.00
0,-0.68,-16.46,85.62,69.21,238.03,-54.53,10.78,9.28,0.56,-17.00,-110.00,-8.00
0,-1.26,-16.48,87.21,78.64,278.92,44.04,11.11,9.19,0.53,-6.00,-105.00,-6.00
0,-1.19,-16.43,86.68,37.75,273.68,74.45,11.19,9.56,0.56,11.00,-78.00,-6.00
0,-0.89,-15.68,85.58,70.25,288.36,32.51,10.97,9.19,0.44,15.00,-55.00,-4.00
0,-0.84,-15.52,85.40,73.40,277.87,17.83,11.31,9.11,0.61,10.00,-27.00,-5.00
0,-0.83,-15.48,85.45,95.42,255.85,52.43,11.22,9.19,0.42,1.00,0.00,-2.00
0,-0.62,-15.95,84.74,93.32,282.07,26.21,11.42,9.53,0.58,-7.00,22.00,3.00
0,-0.55,-16.17,84.68,112.20,236.98,69.21,11.11,9.17,0.53,-6.00,37.00,6.00
0,-0.18,-17.03,83.58,40.89,273.68,51.38,11.19,9.08,0.64,-9.00,57.00,7.00
0,0.04,-16.24,83.09,66.06,238.03,-45.09,11.56,9.03,0.72,-12.00,67.00,6.00
0,-0.29,-16.23,84.57,85.98,276.82,-2.10,11.61,8.78,0.69,-10.00,83.00,1.00
0,-0.32,-16.35,84.99,74.45,236.98,-81.79,11.11,9.06,0.47,-24.00,94.00,10.00
0,-0.89,-16.55,87.25,81.79,252.71,-34.60,11.67,9.06,0.53,-27.00,82.00,28.00
0,-1.08,-16.78,88.22,117.44,285.21,8.39,10.67,9.17,0.50,-8.00,68.00,43.00
0,-0.91,-17.28,88.17,100.66,282.07,0.00,10.83,9.58,0.67,5.00,72.00,33.00
0,-0.74,-17.54,88.27,31.46,293.60,69.21,10.78,9.17,0.58,9.00,68.00,27.00
0,-0.26,-16.68,87.26,62.91,284.16,55.57,11.22,9.17,0.58,10.00,68.00,20.00
0,0.13,-16.34,86.49,70.25,287.31,22.02,11.08,9.14,0.67,8.00,66.00,7.00
0,0.31,-16.14,86.36,91.23,275.78,-12.58,10.97,8.67,0.64,3.00,63.00,2.00
0,0.28,-16.34,86.85,118.49,227.54,46.14,11.11,9.11,0.64,-2.00,59.00,-11.00
0,0.60,-17.42,86.02,50.33,263.19,12.58,10.53,8.89,0.53,-1.00,40.00,-19.00
0,0.62,-16.75,86.10,103.81,227.54,6.29,11.11,9.17,0.67,-1.00,25.00,-23.00
0,0.61,-17.43,86.24,97.52,270.53,28.31,11.11,9.03,0.69,-10.00,21.00,-24.00
0,0.73,-17.64,85.99,99.61,292.55,8.39,11.11,9.14,0.67,-10.00,18.00,-15.00
0,0.72,-17.74,86.11,97.52,276.82,29.36,11.11,9.14,0.72,-12.00,19.00,-14.00
0,0.84,-17.87,85.87,81.79,293.60,15.73,10.86,9.14,0.64,-11.00,22.00,-15.00
0,0.87,-17.69,85.89,95.42,268.44,19.92,10.97,9.19,0.67,-8.00,33.00,-18.00
0,0.94,-17.86,85.82,75.50,305.14,18.87,11.11,9.25,0.64,-4.00,35.00,-13.00
0,0.97,-17.57,85.83,87.03,257.95,26.21,11.11,9.28,0.75,1.00,32.00,-11.00
0,1.08,-17.68,85.62,52.43,253.76,55.57,11.14,9.17,0.67,-1.00,28.00,-11.00
0,1.37,-17.06,84.74,91.23,266.34,-10.49,11.11,9.36,0.75,-7.00,26.00,-11.00
0,1.20,-17.26,85.38,60.82,263.19,47.19,11.11,9.25,0.75,-10.00,18.00,-8.00
0,1.35,-16.85,84.78,59.77,285.21,7.34,10.86,9.17,0.75,-9.00,4.00,-6.00
0,1.26,-16.42,85.07,59.77,270.53,45.09,10.86,9.22,0.69,-10.00,0.00,-6.00
0,1.35,-16.05,84.59,67.11,263.19,-7.34,11.11,9.11,0.72,-12.00,-3.00,-10.00
0,1.14,-15.89,85.23,73.40,299.89,31.46,11.11,9.19,0.81,-10.00,-3.00,-13.00
0,1.16,-15.74,85.10,37.75,283.12,80.74,11.11,9.19,0.72,-6.00,-3.00,-4.00
0,1.41,-15.06,84.09,106.95,260.05,-3.15,11.11,9.19,0.72,-13.00,3.00,-5.00
0,1.26,-15.76,84.62,73.40,271.58,19.92,11.14,9.36,0.75,-16.00,10.00,-7.00
0,1.21,-15.71,84.68,100.66,265.29,-6.29,11.03,9.36,0.81,-12.00,10.00,-6.00
0,1.04,-16.20,85.23,87.03,317.72,14.68,11.11,9.11,0.72,-9.00,6.00,-6.00
0,1.00,-16.16,85.32,56.62,274.73,40.89,11.08,9.00,0.75,-9.00,4.00,-6.00
0,1.11,-15.75,84.90,71.30,298.84,47.19,10.86,9.08,0.75,-14.00,3.00,-6.00
0,1.19,-15.57,84.54,106.95,274.73,32.51,11.03,9.19,0.75,-20.00,-1.00,-8.00
0,1.20,-16.06,84.38,121.63,228.59,48.23,11.06,9.25,0.81,-21.00,-12.00,-6.00
0,1.33,-17.25,83.73,93.32,231.74,-45.09,11.11,9.17,0.72,-21.00,-20.00,-2.00
0,0.80,-17.74,85.22,110.10,209.72,2.10,11.08,9.36,0.72,-26.00,-28.00,-3.00
0,0.58,-18.51,85.47,87.03,290.46,40.89,10.86,9.14,0.69,-22.00,-62.00,-1.00
0,0.51,-18.38,85.19,72.35,245.37,-42.99,11.14,9.25,0.81,-12.00,-113.00,-10.00
0,-0.21,-18.25,86.69,110.10,283.12,6.29,11.11,9.06,0.72,-18.00,-196.00,-3.00
0,-0.67,-18.55,86.95,89.13,300.94,34.60,10.86,9.14,0.69,-7.00,-302.00,5.00
0,-1.53,-18.35,87.02,123.73,306.18,18.87,11.11,9.11,0.42,32.00,-690.00,-87.00
0,-3.08,-18.41,87.36,161.48,278.92,-19.92,10.61,9.44,0.28,-77.00,-1090.00,-189.00
0,-5.26,-19.02,88.02,56.62,262.14,55.57,11.19,9.11,0.00,-298.00,-1429.00,-195.00
0,-7.52,-18.14,87.17,133.17,246.42,27.26,11.22,9.17,-0.25,-459.00,-1804.00,-267.00
0,-10.21,-18.86,86.92,80.74,248.51,88.08,11.72,9.06,-0.42,-612.00,-1959.00,-281.00
0,-11.98,-18.57,85.01,9.44,233.83,54.53,11.25,9.28,-0.69,-766.00,-1621.00,-289.00
0,-12.90,-17.48,83.63,-65.01,309.33,127.93,11.39,9.36,-0.75,-753.00,-845.00,1.00
0,-13.09,-16.37,81.93,-65.01,308.28,115.34,11.31,9.19,-0.89,-679.00,-367.00,150.00
0,-11.77,-15.11,80.52,-59.77,260.05,33.55,11.36,9.25,-0.50,-261.00,731.00,292.00
0,-8.99,-12.69,80.27,-27.26,313.52,76.55,11.31,8.86,-0.33,138.00,1921.00,499.00
0,-4.77,-11.82,79.76,-12.58,261.10,24.12,11.31,8.86,0.36,478.00,2877.00,715.00
0,0.05,-10.51,80.49,60.82,313.52,71.30,11.33,9.14,0.69,825.00,3434.00,681.00
0,4.76,-10.99,80.76,158.33,270.53,3.15,11.00,8.78,1.36,1030.00,3277.00,865.00
0,7.50,-12.42,82.66,236.98,262.14,-57.67,10.75,8.86,1.44,1445.00,2073.00,261.00
0,9.45,-12.99,84.22,253.76,227.54,8.39,10.53,9.08,1.64,1096.00,1595.00,-204.00
0,10.02,-13.94,85.38,278.92,198.18,-39.85,10.53,9.36,1.61,888.00,559.00,-548.00
0,8.03,-14.95,86.62,227.54,193.99,-1.05,10.44,9.47,1.39,240.00,-1176.00,-700.00
0,4.35,-17.37,87.21,218.10,233.83,-5.24,10.75,9.69,1.03,-468.00,-2428.00,-365.00
0,-0.53,-18.51,87.87,182.45,206.57,17.83,10.81,9.78,0.36,-760.00,-3271.00,-566.00
0,-5.85,-20.05,88.21,62.91,263.19,117.44,10.75,9.42,0.08,-910.00,-3638.00,-574.00
0,-9.90,-19.18,86.26,41.94,223.35,95.42,11.28,9.33,-0.58,-1127.00,-3268.00,-457.00
0,-12.92,-18.44,84.06,-10.49,216.01,120.59,11.22,9.58,-0.83,-1186.00,-2483.00,-305.00
0,-15.00,-17.25,81.39,-75.50,291.50,110.10,11.22,9.22,-0.92,-1023.00,-1921.00,23.00
0,-15.44,-15.73,79.59,-77.59,318.77,130.02,11.31,9.64,-1.00,-803.00,-548.00,237.00
0,-14.08,-15.11,78.53,-71.30,315.62,50.33,11.14,9.08,-0.83,-139.00,765.00,528.00
0,-11.39,-13.71,78.54,-18.87,266.34,67.11,11.31,9.00,-0.56,389.00,1840.00,584.00
0,-7.56,-12.09,78.23,14.68,284.16,70.25,11.31,8.81,0.03,577.00,2626.00,580.00
0,-3.21,-11.23,78.04,50.33,310.38,96.47,11.25,8.92,0.39,635.00,3018.00,587.00
0,0.67,-11.04,78.09,125.83,294.65,7.34,11.47,8.83,0.89,851.00,2719.00,531.00
0,2.71,-12.20,79.74,199.23,257.95,-81.79,11.03,9.06,1.08,1073.00,1544.00,498.00
0,3.06,-13.67,81.88,211.81,227.54,-27.26,10.75,8.78,1.31,781.00,545.00,119.00
0,3.01,-15.61,83.45,203.42,238.03,2.10,10.81,9.06,1.00,596.00,196.00,-130.00
0,1.69,-16.82,84.41,190.84,221.25,3.15,10.75,9.08,0.86,220.00,-725.00,-517.00
0,-0.64,-18.40,85.13,149.95,204.47,2.10,10.97,9.58,0.64,-193.00,-1455.00,-480.00
0,-3.19,-19.61,85.65,80.74,216.01,57.67,10.83,9.61,0.39,-427.00,-1619.00,-449.00
0,-4.88,-19.63,84.69,31.46,212.86,29.36,11.03,9.47,0.22,-572.00,-1340.00,-158.00
0,-5.92,-19.29,84.16,-8.39,283.12,51.38,10.72,9.61,0.22,-517.00,-786.00,104.00
0,-5.76,-17.87,83.23,-14.68,312.48,34.60,11.11,9.17,0.11,-340.00,-40.00,287.00
0,-4.77,-16.89,82.75,5.24,309.33,52.43,11.25,8.78,0.28,-129.00,632.00,421.00
0,-3.38,-16.14,82.17,44.04,326.11,24.12,11.11,8.94,0.47,6.00,862.00,405.00
0,-1.89,-15.95,82.28,101.71,244.32,-7.34,11.19,9.00,0.56,250.00,1033.00,366.00
0,-0.94,-16.94,83.28,76.55,306.18,46.14,11.19,9.08,0.69,340.00,816.00,297.00
0,-0.37,-16.93,83.36,149.95,266.34,-8.39,11.03,9.03,0.69,304.00,371.00,176.00
0,-0.70,-17.88,84.23,157.29,239.08,-52.43,11.11,8.83,0.64,181.00,-86.00,-60.00
0,-1.94,-19.12,85.89,154.14,271.58,-26.21,11.56,8.89,0.64,24.00,-511.00,-140.00
0,-3.22,-19.74,86.76,80.74,275.78,30.41,11.14,8.86,0.47,-89.00,-731.00,-180.00
0,-4.08,-19.25,86.60,92.27,244.32,59.77,11.25,9.11,0.25,-132.00,-696.00,-190.00
0,-4.60,-19.27,85.67,74.45,303.04,12.58,11.19,9.17,0.33,-128.00,-626.00,-135.00
0,-5.18,-18.79,85.88,49.28,295.70,45.09,11.31,9.03,0.14,-75.00,-423.00,-99.00
0,-5.25,-18.04,85.51,26.21,267.39,16.78,11.31,8.97,0.17,-16.00,-171.00,-23.00
0,-5.08,-16.87,85.57,40.89,225.44,-79.69,11.31,9.08,0.17,28.00,83.00,26.00
0,-5.16,-16.49,87.39,45.09,284.16,55.57,11.22,9.11,0.25,35.00,278.00,59.00
0,-4.36,-15.92,86.53,98.57,271.58,59.77,11.25,9.06,0.33,53.00,351.00,65.00
0,-3.56,-16.30,85.67,76.55,279.97,33.55,11.14,9.06,0.31,44.00,320.00,50.00
0,-3.06,-16.23,85.33,90.18,241.17,-62.91,11.19,9.19,0.33,16.00,249.00,25.00
0,-3.25,-16.70,87.09,71.30,274.73,38.80,11.25,9.03,0.42,5.00,209.00,2.00
0,-2.89,-16.50,86.53,57.67,298.84,60.82,11.33,9.03,0.42,-10.00,116.00,-6.00
0,-2.59,-16.05,85.85,90.18,277.87,54.53,11.28,9.14,0.39,-4.00,24.00,-24.00
0,-2.42,-16.20,85.25,77.59,267.39,45.09,11.25,9.25,0.50,3.00,-44.00,-18.00
0,-2.33,-16.20,84.79,101.71,259.00,50.33,11.19,9.25,0.44,4.00,-66.00,-14.00
0,-2.22,-16.68,84.25,58.72,233.83,-61.87,11.25,8.97,0.39,2.00,-51.00,-9.00
0,-2.75,-16.51,86.02,115.34,307.23,-12.58,11.11,8.94,0.42,6.00,-26.00,-5.00
0,-2.85,-16.80,86.39,82.84,260.05,47.19,11.25,9.25,0.36,7.00,-6.00,-4.00
0,-2.61,-16.88,85.73,110.10,205.52,-28.31,11.22,9.14,0.39,11.00,5.00,-5.00
0,-2.75,-17.71,86.50,75.50,306.18,18.87,10.69,9.11,0.22,11.00,25.00,-8.00
0,-2.68,-17.43,86.46,80.74,304.09,37.75,11.14,9.11,0.42,8.00,39.00,-15.00
0,-2.47,-17.23,86.15,78.64,251.66,-49.28,11.25,9.03,0.44,4.00,45.00,-22.00
0,-2.78,-17.26,87.58,24.12,268.44,59.77,11.11,9.08,0.36,6.00,38.00,-24.00
0,-2.41,-16.10,86.54,92.27,283.12,35.65,11.28,8.97,0.53,6.00,22.00,-21.00
0,-2.21,-16.25,86.21,97.52,259.00,-7.34,11.11,9.08,0.44,10.00,2.00,-20.00
0,-2.30,-16.67,86.70,97.52,264.24,-10.49,11.11,9.03,0.39,10.00,-12.00,-21.00
0,-2.43,-17.01,87.20,32.51,260.05,59.77,11.14,9.06,0.42,8.00,-19.00,-21.00
0,-2.10,-16.03,86.13,83.89,235.93,-30.41,11.11,9.14,0.44,-6.00,-23.00,-24.00
0,-2.33,-16.36,87.09,74.45,312.48,19.92,11.25,9.17,0.42,-7.00,-23.00,-22.00
0,-2.29,-16.15,86.99,77.59,262.14,-3.15,11.22,9.11,0.42,-15.00,-17.00,-22.00
0,-2.31,-16.18,87.29,48.23,272.63,63.96,11.19,9.25,0.50,-15.00,-1.00,-20.00
0,-1.95,-15.61,86.26,67.11,301.99,30.41,11.28,9.08,0.50,-5.00,6.00,-16.00
0,-1.81,-15.38,86.08,81.79,305.14,19.92,11.25,9.25,0.44,4.00,6.00,-12.00
0,-1.75,-15.36,86.07,89.13,270.53,23.07,11.11,9.11,0.42,9.00,8.00,-10.00
0,-1.68,-15.63,85.95,57.67,272.63,49.28,11.31,9.25,0.44,4.00,6.00,-4.00
0,-1.48,-15.30,85.33,105.91,231.74,48.23,11.11,9.06,0.36,2.00,4.00,-1.00
0,-1.28,-16.21,84.64,87.03,269.48,45.09,11.19,9.31,0.42,7.00,-7.00,4.00
0,-1.20,-16.38,84.25,85.98,282.07,39.85,11.14,9.08,0.44,9.00,-22.00,7.00
0,-1.20,-16.45,84.05,56.62,276.82,44.04,11.14,9.03,0.36,10.00,-34.00,4.00
0,-1.21,-16.02,83.75,88.08,255.85,-4.19,11.11,9.08,0.36,9.00,-44.00,-2.00
0,-1.50,-16.35,84.45,112.20,261.10,-5.24,10.89,9.31,0.33,14.00,-43.00,-6.00
0,-1.76,-17.02,85.03,70.25,309.33,45.09,11.22,9.03,0.33,6.00,-30.00,-1.00
0,-1.73,-16.74,84.77,79.69,292.55,10.49,11.11,9.06,0.39,4.00,-20.00,1.00
0,-1.82,-16.65,85.01,63.96,279.97,28.31,11.11,9.06,0.39,5.00,-20.00,-1.00
0,-1.83,-16.32,84.93,77.59,282.07,15.73,11.28,9.03,0.28,16.00,-23.00,-3.00
0,-1.92,-16.26,85.09,81.79,290.46,-8.39,11.28,9.25,0.36,19.00,-22.00,-4.00
0,-2.09,-16.24,85.63,89.13,267.39,-18.87,11.11,9.08,0.36,20.00,-21.00,-4.00
0,-2.30,-16.48,86.41,77.59,304.09,24.12,11.25,9.17,0.39,27.00,-4.00,-2.00
