0,-8.21,-8.66,97.56,42.99,270.53,-46.14,11.36,12.06,-2.56,-21.00,-7.00,-4.00
0,-8.34,-8.68,98.39,44.04,287.31,-29.36,11.31,11.97,-2.53,-12.00,-13.00,-12.00
0,-7.98,-8.64,97.47,38.80,267.39,-41.94,11.42,11.89,-2.61,-10.00,-11.00,-4.00
0,-7.80,-8.38,98.06,36.70,261.10,-9.44,10.94,11.94,-2.67,-11.00,-9.00,-11.00
0,-7.39,-8.15,95.61,47.19,288.36,-39.85,11.42,11.97,-2.56,-9.00,-10.00,-12.00
0,-7.27,-8.48,96.45,34.60,277.87,-12.58,11.06,11.83,-2.67,-4.00,-3.00,-9.00
0,-7.27,-7.89,94.99,46.14,285.21,-11.53,11.31,11.89,-2.64,-11.00,-10.00,-11.00
0,-7.18,-8.37,93.96,39.85,266.34,-41.94,10.67,11.72,-2.56,-15.00,-5.00,-1.00
0,-7.74,-8.33,95.92,40.89,276.82,-17.83,11.44,11.78,-2.56,-11.00,-11.00,-8.00
0,-7.88,-8.33,95.04,49.28,272.63,-40.89,11.08,11.58,-2.72,-14.00,-8.00,-4.00
0,-8.23,-9.01,96.35,39.85,266.34,-34.60,11.42,11.97,-2.64,-15.00,-7.00,-1.00
0,-8.41,-8.76,96.73,46.14,282.07,-22.02,11.42,11.97,-2.64,-19.00,-5.00,-3.00
0,-8.25,-8.94,95.88,42.99,264.24,-27.26,11.31,11.97,-2.58,-12.00,-8.00,-1.00
0,-8.15,-9.04,95.87,35.65,282.07,-12.58,11.19,11.81,-2.61,-14.00,-6.00,1.00
0,-8.03,-8.33,94.64,49.28,274.73,-41.94,11.42,11.92,-2.58,-12.00,-9.00,-6.00
0,-8.31,-8.89,96.18,42.99,276.82,-16.78,11.08,11.61,-2.75,-9.00,-11.00,-15.00
0,-8.41,-8.87,95.09,39.85,283.12,-19.92,11.42,11.89,-2.58,-16.00,-5.00,1.00
0,-8.34,-8.49,94.75,44.04,279.97,-10.49,11.31,11.94,-2.61,-4.00,-13.00,-9.00
0,-8.32,-8.60,93.78,30.41,293.60,-8.39,11.31,11.81,-2.69,-13.00,-9.00,-9.00
0,-8.43,-7.58,93.06,39.85,278.92,-28.31,11.42,11.92,-2.64,-7.00,-11.00,-16.00
0,-8.83,-7.72,94.08,47.19,274.73,-45.09,11.42,11.97,-2.53,-14.00,-6.00,-8.00
0,-9.34,-8.40,96.06,54.53,257.95,-16.78,11.19,11.81,-2.67,-15.00,-8.00,-7.00
0,-9.33,-9.83,95.09,49.28,264.24,-31.46,11.19,11.92,-2.72,-14.00,-4.00,-3.00
0,-9.42,-10.07,95.77,40.89,281.02,-37.75,11.19,11.58,-2.67,-12.00,-8.00,-4.00
0,-9.62,-9.41,96.41,41.94,286.26,-14.68,11.56,11.33,-2.53,-22.00,-4.00,6.00
0,-9.31,-9.06,95.10,37.75,278.92,-40.89,11.42,12.00,-2.61,-20.00,-5.00,8.00
0,-9.35,-8.52,96.29,45.09,268.44,-50.33,11.31,11.86,-2.53,-13.00,-6.00,-3.00
0,-9.56,-8.86,97.96,47.19,268.44,-37.75,11.31,12.00,-2.56,-13.00,-3.00,1.00
0,-9.38,-9.23,97.99,42.99,279.97,-13.63,11.31,11.97,-2.56,-10.00,-8.00,-2.00
0,-8.68,-9.00,96.03,38.80,289.41,-17.83,11.19,11.86,-2.58,-13.00,-4.00,-6.00
0,-8.29,-8.47,95.11,49.28,273.68,-25.17,11.42,12.08,-2.50,-15.00,-11.00,-4.00
0,-8.25,-9.08,95.18,39.85,286.26,-19.92,11.89,11.61,-2.56,-10.00,-10.00,-7.00
0,-8.22,-8.63,94.72,51.38,257.95,-35.65,11.47,12.00,-2.61,-14.00,-7.00,-3.00
0,-8.48,-9.61,96.02,34.60,293.60,-1.05,11.50,11.86,-2.56,-8.00,1.00,-11.00
0,-8.28,-8.61,94.43,42.99,287.31,-1.05,11.31,11.50,-2.53,60.00,-12.00,-5.00
0,-16.06,-8.27,100.55,52.43,249.56,20.97,11.11,11.47,-3.83,1142.00,-1411.00,194.00
0,-12.97,-4.10,100.42,-25.17,308.28,-342.88,10.64,11.92,-4.81,1013.00,207.00,-1008.00
0,4.21,-6.02,82.31,77.59,199.23,60.82,11.81,11.25,-1.25,-2685.00,2967.00,688.00
0,-6.80,-3.68,92.86,97.52,241.17,200.28,11.64,11.47,-1.19,2034.00,-1849.00,-947.00
0,-21.67,-4.86,87.21,-51.38,250.61,-177.21,10.67,11.83,-4.28,529.00,-2531.00,-581.00
0,-6.98,-5.33,82.73,-96.47,290.46,-217.06,10.72,12.11,-3.44,-2387.00,2496.00,1100.00
0,-0.79,-4.86,77.48,76.55,217.06,265.29,11.42,11.53,0.14,-1293.00,1256.00,434.00
0,-19.59,-3.77,83.64,22.02,321.91,89.13,11.06,12.25,-2.22,1911.00,-3182.00,-804.00
0,-18.61,3.87,88.04,-38.80,329.25,-255.85,10.08,12.89,-4.03,1090.00,330.00,-1268.00
0,-14.99,-0.56,78.53,15.73,261.10,13.63,10.53,12.67,-3.03,-1568.00,694.00,847.00
0,-15.96,-1.34,83.29,55.57,242.22,1.05,10.86,12.58,-2.47,175.00,-106.00,-88.00
0,-16.90,-5.18,86.13,20.97,292.55,-10.49,10.64,12.58,-2.69,80.00,13.00,-46.00
0,-17.48,-4.76,88.31,31.46,278.92,-26.21,10.72,12.58,-2.64,4.00,11.00,-5.00
0,-17.87,-5.52,90.84,28.31,283.12,-5.24,10.75,12.64,-2.78,-28.00,11.00,25.00
0,-17.89,-5.73,90.96,32.51,267.39,-32.51,10.39,12.44,-2.83,-4.00,-3.00,23.00
0,-18.04,-6.13,93.30,26.21,288.36,-7.34,10.86,12.64,-2.72,-18.00,-17.00,-13.00
0,-17.65,-5.86,92.59,26.21,272.63,-48.23,10.81,12.67,-2.69,-16.00,-4.00,13.00
0,-17.37,-5.72,95.43,28.31,288.36,-29.36,10.47,12.36,-2.67,-22.00,-5.00,-2.00
0,-16.99,-5.66,95.63,33.55,284.16,-17.83,10.83,11.94,-2.61,-1.00,-10.00,-2.00
0,-16.12,-5.98,94.88,26.21,264.24,-46.14,10.83,12.64,-2.69,-9.00,-9.00,-13.00
0,-15.59,-5.81,96.89,27.26,287.31,-22.02,10.89,12.58,-2.67,-14.00,-2.00,-9.00
0,-14.93,-5.65,96.01,27.26,281.02,-26.21,10.69,12.25,-2.81,-4.00,-9.00,-1.00
0,-14.21,-5.58,95.75,24.12,281.02,-19.92,10.75,12.61,-2.64,-11.00,-2.00,-4.00
0,-13.56,-5.28,95.13,32.51,271.58,-4.19,10.22,12.28,-2.89,-8.00,-10.00,-7.00
0,-13.08,-5.93,93.41,29.36,275.78,-42.99,10.81,12.58,-2.58,-18.00,-2.00,8.00
0,-12.65,-6.07,95.37,23.07,292.55,-22.02,10.81,12.53,-2.69,-28.00,34.00,10.00
0,-14.90,-7.06,99.08,49.28,270.53,44.04,10.86,12.44,-2.78,657.00,-385.00,332.00
0,-23.77,-1.79,96.02,13.63,253.76,-101.71,10.42,12.50,-4.47,618.00,-1907.00,-928.00
0,-4.28,-6.49,85.29,-45.09,191.89,-110.10,10.92,12.33,-3.25,-2498.00,3212.00,1005.00
0,4.15,-1.96,93.00,88.08,208.67,275.78,11.42,11.64,0.06,-107.00,1611.00,-87.00
0,-12.59,1.23,97.98,10.49,335.54,89.13,10.86,12.53,-2.64,2189.00,-2898.00,-507.00
0,-18.98,4.91,98.13,-35.65,219.15,-283.12,10.33,11.61,-4.78,855.00,-1176.00,-551.00
0,-1.27,1.36,84.24,-46.14,232.78,-119.54,10.97,12.47,-2.56,-3414.00,2956.00,984.00
0,-5.97,8.40,101.15,93.32,187.70,256.90,11.64,11.64,-0.47,824.00,-916.00,-388.00
0,-21.23,10.59,94.24,-3.15,224.40,-80.74,10.75,12.53,-3.47,1444.00,-2460.00,-1072.00
0,-17.99,4.51,96.06,-42.99,301.99,-89.13,10.06,13.08,-4.17,-531.00,140.00,455.00
0,-17.06,3.85,97.49,36.70,262.14,-9.44,10.42,12.58,-3.69,-304.00,80.00,268.00
0,-16.21,-0.44,94.91,31.46,264.24,-49.28,10.42,12.64,-3.58,-68.00,48.00,-102.00
0,-15.43,-3.17,97.03,10.49,283.12,-32.51,10.53,12.64,-3.64,-41.00,28.00,15.00
0,-15.25,-3.02,96.61,22.02,291.50,-16.78,10.67,12.11,-3.61,-55.00,1.00,41.00
0,-14.77,-3.59,95.58,27.26,287.31,-31.46,11.11,11.97,-3.36,14.00,13.00,16.00
0,-14.37,-4.35,95.84,16.78,286.26,-24.12,10.42,12.78,-3.53,-8.00,-1.00,14.00
0,-14.20,-4.04,95.30,27.26,283.12,-27.26,10.61,12.36,-3.61,-42.00,5.00,6.00
0,-14.13,-4.55,95.09,20.97,285.21,-26.21,10.50,12.53,-3.44,-63.00,-2.00,-6.00
0,-14.01,-4.44,94.86,23.07,289.41,-15.73,10.42,12.75,-3.42,-63.00,4.00,0.00
0,-13.95,-4.46,94.06,23.07,295.70,-12.58,10.53,12.75,-3.36,-44.00,-8.00,-6.00
0,-13.84,-4.50,93.48,22.02,284.16,-22.02,10.58,12.67,-3.36,-15.00,-2.00,4.00
0,-13.90,-4.39,93.85,23.07,288.36,-15.73,10.58,12.58,-3.42,-8.00,-2.00,-17.00
0,-14.03,-4.33,93.55,22.02,288.36,-13.63,10.58,12.58,-3.53,-18.00,-4.00,-26.00
0,-14.10,-4.17,93.12,28.31,272.63,-35.65,10.44,12.36,-3.50,-32.00,3.00,-33.00
0,-14.48,-4.70,94.95,25.17,265.29,-54.53,10.47,12.58,-3.42,5.00,-14.00,-28.00
0,-14.90,-4.91,97.61,19.92,264.24,-28.31,10.53,12.28,-3.64,-17.00,-14.00,-9.00
0,-14.52,-4.61,96.53,16.78,274.73,-34.60,10.36,12.58,-3.36,-87.00,56.00,-17.00
0,-9.83,-6.22,92.44,23.07,260.05,-18.87,10.72,11.89,-2.86,-685.00,767.00,324.00
0,-18.02,-3.57,103.00,45.09,251.66,99.61,10.83,12.25,-3.47,1575.00,-1449.00,-62.00
0,-17.21,-5.09,97.63,-50.33,312.48,-341.84,10.17,12.03,-5.00,1342.00,-74.00,-185.00
0,0.39,-6.83,84.14,-19.92,252.71,5.24,10.92,12.39,-3.03,-1899.00,2920.00,599.00
0,3.74,-1.24,86.18,83.89,249.56,100.66,10.86,11.64,-1.19,63.00,747.00,-180.00
0,-5.45,-7.04,87.29,3.15,325.06,33.55,10.81,12.53,-2.53,1136.00,-1333.00,-109.00
0,-8.64,0.25,90.70,20.97,266.34,-213.91,10.00,12.44,-3.92,742.00,-356.00,-931.00
0,3.60,-3.88,85.27,-15.73,226.49,-30.41,10.83,12.03,-2.17,-2109.00,2396.00,731.00
0,-1.56,2.55,93.24,53.48,265.29,111.15,11.06,12.19,-1.06,787.00,-610.00,-642.00
0,-10.51,0.53,86.61,2.10,236.98,-102.76,10.94,12.64,-2.53,410.00,-1365.00,-560.00
0,-9.82,-1.92,94.33,14.68,275.78,-53.48,10.61,12.44,-2.86,-527.00,75.00,330.00
0,-10.95,-1.30,97.67,33.55,278.92,-9.44,10.64,12.78,-2.58,115.00,-50.00,-170.00
0,-10.62,-3.75,95.16,27.26,265.29,-11.53,10.11,12.50,-2.78,-57.00,7.00,41.00
0,-10.21,-4.52,94.22,24.12,271.58,-29.36,10.58,12.78,-2.61,14.00,-22.00,-18.00
0,-10.25,-4.55,95.86,32.51,273.68,-32.51,10.56,12.78,-2.61,134.00,-32.00,-35.00
0,-10.33,-5.06,96.80,22.02,274.73,-39.85,10.56,12.08,-2.81,82.00,-26.00,-66.00
0,-10.27,-4.90,97.18,20.97,285.21,-8.39,10.08,13.00,-2.94,-45.00,-3.00,2.00
0,-9.83,-4.66,94.96,18.87,273.68,-30.41,10.44,12.69,-2.86,-48.00,21.00,-4.00
0,-9.63,-4.41,95.29,26.21,289.41,-31.46,10.42,12.78,-2.75,-48.00,1.00,0.00
0,-9.60,-4.73,95.28,14.68,264.24,-36.70,10.42,12.78,-2.72,-70.00,12.00,6.00
0,-9.64,-4.08,96.40,20.97,288.36,-4.19,10.25,12.83,-2.69,-4.00,-3.00,-6.00
0,-9.57,-4.26,94.65,17.83,278.92,-26.21,10.22,12.50,-2.86,27.00,-21.00,23.00
0,-9.54,-4.12,95.16,16.78,297.80,-19.92,10.58,12.58,-2.83,30.00,-7.00,12.00
0,-9.58,-3.81,94.60,26.21,274.73,-13.63,11.33,12.67,-2.78,-32.00,1.00,-6.00
0,-9.31,-4.53,93.61,17.83,282.07,-20.97,10.89,12.42,-2.86,-65.00,24.00,10.00
0,-10.01,-4.71,95.81,-4.19,298.84,-17.83,10.86,12.08,-2.67,322.00,-97.00,99.00
0,-20.06,-5.31,97.22,61.87,249.56,4.19,11.08,11.81,-4.00,216.00,-1714.00,653.00
0,-13.30,-4.27,97.08,-44.04,335.54,-325.06,10.11,12.36,-4.56,590.00,920.00,-903.00
0,3.48,-4.79,90.37,23.07,285.21,120.59,11.03,12.31,-1.17,-865.00,2912.00,56.00
0,4.56,-2.27,86.62,2.10,274.73,73.40,10.42,12.78,-0.89,571.00,115.00,-432.00
0,-12.66,-7.58,85.74,11.53,348.13,106.95,10.61,12.58,-2.64,177.00,-3074.00,854.00
0,-7.73,-1.02,91.91,-46.14,362.81,-363.86,10.28,12.78,-3.97,1333.00,903.00,-1034.00
0,9.86,-1.15,79.41,-22.02,224.40,25.17,10.92,12.25,-0.86,-1992.00,3319.00,556.00
0,6.54,2.86,84.06,45.09,292.55,97.52,10.97,11.81,0.03,624.00,-323.00,-402.00
0,-10.33,-3.64,82.38,4.19,269.48,34.60,11.14,12.28,-1.56,143.00,-2820.00,181.00
0,-10.86,-2.52,80.43,-29.36,364.90,-92.27,10.56,12.58,-2.75,-363.00,-36.00,-18.00
0,-11.65,-2.04,80.73,34.60,267.39,-16.78,10.83,12.67,-2.28,-245.00,103.00,21.00
0,-11.15,-4.28,85.21,13.63,283.12,-26.21,10.58,12.78,-1.97,-128.00,316.00,41.00
0,-12.69,-3.34,89.78,26.21,277.87,11.53,10.67,12.08,-1.81,110.00,-43.00,-54.00
0,-13.13,-3.98,89.08,10.49,271.58,-25.17,10.64,12.75,-2.14,13.00,-33.00,-35.00
0,-13.39,-3.15,91.79,20.97,278.92,-18.87,10.64,12.78,-2.08,15.00,-33.00,-23.00
0,-13.57,-3.48,92.70,17.83,297.80,-9.44,10.53,12.78,-2.08,4.00,-31.00,-24.00
0,-13.30,-3.49,92.52,22.02,273.68,-29.36,10.56,12.75,-2.08,10.00,-26.00,2.00
0,-13.14,-4.01,94.04,25.17,277.87,-17.83,10.53,12.67,-2.19,8.00,-39.00,11.00
0,-13.10,-4.41,94.08,26.21,272.63,-11.53,10.53,12.78,-2.25,17.00,-63.00,-9.00
0,-12.63,-4.83,93.40,17.83,284.16,-24.12,10.11,12.44,-2.22,-14.00,-20.00,-5.00
0,-12.26,-4.34,93.95,22.02,279.97,-19.92,10.58,12.78,-2.33,-12.00,-7.00,-9.00
0,-11.98,-4.37,94.01,7.34,297.80,-24.12,10.53,12.78,-2.28,-8.00,-5.00,-10.00
0,-11.69,-3.29,94.34,16.78,275.78,-30.41,10.31,12.81,-2.25,8.00,-14.00,-17.00
0,-11.35,-3.41,94.89,16.78,269.48,-26.21,10.42,12.92,-2.25,-48.00,4.00,3.00
0,-10.98,-3.48,95.08,15.73,277.87,-10.49,10.42,12.89,-2.19,-24.00,-2.00,-3.00
0,-10.75,-3.57,94.01,20.97,278.92,-14.68,10.42,12.75,-2.28,-1.00,-52.00,32.00
0,-16.13,-5.67,96.63,28.31,282.07,63.96,10.75,12.58,-2.75,418.00,-984.00,426.00
0,-16.05,0.86,95.58,-58.72,373.29,-192.94,10.61,12.69,-4.06,1007.00,-323.00,-1101.00
0,4.39,-0.79,84.77,-41.94,247.46,27.26,10.94,12.58,-1.56,-1725.00,3480.00,592.00
0,1.96,6.80,89.84,60.82,232.78,166.72,10.67,12.06,0.00,972.00,-316.00,-646.00
0,-18.66,-2.92,84.59,-45.09,328.20,26.21,10.69,12.64,-2.86,893.00,-3502.00,278.00
0,-10.37,3.73,92.18,-49.28,340.79,-354.42,10.42,12.67,-3.89,1141.00,1327.00,-766.00
0,2.26,2.07,83.88,41.94,290.46,187.70,11.08,12.14,-0.53,-1468.00,2383.00,487.00
0,-4.85,4.54,88.23,12.58,301.99,84.93,10.86,12.50,-0.78,1687.00,-1093.00,-743.00
0,-19.94,0.33,83.94,-34.60,170.92,-138.41,10.69,12.25,-3.03,15.00,-2469.00,74.00
0,-13.11,-1.29,86.36,-5.24,257.95,-17.83,10.64,12.64,-2.42,-1304.00,1024.00,707.00
0,-12.95,0.34,90.32,33.55,276.82,55.57,10.75,12.75,-1.56,114.00,136.00,-95.00
0,-12.95,-1.92,86.16,15.73,284.16,-12.58,10.53,12.75,-1.69,34.00,-20.00,-84.00
0,-13.05,-2.35,89.04,19.92,270.53,-26.21,10.47,13.00,-1.78,68.00,-79.00,-19.00
0,-13.63,-2.83,91.56,17.83,291.50,-12.58,10.42,13.00,-1.72,-29.00,-54.00,-51.00
0,-13.52,-2.92,92.33,5.24,285.21,-6.29,10.58,12.89,-1.97,64.00,-27.00,-32.00
0,-13.23,-2.09,91.83,16.78,288.36,-9.44,10.33,12.67,-2.08,-29.00,-31.00,-28.00
0,-12.95,-2.46,92.04,9.44,288.36,-8.39,10.47,12.81,-2.06,25.00,-26.00,-23.00
0,-12.59,-2.23,91.90,17.83,268.44,-11.53,10.42,13.03,-1.94,-10.00,-4.00,-8.00
0,-12.28,-2.78,92.15,22.02,285.21,-17.83,10.42,12.94,-2.00,-4.00,-20.00,-21.00
0,-12.13,-2.96,93.10,16.78,263.19,-28.31,10.42,13.11,-2.08,61.00,-32.00,-81.00
0,-11.88,-3.18,94.09,18.87,277.87,-26.21,10.61,12.56,-2.08,-59.00,-1.00,-18.00
0,-11.43,-3.50,94.22,13.63,287.31,0.00,10.28,12.47,-2.14,-73.00,12.00,0.00
0,-10.93,-3.21,92.65,7.34,285.21,-7.34,10.42,13.11,-1.94,-19.00,1.00,-7.00
0,-10.43,-2.45,92.27,13.63,283.12,-6.29,10.36,13.06,-2.08,-3.00,-6.00,-30.00
0,-10.11,-2.68,91.71,5.24,267.39,-20.97,10.17,12.69,-2.14,-38.00,19.00,13.00
0,-10.01,-2.15,92.56,15.73,269.48,-26.21,10.42,12.97,-1.97,-57.00,14.00,11.00
0,-10.00,-2.60,93.82,4.19,288.36,-11.53,10.19,12.81,-2.11,1.00,-9.00,-10.00
0,-10.79,-1.46,94.93,20.97,283.12,39.85,10.36,12.69,-2.19,284.00,-175.00,-83.00
0,-22.23,-1.28,91.97,9.44,191.89,-52.43,10.17,12.92,-3.31,276.00,-2080.00,-142.00
0,-9.62,-9.03,84.86,-85.98,313.52,-239.08,10.33,13.03,-3.08,-1248.00,1909.00,1443.00
0,-0.10,-10.89,76.39,52.43,240.12,165.68,10.97,12.17,0.00,-1079.00,1532.00,639.00
0,-11.20,-9.13,83.41,12.58,271.58,106.95,10.75,12.78,-1.39,2108.00,-1919.00,-550.00
0,-24.14,-4.68,81.98,-2.10,184.55,-311.43,10.39,12.33,-3.83,551.00,-1940.00,-603.00
0,-8.68,-6.57,74.58,-35.65,227.54,-105.91,10.94,12.58,-2.36,-2184.00,2649.00,1067.00
0,-11.82,1.13,92.10,56.62,246.42,138.41,11.00,12.14,-0.72,548.00,-134.00,-346.00
0,-29.05,-7.33,83.97,-9.44,320.86,63.96,10.75,12.61,-2.61,99.00,-2866.00,343.00
0,-22.12,-3.81,81.80,-50.33,363.86,-128.97,10.17,12.97,-3.58,-101.00,902.00,-88.00
0,-18.78,-3.43,77.53,52.43,267.39,93.32,10.86,12.78,-1.92,-758.00,682.00,105.00
0,-18.85,-5.09,75.98,17.83,301.99,-30.41,10.53,12.78,-1.86,160.00,20.00,-182.00
0,-20.32,-4.52,82.69,18.87,281.02,-19.92,10.39,12.17,-2.06,15.00,-57.00,-9.00
0,-21.58,-4.18,86.69,22.02,253.76,-26.21,10.89,12.47,-2.03,-66.00,-37.00,-15.00
0,-21.82,-4.39,90.66,24.12,286.26,-29.36,10.64,12.89,-1.97,41.00,-26.00,-26.00
0,-21.41,-4.51,92.89,29.36,275.78,-7.34,10.53,12.94,-2.00,37.00,-14.00,-15.00
0,-20.43,-5.06,92.30,22.02,281.02,1.05,10.69,12.83,-2.03,-20.00,-19.00,-14.00
0,-19.25,-4.74,91.27,6.29,248.51,-47.19,10.83,12.33,-2.00,-23.00,-23.00,-19.00
0,-18.54,-3.43,95.05,4.19,291.50,-19.92,10.50,12.44,-2.14,15.00,-17.00,-28.00
0,-17.95,-2.12,95.09,11.53,270.53,-38.80,10.42,12.69,-2.19,65.00,-38.00,-67.00
0,-16.82,-2.11,96.54,13.63,290.46,-18.87,10.42,13.03,-2.14,23.00,-4.00,-33.00
0,-15.55,-2.31,95.36,16.78,283.12,-34.60,10.53,13.00,-2.11,-37.00,18.00,-5.00
0,-14.31,-2.72,95.78,15.73,268.44,-42.99,10.58,13.08,-2.06,-40.00,11.00,-7.00
0,-13.33,-2.94,96.86,16.78,282.07,-7.34,10.42,13.06,-2.00,-54.00,13.00,-13.00
0,-12.08,-3.09,94.32,15.73,270.53,-46.14,10.64,12.25,-2.06,-89.00,31.00,-6.00
0,-11.25,-3.26,96.22,13.63,287.31,-12.58,10.47,12.67,-1.97,-45.00,13.00,3.00
0,-13.44,-3.24,98.76,26.21,261.10,32.51,10.78,12.36,-2.28,654.00,-490.00,97.00
0,-20.24,2.85,95.93,-14.68,238.03,-227.54,9.81,13.47,-3.89,685.00,-1553.00,-1089.00
0,0.80,-6.49,93.02,-77.59,190.84,-12.58,10.75,12.75,-2.31,-1626.00,3461.00,1409.00
0,6.12,-3.25,92.65,67.11,254.80,173.02,11.14,11.94,0.44,-32.00,994.00,248.00
0,-8.27,-3.05,89.25,19.92,304.09,158.33,10.86,12.53,-1.31,1011.00,-2743.00,-573.00
0,-18.71,-0.32,90.86,-36.70,185.60,-320.86,10.42,12.78,-3.75,1176.00,-1855.00,-453.00
0,-4.19,-3.61,81.97,-38.80,246.42,-119.54,10.86,12.53,-2.67,-2098.00,2391.00,956.00
0,-2.33,1.84,96.84,66.06,239.08,90.18,10.78,12.53,-1.08,288.00,493.00,-173.00
0,-10.11,-3.28,90.29,5.24,329.25,38.80,10.72,12.44,-2.17,600.00,-1198.00,-271.00
0,-21.42,-2.88,94.00,25.17,162.53,-239.08,10.86,12.42,-3.83,814.00,-2048.00,164.00
0,-10.34,-9.35,96.91,-35.65,268.44,-111.15,10.89,12.14,-3.25,-2093.00,2020.00,623.00
0,-10.28,-0.43,105.62,58.72,243.27,37.75,11.06,12.31,-1.97,466.00,34.00,-496.00
0,-9.44,-4.44,96.45,-12.58,303.04,-88.08,10.42,12.78,-2.58,-45.00,-90.00,-139.00
0,-8.75,-2.55,99.30,26.21,257.95,-37.75,10.86,12.78,-2.44,-50.00,-102.00,27.00
0,-8.86,-3.78,98.85,18.87,264.24,-62.91,10.42,12.78,-2.53,-22.00,-82.00,-15.00
0,-8.31,-3.83,100.63,18.87,283.12,-31.46,10.11,12.28,-2.69,-20.00,2.00,-15.00
0,-7.77,-3.98,98.68,9.44,286.26,-27.26,10.53,12.17,-2.47,-65.00,13.00,22.00
0,-7.21,-3.09,97.24,29.36,254.80,-47.19,11.06,12.44,-2.58,-63.00,-35.00,-23.00
0,-6.90,-4.55,98.37,17.83,277.87,-36.70,10.53,12.78,-2.44,-48.00,6.00,0.00
0,-6.63,-4.21,97.80,23.07,277.87,-52.43,10.58,12.86,-2.47,-58.00,3.00,-7.00
0,-6.27,-4.49,98.60,14.68,275.78,-30.41,10.58,12.92,-2.36,-60.00,21.00,9.00
0,-5.89,-3.87,97.68,26.21,277.87,-62.91,10.50,12.69,-2.50,-19.00,2.00,-17.00
0,-5.74,-4.37,99.39,17.83,277.87,-51.38,10.42,12.78,-2.31,-40.00,3.00,-11.00
0,-5.51,-4.13,99.61,19.92,256.90,-57.67,10.42,12.97,-2.31,-45.00,4.00,2.00
0,-5.14,-4.29,100.63,18.87,271.58,-26.21,10.42,12.81,-2.36,-49.00,2.00,7.00
0,-4.38,-4.25,98.31,20.97,269.48,-46.14,10.53,12.11,-2.17,-68.00,38.00,6.00
0,-3.79,-4.37,98.27,4.19,287.31,-19.92,10.72,12.44,-2.36,-115.00,24.00,3.00
0,-3.35,-3.36,95.97,14.68,283.12,-12.58,10.42,12.92,-2.08,-143.00,53.00,37.00
0,-4.87,-4.38,97.09,34.60,290.46,49.28,10.64,12.58,-2.31,389.00,-296.00,236.00
0,-15.44,-0.59,91.19,6.29,217.06,-148.90,10.42,12.78,-3.61,-52.00,-1998.00,-771.00
0,-5.06,-8.09,98.24,-30.41,293.60,-223.35,10.31,12.92,-3.25,-893.00,1774.00,919.00
0,4.11,-13.00,88.00,72.35,231.74,224.40,11.39,11.47,0.31,-1864.00,1831.00,1013.00
0,-8.03,-6.55,95.34,27.26,288.36,176.16,11.08,12.22,-1.28,2564.00,-2581.00,-1059.00
0,-13.77,-1.11,92.68,-8.39,176.16,-406.85,10.36,12.53,-4.31,880.00,-1083.00,-812.00
0,4.14,-3.84,80.49,-12.58,179.31,-126.88,11.08,11.56,-2.42,-1822.00,3099.00,957.00
0,5.94,-0.61,92.91,66.06,283.12,124.78,11.31,11.39,-0.83,446.00,634.00,-287.00
0,-9.41,-1.64,88.11,14.68,309.33,73.40,10.86,12.67,-2.00,402.00,-2405.00,-526.00
0,-15.38,4.48,89.83,-16.78,138.41,-260.05,10.08,12.97,-4.08,935.00,-1055.00,-1105.00
0,-1.49,-1.10,97.32,8.39,214.96,14.68,10.75,12.72,-2.56,-1890.00,2271.00,682.00
0,-2.53,2.12,98.25,48.23,236.98,60.82,11.33,12.19,-1.56,589.00,-91.00,-593.00
0,-1.94,-3.50,88.68,-7.34,306.18,-59.77,10.61,12.69,-1.89,-315.00,44.00,166.00
0,-2.30,-1.66,93.00,29.36,279.97,-40.89,10.75,12.78,-1.61,69.00,-66.00,-66.00
0,-3.36,-3.25,94.77,20.97,270.53,-39.85,10.69,12.78,-1.61,-58.00,-29.00,-4.00
0,-3.53,-3.78,96.19,18.87,291.50,-18.87,10.53,12.78,-1.61,-14.00,11.00,6.00
0,-3.48,-3.82,95.06,23.07,268.44,-26.21,10.64,12.67,-1.61,-58.00,-11.00,7.00
0,-3.24,-4.53,94.76,14.68,304.09,-9.44,10.58,12.64,-1.72,-101.00,7.00,42.00
0,-3.34,-3.64,94.04,10.49,283.12,-31.46,10.78,12.17,-1.72,29.00,-36.00,-62.00
0,-3.48,-3.00,94.84,15.73,286.26,-27.26,10.83,12.50,-1.81,-25.00,-9.00,-18.00
0,-3.66,-2.91,95.21,22.02,277.87,0.00,10.53,12.64,-1.72,12.00,-7.00,-30.00
0,-3.50,-3.47,93.22,11.53,301.99,2.10,10.58,12.86,-1.69,-23.00,5.00,-16.00
0,-3.50,-2.99,92.28,24.12,268.44,-24.12,10.42,12.89,-1.72,29.00,-27.00,-17.00
0,-3.70,-3.88,93.37,25.17,272.63,-20.97,10.42,12.94,-1.67,-23.00,13.00,-2.00
0,-4.04,-4.35,93.88,19.92,273.68,-31.46,10.53,12.94,-1.67,6.00,-9.00,-19.00
0,-4.25,-4.27,94.97,18.87,274.73,-7.34,10.69,12.78,-1.69,-5.00,-7.00,-6.00
0,-4.21,-4.10,93.70,25.17,284.16,-30.41,10.42,12.72,-1.72,-5.00,-5.00,-14.00
0,-4.51,-4.36,94.87,10.49,297.80,17.83,10.42,12.94,-1.64,35.00,-58.00,-17.00
0,-13.91,-4.46,97.40,13.63,316.67,104.86,10.58,12.67,-2.81,805.00,-1688.00,368.00
0,-13.71,1.37,92.13,-11.53,191.89,-298.84,10.14,12.81,-4.36,149.00,-189.00,-897.00
0,7.93,-3.67,89.56,-76.55,201.33,46.14,11.28,12.00,-2.17,-1540.00,3739.00,903.00
0,6.67,3.79,89.20,93.32,221.25,168.82,11.31,11.89,-0.06,425.00,23.00,-359.00
0,-11.04,-3.92,86.05,-4.19,327.16,131.07,10.92,11.83,-2.56,1212.00,-3054.00,-158.00
0,-16.93,4.95,90.38,-34.60,334.50,-386.92,10.14,12.58,-4.53,1311.00,-936.00,-1326.00
0,-1.35,4.25,82.17,-16.78,201.33,-88.08,10.97,12.42,-2.61,-1560.00,2795.00,459.00
0,-2.77,6.78,91.49,59.77,238.03,70.25,11.19,12.36,-1.36,344.00,-143.00,-364.00
0,-16.33,-3.12,89.18,12.58,353.37,22.02,10.75,12.14,-3.17,596.00,-2100.00,338.00
0,-14.19,1.09,92.89,9.44,264.24,-228.59,10.56,12.11,-4.14,690.00,288.00,-715.00
0,-7.80,-1.91,92.63,36.70,233.83,-61.87,10.97,12.36,-3.00,-1175.00,1252.00,370.00
0,-6.00,-3.88,97.11,45.09,273.68,19.92,10.97,12.36,-1.94,52.00,397.00,-124.00
0,-5.85,-4.84,93.01,24.12,294.65,-37.75,10.81,11.94,-2.00,37.00,-39.00,-218.00
0,-6.17,-5.13,94.25,28.31,285.21,-10.49,10.97,12.58,-1.92,-64.00,-86.00,58.00
0,-6.56,-5.21,93.54,36.70,272.63,-46.14,10.86,12.44,-2.06,0.00,-70.00,-26.00
0,-7.15,-5.95,95.74,23.07,284.16,-41.94,10.81,12.36,-2.06,-34.00,-71.00,-31.00
0,-7.44,-5.28,96.86,32.51,274.73,-51.38,10.86,12.64,-2.11,6.00,-34.00,-32.00
0,-7.39,-5.75,98.41,17.83,288.36,-29.36,10.53,12.61,-2.19,13.00,-15.00,-17.00
0,-7.06,-4.84,97.46,29.36,257.95,-68.16,10.83,12.31,-2.17,-14.00,-21.00,-24.00
0,-6.79,-5.48,100.41,26.21,270.53,-52.43,10.81,12.64,-2.11,-24.00,2.00,-8.00
0,-6.46,-5.38,100.76,27.26,277.87,-42.99,10.81,12.67,-2.11,11.00,-17.00,-22.00
0,-5.67,-5.56,99.88,22.02,277.87,-28.31,10.75,12.67,-2.11,-30.00,-11.00,14.00
0,-4.76,-5.15,98.32,26.21,279.97,-18.87,10.72,12.64,-2.14,-10.00,1.00,-7.00
0,-4.07,-5.15,96.73,16.78,291.50,-17.83,10.86,12.67,-2.11,4.00,1.00,-21.00
0,-3.66,-4.52,95.59,30.41,284.16,-25.17,10.86,12.64,-2.14,-15.00,7.00,-7.00
0,-3.64,-5.08,95.36,26.21,269.48,-35.65,10.86,12.67,-2.17,-17.00,-2.00,-12.00
0,-3.87,-5.33,96.26,27.26,281.02,-57.67,10.78,12.58,-2.22,-4.00,-2.00,6.00
0,-6.91,-5.69,101.90,33.55,282.07,27.26,10.86,12.64,-2.39,625.00,-468.00,150.00
0,-18.84,-4.58,97.12,16.78,251.66,-60.82,10.53,12.44,-4.03,119.00,-2240.00,1.00
0,-8.32,-8.26,91.82,-38.80,276.82,-240.12,10.47,11.94,-3.72,-1123.00,1699.00,631.00
0,3.77,-11.55,84.04,49.28,269.48,217.06,11.08,11.81,-0.78,-1574.00,2130.00,961.00
0,-7.59,-7.54,88.50,4.19,327.16,93.32,10.86,12.42,-2.06,1485.00,-1977.00,-695.00
0,-20.89,-5.54,91.02,-3.15,161.48,-272.63,10.42,12.36,-4.31,771.00,-2120.00,-49.00
0,-7.67,-9.96,93.06,-46.14,264.24,-154.14,11.08,12.22,-3.14,-1784.00,2560.00,776.00
0,-8.70,-3.17,102.60,62.91,261.10,140.51,11.08,12.14,-1.44,143.00,119.00,-169.00
0,-19.38,-5.31,94.68,-6.29,334.50,50.33,10.64,12.06,-3.17,587.00,-2106.00,0.00
0,-20.47,1.81,98.09,-18.87,287.31,-316.67,10.42,12.61,-4.47,1072.00,-635.00,-931.00
0,-7.51,-0.65,89.44,16.78,236.98,40.89,11.08,12.19,-2.50,-1395.00,2174.00,415.00
0,-8.34,2.41,90.28,45.09,276.82,-50.33,11.00,12.25,-2.00,653.00,-210.00,-715.00
0,-8.29,-2.77,92.66,5.24,285.21,-27.26,10.86,12.50,-1.97,-249.00,41.00,137.00
0,-9.03,-1.74,94.15,35.65,260.05,-37.75,10.86,12.50,-2.08,60.00,-108.00,-66.00
0,-9.43,-4.12,95.86,29.36,284.16,-46.14,10.81,12.67,-2.00,-15.00,-73.00,-24.00
0,-9.30,-4.85,96.93,24.12,282.07,-23.07,10.69,12.00,-2.25,-44.00,-26.00,8.00
0,-9.10,-4.78,96.01,25.17,296.75,-25.17,10.81,12.47,-2.19,-28.00,-43.00,-18.00
0,-8.58,-4.77,95.64,28.31,284.16,-38.80,10.86,12.67,-1.94,-6.00,-11.00,-12.00
0,-8.34,-5.10,96.51,22.02,290.46,-28.31,10.86,12.64,-2.03,1.00,-38.00,-5.00
0,-7.99,-4.83,96.19,24.12,285.21,-14.68,10.92,12.53,-2.00,-11.00,-14.00,-7.00
0,-7.46,-4.76,95.05,24.12,287.31,-58.72,10.86,12.64,-2.17,0.00,-12.00,-20.00
0,-7.43,-4.65,97.50,25.17,289.41,-25.17,10.78,12.36,-2.25,13.00,-17.00,-26.00
