0,4.16,-17.58,88.42,106.95,263.19,23.07,10.92,9.42,0.69,79.00,358.00,155.00
0,4.71,-18.17,88.04,101.71,270.53,-29.36,10.69,9.06,0.75,56.00,324.00,135.00
0,4.83,-18.55,88.71,88.08,247.46,-15.73,10.81,9.19,0.75,48.00,248.00,120.00
0,4.88,-18.79,89.16,70.25,282.07,18.87,11.00,9.67,0.72,24.00,166.00,97.00
0,5.08,-18.48,88.85,97.52,233.83,-2.10,10.97,9.36,0.78,-1.00,92.00,77.00
0,5.06,-18.97,88.96,97.52,287.31,-9.44,11.56,9.22,0.94,-24.00,19.00,71.00
0,4.94,-19.02,89.16,112.20,295.70,-8.39,10.86,9.31,0.81,-42.00,-36.00,47.00
0,4.78,-19.18,89.29,94.37,247.46,-28.31,10.83,9.00,0.94,-57.00,-72.00,20.00
0,4.43,-19.35,89.98,59.77,268.44,12.58,10.86,9.17,0.78,-59.00,-96.00,-4.00
0,4.38,-18.69,89.69,74.45,282.07,20.97,11.06,9.22,0.86,-55.00,-106.00,-11.00
0,4.37,-18.33,89.33,83.89,264.24,-11.53,10.75,9.17,0.81,-49.00,-122.00,-13.00
0,4.12,-18.26,89.63,83.89,275.78,-13.63,11.11,9.19,0.75,-46.00,-130.00,-10.00
0,3.84,-18.12,89.93,100.66,228.59,-13.63,10.86,9.06,0.75,-39.00,-135.00,-17.00
0,3.58,-18.58,90.24,100.66,228.59,-13.63,10.94,9.25,0.81,-40.00,-134.00,-26.00
0,3.35,-18.99,90.53,106.95,278.92,4.19,10.81,9.17,0.61,-39.00,-136.00,-36.00
0,3.22,-19.11,90.44,78.64,283.12,15.73,11.03,9.31,0.78,-31.00,-138.00,-43.00
0,3.20,-18.73,90.15,71.30,267.39,-17.83,11.11,9.36,0.69,-28.00,-140.00,-50.00
0,2.94,-18.29,90.54,40.89,286.26,63.96,11.00,9.36,0.67,-27.00,-140.00,-56.00
0,3.15,-17.37,89.41,88.08,266.34,33.55,11.11,9.14,0.64,-26.00,-137.00,-56.00
0,3.18,-17.38,88.82,67.11,226.49,-93.32,11.03,9.47,0.58,-26.00,-139.00,-57.00
0,2.35,-17.23,91.00,100.66,268.44,18.87,10.86,9.19,0.64,-26.00,-135.00,-56.00
0,2.32,-17.46,90.58,113.25,243.27,27.26,11.11,9.19,0.56,-27.00,-127.00,-53.00
0,2.41,-18.14,89.94,101.71,275.78,-31.46,11.11,9.22,0.50,-25.00,-119.00,-46.00
0,2.13,-18.27,90.51,98.57,267.39,51.38,10.86,9.22,0.50,-27.00,-102.00,-38.00
0,2.36,-18.39,89.51,74.45,309.33,3.15,11.11,9.22,0.53,-27.00,-86.00,-42.00
0,2.30,-18.01,89.51,89.13,293.60,-6.29,11.06,9.36,0.58,-27.00,-78.00,-31.00
0,2.19,-17.89,89.64,50.33,281.02,27.26,11.11,9.19,0.56,-24.00,-65.00,-26.00
0,2.30,-17.16,89.16,104.86,243.27,32.51,11.11,9.25,0.44,-16.00,-50.00,-24.00
0,2.44,-17.74,88.51,92.27,295.70,-14.68,11.11,9.31,0.50,-8.00,-43.00,-24.00
0,2.30,-17.69,88.84,90.18,262.14,39.85,10.86,9.25,0.47,-14.00,-33.00,-21.00
0,2.46,-17.79,88.14,122.68,303.04,-27.26,10.81,9.19,0.44,-13.00,-28.00,-15.00
0,2.28,-18.04,88.55,78.64,268.44,22.02,11.08,9.25,0.44,-21.00,-19.00,-21.00
0,2.33,-17.85,88.22,30.41,304.09,68.16,11.03,9.47,0.47,-25.00,-16.00,-19.00
0,2.54,-16.94,87.36,74.45,287.31,-28.31,10.97,9.25,0.42,-19.00,-14.00,-22.00
0,2.28,-16.71,88.05,106.95,227.54,-27.26,11.06,9.22,0.47,-16.00,-14.00,-23.00
0,1.99,-17.46,88.80,84.93,256.90,30.41,11.00,9.19,0.39,-11.00,-12.00,-21.00
0,2.11,-17.52,88.25,75.50,285.21,4.19,11.03,9.42,0.50,-13.00,-7.00,-18.00
0,2.08,-17.26,88.31,57.67,268.44,15.73,11.06,9.17,0.39,-13.00,-5.00,-21.00
0,2.09,-16.74,88.14,71.30,261.10,-2.10,10.81,9.25,0.53,-11.00,-8.00,-21.00
0,2.01,-16.57,88.36,85.98,274.73,-7.34,11.33,9.14,0.47,-14.00,-9.00,-20.00
0,1.90,-16.62,88.62,73.40,242.22,-79.69,10.56,9.44,0.39,-17.00,-7.00,-24.00
0,1.32,-16.60,90.55,99.61,252.71,28.31,11.03,9.42,0.39,-19.00,1.00,-29.00
0,1.50,-17.05,89.87,77.59,238.03,-68.16,11.06,9.47,0.58,-14.00,0.00,-24.00
0,1.12,-17.12,91.43,44.04,282.07,41.94,11.11,9.22,0.42,-15.00,5.00,-24.00
0,1.45,-16.36,90.48,82.84,293.60,10.49,11.11,9.28,0.44,-24.00,14.00,-24.00
0,1.61,-16.28,90.24,44.04,290.46,52.43,10.86,9.25,0.44,-25.00,19.00,-22.00
0,1.93,-15.63,89.31,100.66,240.12,20.97,11.08,9.33,0.53,-19.00,16.00,-18.00
0,2.11,-16.32,88.87,66.06,235.93,-80.74,10.86,9.19,0.50,-13.00,14.00,-16.00
0,1.61,-16.24,90.78,103.81,293.60,-25.17,11.06,9.28,0.50,-10.00,13.00,-14.00
0,1.55,-16.48,91.07,104.86,265.29,45.09,11.11,9.28,0.53,-12.00,13.00,-9.00
0,1.91,-16.93,90.12,55.57,286.26,39.85,10.81,9.36,0.53,-13.00,11.00,-5.00
0,2.20,-16.42,89.38,82.84,270.53,45.09,10.86,9.39,0.53,-14.00,11.00,0.00
0,2.49,-16.47,88.56,85.98,262.14,-13.63,10.97,9.25,0.50,-13.00,12.00,1.00
0,2.40,-16.65,88.96,75.50,235.93,-73.40,10.94,9.42,0.53,-16.00,15.00,4.00
0,1.91,-16.76,90.69,78.64,272.63,-12.58,10.81,9.25,0.53,-16.00,18.00,3.00
0,1.90,-16.69,90.85,87.03,293.60,-23.07,10.97,9.33,0.53,-14.00,18.00,-4.00
0,1.91,-16.67,91.12,97.52,266.34,-34.60,11.06,9.06,0.64,-16.00,15.00,-6.00
0,1.84,-16.97,91.66,82.84,270.53,-49.28,11.06,9.25,0.53,-12.00,10.00,-9.00
0,1.69,-16.96,92.43,59.77,267.39,-2.10,11.06,9.00,0.72,-13.00,6.00,-11.00
0,1.87,-16.52,92.22,71.30,254.80,-25.17,10.97,9.39,0.53,-15.00,-2.00,-14.00
0,1.87,-16.41,92.56,81.79,257.95,16.78,10.64,9.39,0.56,-11.00,-11.00,-18.00
0,2.14,-16.50,91.94,83.89,274.73,27.26,10.92,9.58,0.58,-17.00,-13.00,-20.00
0,2.43,-16.52,91.25,103.81,278.92,-19.92,10.86,9.00,0.75,-14.00,-14.00,-23.00
0,2.47,-16.82,91.46,92.27,294.65,4.19,11.11,9.39,0.61,-18.00,-9.00,-20.00
0,2.59,-16.85,91.26,72.35,275.78,16.78,11.03,9.00,0.61,-22.00,-4.00,-17.00
0,2.80,-16.63,90.81,68.16,270.53,11.53,11.08,9.69,0.53,-16.00,-2.00,-17.00
0,2.94,-16.37,90.48,75.50,286.26,11.53,11.19,9.53,0.58,-15.00,-2.00,-19.00
0,3.06,-16.22,90.23,84.93,263.19,22.02,11.06,9.28,0.53,-10.00,0.00,-15.00
0,3.22,-16.36,89.75,63.96,285.21,28.31,11.33,9.11,0.67,-8.00,3.00,-16.00
0,3.40,-16.02,89.26,101.71,240.12,6.29,10.86,9.36,0.50,-9.00,3.00,-16.00
0,3.41,-16.70,89.17,70.25,274.73,31.46,11.33,9.28,0.64,-10.00,-2.00,-14.00
0,3.56,-16.47,88.64,54.53,278.92,37.75,11.00,9.53,0.50,-11.00,-5.00,-11.00
0,3.70,-15.97,88.03,63.96,253.76,-61.87,10.75,9.56,0.50,-15.00,-3.00,-10.00
0,3.23,-15.78,89.57,62.91,270.53,38.80,10.86,9.39,0.53,-15.00,-1.00,-13.00
0,3.39,-15.52,88.82,41.94,289.41,45.09,11.39,9.19,0.69,-8.00,0.00,-12.00
0,3.58,-14.89,88.15,78.64,264.24,30.41,10.86,9.36,0.56,-3.00,-2.00,-9.00
0,3.69,-15.03,87.69,85.98,306.18,-12.58,10.72,9.25,0.50,-11.00,8.00,-12.00
0,3.56,-15.07,87.99,108.00,246.42,-35.65,10.86,9.36,0.56,-19.00,12.00,-8.00
0,3.27,-15.90,88.92,69.21,233.83,-90.18,10.78,9.22,0.69,-17.00,10.00,-9.00
0,2.67,-15.94,91.07,88.08,259.00,-28.31,10.86,9.22,0.53,-11.00,6.00,-13.00
0,2.53,-16.19,91.55,57.67,230.69,-106.95,10.75,9.56,0.83,-11.00,4.00,-14.00
0,2.01,-15.96,93.86,102.76,283.12,-1.05,10.75,9.44,0.56,-12.00,4.00,-10.00
0,2.19,-16.29,93.55,76.55,245.37,-56.62,10.86,9.39,0.56,-12.00,4.00,-7.00
0,2.07,-16.37,94.50,93.32,247.46,8.39,10.86,9.31,0.64,-11.00,4.00,-4.00
0,2.41,-16.81,93.85,73.40,312.48,6.29,11.11,9.22,0.61,-13.00,6.00,-1.00
0,2.69,-16.57,93.48,83.89,246.42,-6.29,10.86,9.28,0.56,-14.00,10.00,-1.00
0,2.90,-16.80,93.27,77.59,281.02,8.39,10.86,9.00,0.56,-11.00,12.00,-1.00
0,3.16,-16.69,92.81,111.15,233.83,23.07,10.86,9.42,0.64,-11.00,14.00,1.00
0,3.54,-17.56,92.00,99.61,261.10,29.36,10.81,9.19,0.56,-11.00,13.00,0.00
0,3.88,-17.88,91.21,74.45,307.23,2.10,10.86,9.39,0.58,-12.00,9.00,-5.00
0,3.99,-17.56,91.08,102.76,269.48,54.53,10.86,9.33,0.58,-15.00,4.00,-7.00
0,4.36,-17.84,90.00,95.42,265.29,14.68,11.00,9.58,0.61,-13.00,1.00,-8.00
0,4.48,-18.02,89.69,87.03,282.07,19.92,11.00,9.42,0.61,-14.00,-4.00,-10.00
0,4.56,-17.93,89.36,97.52,232.78,-54.53,10.94,9.53,0.56,-12.00,-8.00,-11.00
0,4.13,-18.38,90.66,98.57,300.94,-3.15,10.83,9.33,0.67,-8.00,-9.00,-11.00
0,4.12,-18.36,90.65,109.05,308.28,-30.41,10.86,9.28,0.64,-11.00,-10.00,-8.00
0,4.04,-18.42,90.96,106.95,279.97,1.05,10.86,9.42,0.56,-11.00,-11.00,-7.00
0,4.08,-18.64,90.85,104.86,315.62,-22.02,10.86,9.33,0.58,-15.00,-8.00,0.00
0,4.05,-18.62,91.02,93.32,281.02,-40.89,10.86,9.28,0.64,-22.00,-4.00,-3.00
0,3.90,-18.60,91.60,74.45,312.48,7.34,10.92,9.42,0.58,-21.00,-5.00,-5.00
0,3.99,-18.24,91.38,104.86,267.39,6.29,10.94,9.58,0.64,-16.00,-10.00,-3.00
0,4.12,-18.53,91.13,109.05,241.17,39.85,10.86,9.22,0.64,-15.00,-12.00,-2.00
0,4.48,-19.11,90.11,78.64,253.76,17.83,10.86,9.36,0.67,-17.00,-11.00,0.00
0,4.65,-18.93,89.67,119.54,309.33,-31.46,10.97,9.42,0.64,-18.00,-12.00,-1.00
0,4.53,-19.07,90.02,97.52,276.82,18.87,10.86,9.19,0.56,-18.00,-12.00,0.00
0,4.61,-19.10,89.66,101.71,301.99,-9.44,10.86,9.33,0.61,-16.00,-10.00,0.00
0,4.56,-19.07,89.80,114.29,283.12,-30.41,11.00,9.14,0.56,-17.00,-4.00,-2.00
0,4.38,-19.30,90.27,67.11,291.50,31.46,10.97,9.47,0.64,-13.00,0.00,-7.00
0,4.58,-18.77,89.71,71.30,288.36,-4.19,10.81,9.36,0.58,-13.00,6.00,-9.00
0,4.56,-18.36,89.80,77.59,278.92,25.17,11.00,9.36,0.61,-6.00,5.00,-3.00
0,4.71,-18.11,89.34,72.35,294.65,19.92,10.75,9.19,0.58,-12.00,8.00,-4.00
0,4.80,-17.75,89.05,35.65,276.82,50.33,10.75,9.25,0.56,-19.00,11.00,-8.00
0,5.04,-16.80,88.13,94.37,259.00,48.23,10.81,9.36,0.67,-19.00,4.00,-8.00
0,5.24,-17.08,87.31,85.98,292.55,11.53,10.83,9.28,0.56,-14.00,-3.00,-8.00
0,5.14,-17.02,87.33,103.81,297.80,5.24,10.97,9.47,0.53,-13.00,-6.00,-6.00
0,4.99,-17.18,87.43,94.37,285.21,-2.10,10.86,9.22,0.58,-13.00,-7.00,-6.00
0,4.82,-17.27,87.67,67.11,309.33,24.12,10.97,9.47,0.58,-11.00,-9.00,-2.00
0,4.77,-16.92,87.51,80.74,269.48,-4.19,11.28,9.11,0.69,-10.00,-10.00,1.00
0,4.61,-16.91,87.82,99.61,295.70,-8.39,10.56,9.56,0.53,-10.00,-9.00,3.00
0,4.43,-17.05,88.09,94.37,266.34,11.53,10.75,9.28,0.67,-10.00,-8.00,4.00
0,4.39,-17.28,88.04,94.37,293.60,-4.19,11.11,9.31,0.56,-7.00,-5.00,1.00
0,4.26,-17.33,88.24,75.50,271.58,37.75,10.75,9.22,0.61,-9.00,-3.00,-1.00
0,4.38,-17.16,87.67,87.03,283.12,1.05,11.28,9.11,0.64,-7.00,-2.00,-1.00
0,4.28,-17.16,87.84,82.84,290.46,16.78,11.06,9.28,0.53,-7.00,-2.00,-1.00
0,4.23,-17.06,87.74,90.18,287.31,-12.58,11.22,9.11,0.75,-6.00,-4.00,-2.00
0,4.07,-17.09,88.13,81.79,300.94,20.97,10.75,9.28,0.53,-10.00,-9.00,-3.00
0,4.04,-16.95,87.96,72.35,288.36,30.41,10.97,9.28,0.64,-8.00,-9.00,-5.00
0,4.08,-16.70,87.62,99.61,295.70,15.73,10.94,9.36,0.58,-8.00,-11.00,-3.00
0,4.03,-16.85,87.56,88.08,245.37,-20.97,10.75,9.28,0.67,-8.00,-11.00,-3.00
0,3.76,-17.14,88.30,67.11,285.21,16.78,11.03,9.36,0.56,-5.00,-11.00,-5.00
0,3.73,-16.80,88.14,66.06,291.50,14.68,10.86,9.42,0.69,-9.00,-8.00,-2.00
0,3.73,-16.47,88.05,75.50,298.84,10.49,10.86,9.56,0.81,-8.00,-5.00,0.00
0,3.73,-16.30,88.03,63.96,283.12,16.78,10.81,9.19,0.61,-12.00,0.00,3.00
0,3.74,-15.98,87.88,103.81,279.97,-12.58,11.39,9.19,0.58,-15.00,4.00,-1.00
0,3.59,-16.35,88.25,57.67,272.63,14.68,10.86,9.36,0.64,-16.00,-1.00,-5.00
0,3.57,-15.92,88.11,99.61,247.46,-3.15,10.86,8.83,0.64,-14.00,-9.00,-8.00
0,3.47,-16.52,88.35,82.84,266.34,46.14,10.86,9.36,0.58,-15.00,-10.00,-6.00
0,3.64,-16.58,87.57,91.23,267.39,35.65,10.75,9.17,0.78,-17.00,-8.00,-8.00
0,3.76,-16.77,87.09,81.79,290.46,2.10,10.97,9.39,0.69,-16.00,-9.00,-5.00
0,3.65,-16.69,87.28,92.27,275.78,53.48,11.28,8.89,0.67,-15.00,-11.00,-3.00
0,3.79,-16.84,86.56,46.14,288.36,55.57,10.97,9.28,0.58,-15.00,-10.00,-1.00
0,3.90,-16.18,85.89,80.74,285.21,5.24,11.17,9.17,0.69,-14.00,-5.00,-2.00
0,3.76,-16.14,86.14,115.34,287.31,-4.19,10.75,9.22,0.58,-14.00,0.00,-6.00
0,3.57,-16.58,86.48,83.89,231.74,-95.42,11.11,9.19,0.64,-9.00,1.00,-7.00
0,2.76,-16.91,88.98,81.79,267.39,28.31,11.00,9.25,0.64,-11.00,1.00,-8.00
0,2.86,-16.90,88.49,99.61,256.90,39.85,10.56,9.56,0.69,-17.00,8.00,-15.00
0,3.10,-17.27,87.78,98.57,291.50,3.15,10.86,9.25,0.56,-21.00,8.00,-19.00
0,3.05,-17.37,87.87,109.05,309.33,-23.07,11.11,9.56,0.69,-21.00,5.00,-17.00
0,2.91,-17.48,88.25,111.15,282.07,-9.44,10.97,9.47,0.69,-17.00,-1.00,-15.00
0,2.81,-17.80,88.53,99.61,223.35,-55.57,10.86,9.22,0.69,-15.00,-3.00,-12.00
0,2.41,-18.34,89.83,63.96,301.99,33.55,10.75,9.25,0.64,-15.00,0.00,-9.00
0,2.57,-17.85,89.33,91.23,272.63,11.53,10.86,9.25,0.61,-13.00,1.00,-5.00
0,2.59,-17.92,89.19,104.86,313.52,-3.15,10.86,9.22,0.61,-11.00,-49.00,2.00
0,2.16,-17.94,89.44,126.88,252.71,-99.61,10.86,9.31,0.64,22.00,-296.00,-18.00
0,0.60,-18.48,91.47,90.18,278.92,28.31,10.86,9.47,0.47,-19.00,-722.00,-86.00
0,-0.88,-18.15,91.02,150.99,226.49,-38.80,11.22,9.25,0.19,-263.00,-1190.00,-189.00
0,-3.12,-19.33,91.86,153.09,252.71,-16.78,11.08,9.53,0.14,-435.00,-1423.00,-166.00
0,-5.81,-20.20,91.98,122.68,222.30,-15.73,11.03,9.58,-0.39,-709.00,-1865.00,-42.00
0,-8.82,-20.93,92.02,14.68,256.90,100.66,11.25,9.19,-0.53,-894.00,-2060.00,12.00
0,-10.38,-19.48,89.23,-8.39,279.97,66.06,11.31,9.19,-0.64,-947.00,-1701.00,44.00
0,-10.95,-18.00,87.34,-126.88,305.14,130.02,11.25,9.14,-0.78,-767.00,-770.00,216.00
0,-9.66,-17.24,85.78,-108.00,333.45,108.00,11.36,8.97,-0.67,-347.00,640.00,514.00
0,-6.49,-17.03,85.09,-81.79,315.62,27.26,11.42,8.92,-0.17,414.00,2024.00,683.00
0,-1.94,-15.91,85.44,-22.02,346.03,73.40,11.47,8.86,0.06,1146.00,3075.00,831.00
0,3.19,-15.98,85.67,58.72,282.07,99.61,11.31,8.67,0.75,1403.00,3482.00,868.00
0,9.03,-16.67,85.23,160.43,281.02,48.23,11.44,8.50,1.31,1720.00,3775.00,1065.00
0,13.85,-17.95,86.02,183.50,266.34,67.11,10.86,8.75,1.61,1852.00,3290.00,568.00
0,17.64,-18.77,86.56,193.99,251.66,45.09,10.75,8.72,1.81,1665.00,2588.00,36.00
0,19.88,-19.44,87.37,278.92,233.83,-31.46,10.31,9.00,2.06,1416.00,1596.00,-357.00
0,20.19,-19.65,88.72,290.46,192.94,-77.59,10.31,9.17,1.94,950.00,390.00,-476.00
0,18.51,-20.38,90.04,251.66,127.93,-150.99,10.36,9.47,1.81,230.00,-885.00,-402.00
0,14.72,-22.13,92.65,200.28,185.60,-31.46,10.31,9.31,1.58,-384.00,-1952.00,-358.00
0,10.94,-23.78,93.72,223.35,227.54,-35.65,10.42,9.44,1.11,-628.00,-2363.00,-343.00
0,6.11,-24.48,94.69,175.11,207.62,29.36,10.75,9.39,0.83,-931.00,-3155.00,-244.00
0,1.56,-25.25,94.15,74.45,241.17,36.70,11.03,9.47,0.25,-1223.00,-3393.00,-309.00
0,-2.18,-24.14,92.36,-28.31,223.35,70.25,11.19,9.36,0.06,-1693.00,-2927.00,-160.00
0,-4.09,-22.34,89.10,-100.66,262.14,103.81,11.28,9.28,-0.17,-1980.00,-1784.00,165.00
0,-3.96,-20.00,85.37,-75.50,324.01,76.55,11.36,9.00,-0.08,-1606.00,-397.00,504.00
0,-2.36,-18.94,83.51,-48.23,362.81,32.51,11.72,8.58,0.28,-671.00,919.00,509.00
0,0.61,-18.41,82.63,-36.70,324.01,32.51,11.31,8.64,0.47,24.00,2011.00,392.00
0,4.03,-17.25,81.93,15.73,317.72,105.91,11.19,8.64,1.14,178.00,2383.00,609.00
0,8.02,-16.88,80.95,89.13,332.40,79.69,11.14,8.81,1.33,565.00,2607.00,738.00
0,10.84,-17.22,81.32,224.40,332.40,-3.15,10.97,8.50,1.67,1025.00,1942.00,612.00
0,11.96,-16.97,82.59,271.58,267.39,-30.41,10.86,8.56,1.56,1194.00,921.00,-63.00
0,11.27,-16.86,84.04,231.74,224.40,27.26,10.86,8.86,1.44,869.00,-247.00,-359.00
0,9.22,-18.45,84.90,225.44,205.52,-7.34,10.86,8.86,1.33,228.00,-1234.00,-298.00
0,6.16,-20.35,86.07,171.97,214.96,30.41,11.11,8.89,0.86,-152.00,-1848.00,-379.00
0,3.40,-21.29,86.08,104.86,218.10,17.83,11.17,9.25,0.75,-467.00,-1802.00,-679.00
0,1.00,-20.94,86.00,18.87,238.03,78.64,11.08,9.25,0.44,-619.00,-1551.00,-619.00
0,-0.02,-19.50,84.26,-13.63,248.51,26.21,11.19,9.25,0.39,-621.00,-959.00,-114.00
0,-0.39,-17.84,83.76,-23.07,309.33,42.99,11.36,8.86,0.44,-408.00,-246.00,184.00
0,0.22,-16.62,83.19,73.40,312.48,5.24,11.22,9.00,0.50,-178.00,403.00,325.00
0,1.26,-16.63,83.33,73.40,312.48,5.24,11.36,9.14,0.64,64.00,829.00,268.00
0,2.32,-16.66,83.59,146.80,220.20,-51.38,11.22,8.83,0.81,165.00,845.00,282.00
0,2.64,-18.60,85.22,103.81,285.21,44.04,11.61,8.67,1.17,168.00,605.00,241.00
0,3.12,-18.87,84.90,119.54,255.85,35.65,11.11,8.81,0.94,96.00,264.00,145.00
0,3.30,-19.53,84.69,138.41,268.44,31.46,11.22,8.72,1.11,62.00,83.00,81.00
0,3.02,-20.10,84.70,135.27,241.17,19.92,11.14,8.75,0.92,14.00,-202.00,-51.00
0,2.39,-20.85,84.93,112.20,284.16,-9.44,11.19,8.92,0.92,-19.00,-370.00,-124.00
0,1.54,-20.80,85.65,105.91,275.78,6.29,11.14,8.78,0.72,-35.00,-406.00,-125.00
0,0.88,-20.68,86.08,63.96,296.75,37.75,11.72,8.86,0.69,-7.00,-343.00,-129.00
0,0.59,-19.87,85.95,104.86,308.28,-8.39,11.14,8.81,0.67,18.00,-247.00,-110.00
0,0.24,-19.70,86.44,83.89,286.26,11.53,11.56,8.72,0.72,31.00,-143.00,-92.00
0,0.14,-19.32,86.61,102.76,242.22,41.94,11.36,8.83,0.64,29.00,-52.00,-77.00
0,0.38,-19.60,85.97,79.69,298.84,18.87,11.11,8.92,0.64,5.00,14.00,-53.00
0,0.42,-19.18,86.00,83.89,311.43,15.73,11.33,8.86,0.61,10.00,29.00,-47.00
0,0.46,-18.85,86.06,37.75,289.41,54.53,11.22,9.22,0.69,4.00,55.00,-33.00
0,0.75,-17.84,85.41,122.68,271.58,-29.36,11.25,8.86,0.58,-14.00,68.00,-32.00
0,0.54,-18.35,86.22,117.44,299.89,-7.34,11.67,8.61,0.81,-13.00,53.00,-28.00
0,0.47,-18.53,86.55,125.83,251.66,33.55,11.25,9.00,0.69,-5.00,25.00,-25.00
0,0.59,-19.24,86.18,106.95,291.50,45.09,11.36,8.78,0.69,-2.00,-3.00,-21.00
0,0.69,-19.28,85.82,104.86,289.41,-6.29,11.14,8.97,0.58,-3.00,-22.00,-17.00
0,0.49,-19.33,86.25,94.37,279.97,31.46,11.33,8.83,0.64,-3.00,-32.00,-14.00
0,0.50,-19.25,86.03,69.21,301.99,32.51,11.25,9.14,0.56,-3.00,-36.00,-15.00
0,0.48,-18.76,85.88,60.82,253.76,49.28,11.00,8.89,0.56,-1.00,-38.00,-13.00
0,0.65,-18.20,85.17,82.84,232.78,-67.11,11.31,9.14,0.58,-6.00,-26.00,-13.00
0,0.01,-18.34,87.10,72.35,252.71,27.26,11.36,9.03,0.53,-8.00,-5.00,-21.00
0,0.09,-18.07,86.75,105.91,262.14,71.30,11.25,8.83,0.67,-6.00,11.00,-24.00
0,0.48,-18.35,85.71,44.04,275.78,70.25,11.33,9.25,0.67,2.00,23.00,-20.00
0,0.85,-17.49,84.75,90.18,268.44,59.77,11.19,8.97,0.61,-5.00,45.00,-21.00
0,1.10,-17.52,84.05,110.10,275.78,4.19,10.86,8.86,0.92,-14.00,60.00,-25.00
0,1.05,-17.85,84.42,121.63,314.57,-24.12,11.25,8.92,0.64,-13.00,59.00,-28.00
0,0.89,-18.00,84.92,100.66,265.29,-24.12,11.33,9.03,0.75,-12.00,51.00,-25.00
0,0.61,-18.24,85.81,63.96,301.99,53.48,11.11,9.03,0.64,-10.00,36.00,-24.00
0,0.74,-17.73,85.34,90.18,273.68,27.26,11.14,9.00,0.69,-11.00,22.00,-27.00
0,0.77,-17.73,85.21,85.98,284.16,38.80,11.11,9.06,0.58,-18.00,8.00,-29.00
0,0.79,-17.61,84.93,97.52,240.12,-26.21,11.17,9.19,0.67,-20.00,-6.00,-32.00
0,0.39,-18.04,86.01,36.70,290.46,60.82,11.11,8.86,0.61,-17.00,-16.00,-31.00
0,0.53,-17.11,85.32,98.57,270.53,-2.10,11.33,9.06,0.64,-12.00,-21.00,-29.00
0,0.36,-17.34,85.77,66.06,277.87,46.14,11.11,8.97,0.64,-8.00,-21.00,-27.00
0,0.45,-16.96,85.30,91.23,252.71,-47.19,11.28,9.14,0.64,-5.00,-18.00,-22.00
0,-0.01,-17.23,86.75,63.96,264.24,29.36,11.14,9.14,0.69,-6.00,-11.00,-24.00
0,0.06,-16.84,86.43,110.10,246.42,40.89,11.08,9.14,0.64,-10.00,-5.00,-26.00
0,0.23,-17.49,85.86,109.05,220.20,5.24,11.11,9.03,0.64,-12.00,-4.00,-28.00
0,0.17,-18.20,86.06,84.93,271.58,-3.15,10.97,8.97,0.58,-13.00,-1.00,-29.00
0,0.03,-18.09,86.46,108.00,236.98,-12.58,11.11,9.00,0.61,-16.00,1.00,-34.00
0,-0.17,-18.69,87.07,90.18,285.21,25.17,11.11,8.97,0.64,-20.00,6.00,-39.00
0,-0.08,-18.54,86.86,106.95,262.14,-45.09,11.11,9.00,0.61,-22.00,8.00,-39.00
0,-0.42,-18.84,87.96,106.95,277.87,-27.26,11.28,9.06,0.67,-23.00,3.00,-40.00
0,-0.69,-18.99,88.61,102.76,261.10,-7.34,11.56,8.83,0.78,-13.00,-70.00,-35.00
0,-1.34,-19.09,89.16,156.24,239.08,-54.53,11.22,9.00,0.56,38.00,-442.00,-109.00
0,-3.23,-19.93,90.64,153.09,251.66,-1.05,10.97,9.14,0.36,-103.00,-1089.00,-264.00
0,-5.92,-20.40,90.86,209.72,207.62,-84.93,11.36,9.36,0.17,-529.00,-1899.00,-345.00
0,-10.51,-21.68,92.51,207.62,240.12,-25.17,11.25,9.11,-0.42,-884.00,-2882.00,-274.00
0,-15.98,-22.50,93.11,216.01,203.42,-5.24,11.39,9.36,-0.75,-1256.00,-3725.00,-169.00
0,-21.47,-23.94,93.31,85.98,233.83,113.25,11.31,9.14,-1.50,-1481.00,-3851.00,-195.00
0,-25.08,-23.24,89.97,-33.55,261.10,158.33,11.42,8.97,-1.69,-1812.00,-3347.00,-291.00
0,-26.89,-21.19,86.35,-75.50,299.89,124.78,11.42,9.36,-1.92,-1618.00,-2055.00,-178.00
0,-26.92,-19.43,84.02,-92.27,348.13,104.86,11.22,9.42,-1.83,-1021.00,-446.00,18.00
0,-24.79,-18.88,83.19,-114.29,401.60,119.54,11.42,9.06,-1.58,4.00,1261.00,203.00
0,-20.38,-19.26,82.83,-101.71,357.56,122.68,11.47,9.25,-1.28,750.00,2830.00,623.00
0,-14.23,-19.63,82.58,17.83,268.44,126.88,11.42,8.83,-0.47,1312.00,4041.00,837.00
0,-6.58,-18.55,80.95,78.64,249.56,34.60,11.42,8.69,0.03,1588.00,4763.00,906.00
0,0.44,-18.22,81.33,140.51,261.10,75.50,11.14,8.75,1.03,1788.00,4828.00,582.00
0,7.39,-18.30,81.20,185.60,229.64,99.61,10.64,8.89,1.39,1864.00,4707.00,244.00
0,13.37,-19.38,80.65,227.54,264.24,45.09,10.36,9.03,2.03,1680.00,3955.00,417.00
0,17.59,-20.02,81.69,248.51,206.57,-89.13,10.28,9.42,2.14,1845.00,2980.00,237.00
0,19.49,-20.47,84.42,261.10,181.40,-38.80,9.72,9.92,2.25,1728.00,1880.00,-691.00
0,19.27,-21.98,86.30,294.65,121.63,-38.80,9.67,10.03,2.28,896.00,271.00,-543.00
0,17.06,-24.76,87.72,238.03,180.36,-91.23,9.86,9.75,1.94,16.00,-1183.00,-78.00
0,12.59,-26.27,90.20,226.49,149.95,-32.51,9.94,9.92,1.78,-493.00,-2395.00,-331.00
0,7.78,-28.62,91.75,141.56,232.78,7.34,10.31,9.72,1.31,-978.00,-2862.00,-243.00
0,2.72,-28.50,92.34,48.23,203.42,79.69,10.42,9.72,0.94,-1184.00,-3415.00,-156.00
0,-1.27,-27.37,90.81,-118.49,260.05,155.19,10.75,9.50,0.58,-1629.00,-3202.00,-175.00
0,-3.59,-24.48,87.79,-99.61,303.04,79.69,10.75,9.50,0.47,-1749.00,-2261.00,-298.00
0,-4.54,-22.56,85.73,-103.81,383.78,92.27,10.97,9.58,0.44,-1310.00,-991.00,256.00
0,-3.81,-23.48,84.57,-115.34,347.08,78.64,11.11,9.17,0.61,-653.00,345.00,683.00
0,-1.17,-23.54,83.57,-42.99,364.90,78.64,11.11,8.86,0.89,117.00,1578.00,792.00
0,2.45,-23.57,82.90,51.38,330.30,72.35,10.75,8.89,1.14,634.00,2268.00,699.00
0,5.99,-23.29,82.79,184.55,335.54,-4.19,10.81,8.89,1.44,1113.00,2214.00,618.00
0,8.06,-23.70,83.72,264.24,255.85,-60.82,10.75,8.86,1.42,1240.00,1388.00,388.00
0,8.32,-23.78,85.29,191.89,221.25,25.17,11.11,9.11,1.33,1034.00,368.00,-278.00
0,6.72,-24.72,86.24,238.03,214.96,-17.83,10.75,9.17,1.25,322.00,-967.00,-453.00
0,3.36,-25.95,87.69,145.75,187.70,-6.29,11.44,9.00,0.86,-245.00,-1999.00,-331.00
0,-0.13,-26.16,88.61,57.67,175.11,6.29,10.86,9.28,0.58,-603.00,-2144.00,-560.00
0,-2.57,-25.65,88.64,-7.34,278.92,61.87,11.56,8.94,0.33,-734.00,-1615.00,-251.00
0,-3.24,-23.34,87.38,-38.80,312.48,38.80,11.14,9.25,0.19,-454.00,-794.00,-20.00
0,-3.60,-21.63,86.83,-46.14,273.68,-24.12,11.56,9.19,0.33,-295.00,-382.00,231.00
0,-3.07,-19.25,87.37,6.29,333.45,7.34,11.08,9.42,0.47,-17.00,491.00,316.00
0,-1.36,-18.62,87.22,39.85,267.39,-33.55,11.28,8.78,0.78,222.00,1122.00,354.00
0,0.21,-18.07,88.28,105.91,299.89,30.41,11.11,9.03,0.78,437.00,1213.00,330.00
0,1.78,-18.39,88.15,152.04,236.98,-38.80,10.89,9.33,0.92,442.00,968.00,190.00
0,2.49,-19.75,89.14,160.43,228.59,53.48,10.67,9.19,0.89,287.00,630.00,46.00
0,3.27,-21.11,88.16,133.17,221.25,-1.05,10.89,9.17,1.03,111.00,253.00,-4.00
0,3.27,-22.02,88.34,144.70,211.81,36.70,10.86,9.14,1.00,-5.00,-15.00,-52.00
0,3.36,-23.12,87.63,100.66,261.10,16.78,11.11,9.06,0.97,-55.00,-162.00,-80.00
0,3.17,-22.85,87.54,53.48,297.80,55.57,10.86,9.06,0.94,-53.00,-198.00,-74.00
0,3.17,-21.84,86.93,74.45,262.14,35.65,10.81,8.72,0.86,-29.00,-199.00,-40.00
0,3.13,-21.25,86.53,62.91,275.78,16.78,10.83,9.11,0.86,-8.00,-158.00,-20.00
0,3.01,-20.48,86.57,81.79,263.19,14.68,10.89,9.33,0.86,3.00,-88.00,-12.00
0,3.00,-20.18,86.59,96.47,284.16,1.05,10.97,9.22,0.89,4.00,-1.00,1.00
0,2.99,-20.09,86.83,77.59,250.61,-36.70,10.89,9.00,0.92,7.00,60.00,11.00
0,2.70,-19.84,87.98,68.16,300.94,35.65,10.94,9.08,0.86,7.00,68.00,15.00
0,2.90,-19.32,87.57,93.32,300.94,37.75,11.25,9.11,0.86,-4.00,48.00,7.00
0,3.10,-19.17,87.18,56.62,274.73,55.57,11.28,9.03,1.11,-12.00,37.00,-5.00
0,3.43,-18.45,86.33,100.66,235.93,-22.02,11.06,8.92,0.89,-27.00,7.00,-27.00
0,3.10,-18.87,87.14,51.38,292.55,68.16,11.03,9.47,0.89,-34.00,-41.00,-38.00
0,3.22,-18.14,86.28,89.13,295.70,0.00,10.64,9.19,0.75,-31.00,-91.00,-24.00
0,2.92,-18.06,86.60,58.72,307.23,45.09,11.11,9.06,0.81,-18.00,-134.00,-1.00
0,2.79,-17.58,86.28,98.57,262.14,11.53,11.11,9.11,0.89,1.00,-150.00,16.00
0,2.55,-17.92,86.46,90.18,247.46,20.97,11.11,9.08,0.75,10.00,-141.00,24.00
0,2.41,-18.16,86.40,77.59,300.94,17.83,10.81,9.00,0.69,21.00,-110.00,14.00
0,2.25,-17.90,86.49,96.47,293.60,23.07,10.86,9.06,0.78,25.00,-89.00,0.00
0,2.19,-17.92,86.46,79.69,288.36,37.75,11.11,9.25,0.72,28.00,-51.00,-6.00
0,2.24,-17.70,86.17,103.81,283.12,12.58,11.06,9.42,0.78,24.00,-20.00,-19.00
0,2.21,-17.86,86.30,103.81,264.24,17.83,10.97,9.22,0.69,29.00,10.00,-35.00
0,2.23,-18.15,86.30,89.13,284.16,20.97,10.97,9.06,0.75,25.00,35.00,-33.00
0,2.29,-18.05,86.25,76.55,260.05,-4.19,10.97,9.19,0.72,14.00,46.00,-24.00
0,2.18,-17.88,86.70,89.13,270.53,44.04,10.86,9.17,0.72,14.00,44.00,-14.00
0,2.38,-17.90,86.15,92.27,284.16,15.73,10.56,9.28,0.64,3.00,38.00,-9.00
0,2.38,-17.90,86.18,80.74,274.73,29.36,10.86,9.28,0.72,-3.00,33.00,-9.00
0,2.44,-17.74,85.95,80.74,274.73,29.36,10.97,9.17,0.75,-4.00,20.00,-12.00
0,2.47,-17.60,85.74,84.93,254.80,-35.65,11.00,9.17,0.72,-8.00,-1.00,-13.00
0,2.05,-17.68,86.91,119.54,305.14,-9.44,10.86,9.19,0.72,-16.00,-13.00,-25.00
0,1.90,-17.87,87.17,94.37,253.76,20.97,10.81,9.08,0.81,-29.00,-11.00,-45.00
0,1.98,-18.05,86.92,55.57,260.05,41.94,11.06,9.25,0.75,-42.00,6.00,-53.00
0,2.19,-17.40,86.22,77.59,266.34,-20.97,10.97,9.47,0.78,-50.00,14.00,-42.00
0,1.95,-17.26,86.95,97.52,311.43,-14.68,11.11,9.47,0.81,-36.00,-1.00,-31.00
0,1.82,-17.23,87.30,53.48,274.73,25.17,10.94,9.42,0.81,-17.00,-7.00,-44.00
0,1.89,-16.54,87.08,63.96,255.85,25.17,10.86,9.22,0.81,19.00,-8.00,-78.00
0,2.00,-16.23,86.81,85.98,284.16,9.44,10.89,9.36,0.75,7.00,3.00,-43.00
0,1.99,-16.27,86.91,80.74,291.50,2.10,10.81,9.17,0.83,2.00,15.00,-12.00
0,1.97,-16.22,87.11,92.27,243.27,-22.02,10.75,9.25,0.72,-2.00,20.00,1.00
0,1.77,-16.70,87.88,101.71,306.18,-17.83,10.92,9.47,0.78,-7.00,16.00,4.00
0,1.70,-16.83,88.21,38.80,300.94,63.96,11.08,9.22,0.83,-16.00,17.00,7.00
0,2.00,-16.13,87.37,114.29,285.21,0.00,10.94,9.47,0.75,-15.00,15.00,7.00
0,2.00,-16.60,87.53,20.97,283.12,73.40,10.97,9.42,0.83,-17.00,13.00,5.00
0,2.33,-15.55,86.41,101.71,293.60,4.19,10.97,9.19,0.81,-22.00,6.00,2.00
0,2.30,-15.83,86.57,87.03,322.96,10.49,10.97,9.42,0.86,-27.00,1.00,-4.00
0,2.27,-15.78,86.61,88.08,269.48,18.87,10.64,9.28,0.83,-34.00,2.00,-8.00
0,2.29,-15.99,86.50,94.37,298.84,-3.15,11.33,9.06,0.97,-34.00,4.00,-9.00
0,2.24,-16.10,86.74,53.48,250.61,11.53,10.94,9.42,0.78,-34.00,6.00,-8.00
0,2.22,-15.71,86.76,47.19,268.44,52.43,10.75,9.25,0.78,-26.00,9.00,-5.00
0,2.44,-15.16,85.95,77.59,295.70,18.87,10.75,9.25,0.78,-21.00,16.00,-5.00
0,2.46,-15.12,85.95,39.85,301.99,70.25,11.11,9.19,0.78,-16.00,24.00,-7.00
0,2.64,-14.54,85.21,99.61,256.90,-1.05,10.83,9.19,0.81,-16.00,27.00,-9.00
0,2.54,-15.17,85.64,106.95,236.98,33.55,10.75,9.22,0.89,-17.00,31.00,-11.00
0,2.63,-16.07,85.24,88.08,276.82,34.60,10.94,9.42,0.86,-18.00,20.00,-12.00
0,2.66,-16.19,85.00,71.30,301.99,27.26,10.75,9.19,0.81,-13.00,6.00,-13.00
0,2.61,-15.94,84.98,87.03,247.46,-50.33,10.81,9.25,0.86,-5.00,-4.00,-25.00
0,2.09,-16.28,86.57,75.50,279.97,30.41,10.86,9.31,0.78,-16.00,-14.00,-22.00
0,2.08,-16.16,86.30,100.66,224.40,-33.55,10.86,9.25,0.94,-15.00,-21.00,-18.00
0,1.78,-16.84,87.28,79.69,232.78,-50.33,10.81,9.33,1.03,-21.00,-23.00,-20.00
0,1.40,-17.01,88.57,115.34,300.94,-4.19,10.86,9.25,0.81,-23.00,-24.00,-24.00
0,1.35,-17.25,88.68,94.37,270.53,-2.10,10.97,9.22,1.00,-27.00,-24.00,-33.00
0,1.35,-17.40,88.81,55.57,308.28,54.53,10.75,9.17,0.86,-28.00,-36.00,-31.00
0,1.42,-16.85,88.20,75.50,275.78,19.92,11.36,9.31,0.75,-15.00,-141.00,-36.00
0,0.98,-16.62,88.11,146.80,213.91,11.53,11.03,9.47,0.72,-28.00,-388.00,-83.00
0,-0.42,-18.16,88.16,192.94,246.42,-67.11,11.14,9.06,0.64,-213.00,-1006.00,-186.00
0,-3.87,-19.18,89.52,164.63,238.03,13.63,11.11,9.31,0.33,-490.00,-2167.00,-256.00
0,-8.11,-20.23,89.38,183.50,200.28,35.65,11.03,9.06,-0.17,-1036.00,-2977.00,-272.00
0,-12.42,-21.99,88.59,108.00,193.99,109.05,11.25,9.47,-0.56,-1306.00,-3156.00,-320.00
0,-15.86,-22.51,85.77,49.28,220.20,85.98,11.67,9.28,-0.92,-1643.00,-2959.00,-226.00
0,-18.51,-22.11,83.56,-40.89,356.52,126.88,11.36,9.17,-1.06,-1470.00,-2235.00,12.00
0,-19.80,-22.21,82.66,-97.52,359.66,119.54,11.94,8.78,-0.86,-898.00,-1012.00,205.00
0,-18.92,-22.55,82.18,-100.66,353.37,125.83,11.53,9.11,-1.06,-117.00,434.00,356.00
0,-16.12,-22.51,82.00,-44.04,351.27,97.52,10.89,8.92,-0.64,674.00,1771.00,347.00
0,-11.78,-21.52,81.88,-23.07,306.18,68.16,11.42,8.97,-0.36,1197.00,2828.00,250.00
0,-6.44,-19.48,81.63,36.70,287.31,103.81,11.14,9.08,0.08,1341.00,3542.00,365.00
0,-0.70,-18.22,80.89,40.89,271.58,125.83,11.11,8.97,0.58,1384.00,3748.00,367.00
0,5.23,-16.79,79.93,93.32,265.29,85.98,10.86,9.25,1.25,1449.00,3904.00,228.00
0,10.43,-16.97,79.53,113.25,266.34,78.64,10.64,9.25,1.53,1289.00,3494.00,647.00
0,14.75,-17.58,79.64,160.43,261.10,15.73,10.06,8.89,2.00,1394.00,2965.00,660.00
0,17.43,-17.93,81.30,177.21,293.60,14.68,10.19,9.58,2.14,1540.00,2192.00,-213.00
0,17.91,-17.70,83.09,269.48,218.10,-62.91,10.17,9.56,1.89,1294.00,693.00,-577.00
0,16.25,-18.31,84.76,257.95,198.18,-66.06,9.92,9.75,1.92,485.00,-708.00,-604.00
0,12.71,-19.92,86.26,242.22,177.21,-81.79,9.78,10.00,1.67,-328.00,-2011.00,-370.00
0,8.30,-22.05,88.27,187.70,195.04,-12.58,10.31,9.83,1.31,-584.00,-2505.00,-254.00
0,3.10,-23.92,89.38,186.65,246.42,5.24,10.53,9.75,0.75,-959.00,-3277.00,-219.00
0,-2.26,-24.57,89.89,126.88,187.70,-12.58,10.61,9.81,0.42,-1211.00,-3536.00,-289.00
0,-7.21,-24.70,90.16,-70.25,291.50,116.39,10.75,9.78,-0.11,-1468.00,-3259.00,-348.00
0,-10.08,-22.22,87.89,-69.21,300.94,88.08,11.11,9.75,-0.22,-1502.00,-2402.00,-258.00
0,-11.46,-20.19,85.82,-84.93,307.23,108.00,11.11,9.56,-0.31,-1229.00,-1292.00,25.00
0,-10.94,-18.85,83.88,-87.03,321.91,98.57,11.33,9.28,-0.17,-739.00,45.00,340.00
0,-8.55,-18.06,82.42,-31.46,324.01,137.36,11.14,9.64,-0.11,-197.00,1386.00,668.00
0,-5.38,-17.68,81.01,-5.24,272.63,97.52,11.14,9.36,0.39,123.00,1952.00,689.00
0,-0.93,-16.19,79.59,87.03,264.24,46.14,10.97,9.17,0.64,539.00,2830.00,609.00
0,3.30,-16.51,79.60,192.94,297.80,-38.80,10.75,9.31,1.28,876.00,2936.00,643.00
0,5.75,-17.47,81.06,267.39,314.57,-39.85,10.83,9.25,1.39,1231.00,1839.00,515.00
0,6.69,-17.01,82.39,248.51,228.59,-71.30,10.75,9.28,1.33,1201.00,805.00,-238.00
0,5.62,-17.56,84.44,163.58,203.42,34.60,10.42,9.33,1.31,717.00,-351.00,-676.00
0,3.68,-19.10,84.78,121.63,209.72,49.28,10.58,9.61,1.14,50.00,-1264.00,-519.00
0,1.30,-19.77,84.57,48.23,241.17,63.96,10.53,9.67,0.86,-309.00,-1704.00,-340.00
0,-0.66,-19.06,83.52,11.53,275.78,6.29,10.69,9.72,0.58,-617.00,-1515.00,-119.00
0,-2.63,-17.77,83.66,-5.24,310.38,37.75,10.78,9.50,0.44,-646.00,-1220.00,60.00
0,-3.28,-16.93,83.12,-25.17,264.24,3.15,10.94,9.69,0.50,-475.00,-464.00,327.00
0,-2.85,-15.45,83.20,-6.29,256.90,27.26,10.75,9.39,0.50,-274.00,377.00,549.00
0,-1.36,-14.22,82.95,24.12,346.03,54.53,11.06,9.19,0.78,53.00,1038.00,412.00
0,0.50,-14.24,82.70,127.93,325.06,-11.53,10.75,9.17,0.81,217.00,1235.00,492.00
0,1.74,-15.07,83.26,49.28,288.36,69.21,10.97,9.14,1.11,379.00,921.00,462.00
0,2.72,-14.69,82.95,143.65,242.22,-35.65,10.81,9.19,1.14,357.00,595.00,120.00
0,2.90,-16.16,84.33,137.36,246.42,38.80,10.75,9.06,1.14,201.00,388.00,32.00
0,2.96,-17.43,84.17,76.55,246.42,67.11,10.86,9.11,1.28,103.00,20.00,71.00
0,3.00,-17.43,83.34,94.37,312.48,25.17,10.86,9.19,1.14,40.00,-173.00,15.00
0,2.51,-17.42,83.64,76.55,277.87,27.26,10.86,9.17,1.08,39.00,-291.00,-19.00
0,1.98,-17.28,83.88,91.23,269.48,34.60,10.86,9.17,1.03,39.00,-314.00,-4.00
0,1.63,-17.44,83.91,74.45,260.05,15.73,10.97,9.36,1.00,33.00,-241.00,-5.00
0,1.32,-17.34,84.26,30.41,270.53,69.21,10.86,9.19,0.89,29.00,-143.00,7.00
0,1.44,-16.35,83.47,71.30,277.87,22.02,11.03,9.36,1.00,26.00,-59.00,10.00
0,1.34,-16.18,83.66,85.98,245.37,-59.77,10.81,9.17,0.92,6.00,-26.00,1.00
0,0.77,-16.53,85.57,77.59,271.58,1.05,10.86,9.11,0.89,-10.00,16.00,-6.00
0,0.65,-16.46,85.90,80.74,272.63,10.49,10.94,9.14,0.92,-32.00,20.00,-22.00
0,0.63,-16.42,85.99,108.00,293.60,-6.29,10.97,9.28,0.97,-50.00,4.00,-32.00
0,0.54,-16.67,86.30,106.95,277.87,52.43,11.03,9.31,1.00,-52.00,-20.00,-41.00
0,0.68,-16.95,85.69,78.64,240.12,-78.64,11.06,9.19,0.86,-43.00,-42.00,-52.00
0,-0.03,-17.04,87.88,114.29,233.83,18.87,10.67,9.11,0.92,-32.00,-66.00,-48.00
0,-0.03,-17.90,87.65,103.81,287.31,-9.44,10.97,9.17,1.00,-16.00,-85.00,-41.00
0,-0.16,-18.02,87.99,109.05,252.71,40.89,11.33,9.00,0.94,-17.00,-96.00,-43.00
0,-0.02,-18.46,87.35,79.69,229.64,-78.64,10.97,9.31,0.92,-13.00,-113.00,-52.00
0,-0.71,-18.45,89.38,63.96,275.78,14.68,11.11,9.19,0.89,-13.00,-112.00,-74.00
0,-0.68,-17.83,89.15,59.77,242.22,-63.96,11.08,9.36,0.81,-23.00,-96.00,-101.00
0,-1.11,-17.31,90.67,91.23,284.16,15.73,11.11,9.19,0.86,-28.00,-77.00,-118.00
0,-0.94,-17.18,90.34,75.50,303.04,32.51,11.03,9.47,0.89,-17.00,-56.00,-126.00
0,-0.64,-16.78,89.86,102.76,279.97,17.83,11.11,9.25,0.83,-2.00,-25.00,-128.00
0,-0.38,-16.94,89.56,77.59,259.00,-27.26,10.44,9.25,0.72,0.00,10.00,-99.00
0,-0.38,-16.82,90.19,63.96,261.10,-36.70,10.75,9.31,0.83,14.00,31.00,-79.00
0,-0.41,-16.44,90.98,85.98,296.75,33.55,10.86,9.28,0.89,24.00,31.00,-67.00
0,-0.04,-16.36,90.45,61.87,256.90,3.15,10.81,9.36,0.83,36.00,28.00,-49.00
0,0.20,-16.05,90.36,45.09,292.55,44.04,10.81,9.53,0.83,34.00,22.00,-32.00
0,0.58,-15.43,89.63,69.21,247.46,-1.05,10.75,9.39,0.83,28.00,12.00,-19.00
0,0.71,-15.43,89.71,89.13,265.29,12.58,10.83,9.47,0.83,21.00,0.00,-18.00
0,0.87,-15.71,89.50,97.52,252.71,27.26,10.81,9.58,0.86,16.00,-15.00,-21.00
0,1.11,-16.21,88.96,58.72,263.19,16.78,10.75,9.28,0.81,0.00,-18.00,-28.00
0,1.26,-15.82,88.68,54.53,276.82,38.80,10.67,9.11,0.81,-9.00,-17.00,-31.00
0,1.49,-15.35,88.03,62.91,304.09,34.60,10.64,9.31,0.78,-17.00,-16.00,-31.00
0,1.62,-15.04,87.66,73.40,288.36,5.24,10.94,9.31,0.86,-24.00,-21.00,-33.00
0,1.62,-14.93,87.73,84.93,289.41,14.68,10.94,9.58,0.83,-23.00,-20.00,-43.00
0,1.65,-14.99,87.63,74.45,290.46,15.73,10.86,9.19,0.78,-30.00,-13.00,-46.00
0,1.69,-14.89,87.52,87.03,278.92,3.15,10.75,9.53,0.81,-36.00,-6.00,-44.00
0,1.68,-15.06,87.62,87.03,278.92,3.15,11.33,9.44,0.81,-36.00,-8.00,-42.00
0,1.64,-15.22,87.72,74.45,286.26,36.70,10.89,9.58,0.81,-36.00,-13.00,-38.00
0,1.76,-15.12,87.23,96.47,279.97,-10.49,10.78,9.14,0.94,-41.00,-24.00,-40.00
0,1.66,-15.41,87.59,79.69,287.31,29.36,10.86,9.58,0.86,-42.00,-33.00,-38.00
0,1.69,-15.38,87.26,60.82,292.55,48.23,11.39,9.56,0.69,-39.00,-57.00,-41.00
0,1.73,-15.02,86.68,46.14,268.44,66.06,10.64,9.39,0.81,-38.00,-79.00,-52.00
0,1.88,-14.45,85.64,116.39,183.50,8.39,11.39,9.69,0.67,-44.00,-89.00,-61.00
0,1.72,-15.38,85.68,68.16,264.24,17.83,10.75,9.44,0.81,-47.00,-78.00,-57.00
0,1.59,-15.24,85.68,14.68,277.87,72.35,10.72,9.28,0.81,-42.00,-67.00,-45.00
0,1.72,-14.12,84.70,67.11,294.65,24.12,10.81,9.42,0.78,-28.00,-65.00,-38.00
0,1.60,-13.98,84.74,72.35,279.97,8.39,10.78,9.33,0.92,-15.00,-60.00,-39.00
0,1.41,-13.99,85.04,77.59,283.12,2.10,10.72,9.47,0.75,-17.00,-55.00,-37.00
0,1.22,-14.08,85.41,79.69,310.38,12.58,10.75,9.22,0.72,-21.00,-34.00,-33.00
0,1.14,-14.09,85.53,89.13,250.61,37.75,10.75,9.50,0.75,-20.00,-9.00,-17.00
0,1.22,-14.61,85.09,93.32,264.24,49.28,10.33,9.28,0.81,-18.00,3.00,-13.00
0,1.35,-15.04,84.55,81.79,265.29,10.49,10.83,9.47,0.64,-15.00,5.00,-7.00
0,1.22,-15.24,84.83,71.30,305.14,3.15,10.78,9.44,0.64,-8.00,1.00,-8.00
0,1.05,-15.09,85.15,40.89,285.21,54.53,10.64,9.64,0.83,-8.00,-5.00,-7.00
0,1.14,-14.48,84.58,98.57,263.19,4.19,10.94,9.22,0.94,-19.00,-15.00,-9.00
0,1.01,-15.05,84.96,71.30,281.02,44.04,10.64,9.42,0.75,-22.00,-22.00,-13.00
0,1.02,-14.96,84.58,69.21,296.75,7.34,10.86,9.36,0.81,-27.00,-30.00,-14.00
0,0.87,-14.81,84.87,83.89,281.02,24.12,10.69,9.44,0.69,-29.00,-34.00,-11.00
0,0.77,-14.98,84.85,77.59,305.14,-4.19,10.81,9.44,0.81,-28.00,-35.00,-2.00
0,0.59,-14.95,85.26,32.51,312.48,67.11,10.81,9.53,0.75,-22.00,-31.00,1.00
0,0.66,-14.34,84.71,79.69,259.00,31.46,10.83,9.69,0.75,-18.00,-29.00,0.00
0,0.65,-14.63,84.53,11.53,295.70,87.03,10.89,9.69,0.67,-14.00,-25.00,6.00
0,0.80,-13.69,83.62,95.42,251.66,28.31,10.75,9.42,0.72,-19.00,-10.00,-2.00
0,0.76,-14.39,83.57,78.64,313.52,15.73,10.83,9.69,0.75,-22.00,-2.00,0.00
0,0.65,-14.37,83.77,69.21,277.87,10.49,10.75,9.39,0.67,-22.00,8.00,-3.00
0,0.44,-14.35,84.12,88.08,296.75,22.02,10.64,9.47,0.72,-12.00,-30.00,-2.00
0,-0.01,-14.56,84.34,160.43,266.34,-61.87,10.81,9.50,0.67,12.00,-255.00,1.00
0,-1.66,-15.69,85.86,155.19,246.42,1.05,10.94,9.58,0.61,-4.00,-889.00,-103.00
0,-4.44,-16.93,86.46,200.28,185.60,-65.01,10.92,9.81,0.31,-342.00,-1833.00,-269.00
0,-8.72,-19.29,88.17,150.99,223.35,44.04,11.11,9.50,-0.17,-796.00,-2596.00,-309.00
0,-12.69,-20.32,87.16,83.89,226.49,80.74,11.17,9.69,-0.47,-1216.00,-2908.00,-425.00
0,-15.96,-20.11,84.92,58.72,203.42,61.87,11.11,9.50,-0.92,-1468.00,-2666.00,-369.00
0,-19.10,-19.87,83.39,-73.40,288.36,153.09,11.17,9.69,-0.97,-1434.00,-2354.00,-276.00
0,-20.57,-18.44,81.11,-61.87,301.99,61.87,11.19,9.69,-1.11,-1185.00,-1361.00,-9.00
0,-20.48,-16.76,80.14,-53.48,298.84,79.69,11.25,9.64,-1.11,-552.00,-81.00,283.00
0,-18.59,-14.99,79.61,-70.25,312.48,68.16,11.22,9.44,-0.75,222.00,1166.00,296.00
0,-15.22,-13.04,79.78,-97.52,314.57,126.88,11.14,9.28,-0.53,753.00,2297.00,220.00
0,-10.61,-11.58,79.80,-10.49,268.44,53.48,11.17,9.36,0.08,1019.00,3144.00,345.00
0,-5.38,-9.99,80.35,25.17,240.12,27.26,11.00,9.28,0.33,1128.00,3662.00,433.00
0,-0.21,-9.46,81.36,71.30,296.75,76.55,10.69,9.36,1.06,1176.00,3734.00,411.00
0,4.87,-9.66,81.80,143.65,277.87,38.80,10.69,9.58,1.39,1245.00,3575.00,459.00
0,8.54,-11.46,82.75,171.97,292.55,15.73,10.42,9.33,1.75,1221.00,2608.00,721.00
0,10.92,-12.43,83.93,240.12,267.39,-71.30,10.25,9.47,1.78,1109.00,1790.00,156.00
0,10.93,-12.38,85.38,269.48,230.69,-84.93,10.03,9.69,1.64,762.00,254.00,-615.00
0,9.17,-12.42,86.14,223.35,199.23,-17.83,9.94,9.75,1.58,-45.00,-1000.00,-799.00
0,5.85,-14.51,86.56,213.91,196.08,-56.62,10.08,9.75,1.22,-624.00,-2146.00,-652.00
0,1.18,-16.71,87.64,189.79,197.13,-59.77,10.31,9.75,1.06,-967.00,-2964.00,-446.00
0,-4.23,-18.69,89.13,138.41,283.12,23.07,10.42,9.75,0.42,-1082.00,-3431.00,-388.00
0,-9.17,-18.76,88.93,90.18,249.56,58.72,10.58,9.75,0.17,-1136.00,-3497.00,-411.00
0,-13.16,-18.59,87.53,0.00,257.95,63.96,10.75,9.72,-0.33,-1200.00,-3125.00,-339.00
0,-15.95,-17.04,85.72,-88.08,281.02,124.78,10.67,9.83,-0.39,-1139.00,-2316.00,2.00
0,-16.98,-15.46,83.74,-117.44,321.91,113.25,10.97,9.64,-0.61,-768.00,-1146.00,263.00
0,-16.31,-15.13,82.95,-97.52,337.64,114.29,10.97,9.56,-0.56,-163.00,202.00,583.00
0,-13.81,-15.16,82.59,-55.57,343.93,80.74,11.11,9.36,-0.19,400.00,1514.00,748.00
0,-9.80,-14.75,82.56,-59.77,319.82,134.22,10.78,9.50,-0.06,854.00,2601.00,674.00
0,-4.84,-14.02,82.12,20.97,249.56,123.73,10.86,9.56,0.78,1007.00,3278.00,651.00
0,0.63,-13.43,80.58,132.12,300.94,40.89,10.86,9.22,0.92,1012.00,3431.00,755.00
0,4.93,-14.77,81.24,160.43,259.00,-49.28,10.75,9.14,1.39,1220.00,2940.00,974.00
0,7.96,-16.38,83.39,228.59,294.65,-3.15,10.53,9.17,1.50,1317.00,2389.00,475.00
0,9.59,-16.35,84.70,244.32,231.74,-40.89,10.50,9.39,1.64,1226.00,1297.00,-250.00
0,9.42,-17.22,86.39,226.49,236.98,-48.23,10.36,9.75,1.53,823.00,127.00,-506.00
0,7.75,-18.07,87.79,183.50,208.67,-20.97,10.31,9.69,1.39,209.00,-890.00,-557.00
0,5.05,-19.83,88.85,104.86,201.33,-61.87,10.50,9.97,1.22,-261.00,-1666.00,-326.00
0,1.71,-19.86,90.33,50.33,214.96,47.19,10.64,9.81,0.69,-551.00,-2004.00,-370.00
0,-0.88,-18.96,89.51,-19.92,222.30,54.53,10.61,9.67,0.64,-673.00,-1995.00,-382.00
0,-2.75,-17.26,87.96,-41.94,316.67,78.64,10.67,9.94,0.42,-928.00,-1586.00,-186.00
0,-3.59,-16.17,86.30,-23.07,299.89,56.62,10.75,9.47,0.42,-870.00,-827.00,215.00
0,-3.11,-15.26,84.91,-119.54,337.64,128.97,10.61,9.42,0.58,-537.00,123.00,491.00
0,-1.41,-15.46,84.10,-4.19,349.18,52.43,10.86,9.47,0.83,-112.00,1035.00,561.00
0,1.04,-15.25,83.68,55.57,360.71,46.14,10.86,9.25,1.17,245.00,1610.00,500.00
0,3.38,-15.80,83.70,138.41,293.60,-36.70,10.64,9.06,1.22,498.00,1533.00,693.00
0,4.60,-16.69,84.99,198.18,204.47,-32.51,10.69,9.06,1.17,662.00,995.00,273.00
0,5.26,-19.09,86.47,199.23,248.51,-12.58,10.64,9.22,1.39,617.00,706.00,30.00
0,5.10,-20.28,87.35,125.83,224.40,47.19,10.14,9.25,1.36,371.00,-6.00,-141.00
0,4.72,-21.11,86.79,119.54,266.34,15.73,10.53,9.25,1.14,49.00,-494.00,-80.00
0,3.68,-21.19,87.01,79.69,293.60,39.85,10.97,9.53,1.11,-100.00,-718.00,-185.00
0,2.74,-20.46,86.75,56.62,224.40,-87.03,10.83,9.36,1.06,-177.00,-737.00,-233.00
0,1.16,-19.81,88.94,72.35,234.88,3.15,10.72,9.31,1.00,-152.00,-609.00,-148.00
0,0.67,-19.55,88.98,72.35,277.87,20.97,10.86,9.47,0.89,-106.00,-374.00,-42.00
0,0.71,-19.17,88.67,81.79,255.85,32.51,11.31,9.33,0.83,-44.00,-131.00,33.00
0,1.07,-19.11,88.04,76.55,273.68,67.11,10.83,9.58,0.92,-4.00,38.00,48.00
0,1.65,-18.88,86.92,76.55,291.50,-8.39,10.97,9.69,0.97,-3.00,85.00,54.00
0,1.80,-18.60,87.23,80.74,320.86,13.63,10.89,9.58,0.92,-11.00,131.00,41.00
0,2.01,-18.36,87.13,106.95,244.32,-16.78,10.89,9.22,0.86,-34.00,118.00,13.00
0,1.95,-18.88,87.66,95.42,284.16,48.23,10.97,9.36,0.89,-53.00,78.00,-16.00
0,2.21,-18.82,86.97,104.86,259.00,-28.31,10.97,9.44,0.92,-53.00,20.00,-30.00
0,1.95,-19.11,87.76,91.23,216.01,-63.96,10.81,9.25,0.94,-44.00,-21.00,-32.00
0,1.45,-19.40,89.20,61.87,270.53,24.12,10.81,9.53,1.00,-21.00,-41.00,-27.00
0,1.61,-18.77,88.79,99.61,255.85,52.43,10.83,9.31,0.92,0.00,-46.00,-19.00
0,1.98,-18.99,87.84,94.37,277.87,7.34,10.81,9.47,0.92,6.00,-40.00,-16.00
0,2.03,-18.97,87.90,104.86,287.31,10.49,10.75,9.22,0.92,9.00,-17.00,-12.00
0,2.11,-19.06,87.88,97.52,223.35,-27.26,10.92,9.58,0.92,1.00,7.00,-6.00
0,1.94,-19.45,88.62,78.64,274.73,-1.05,10.81,9.28,0.94,12.00,9.00,-11.00
0,1.99,-19.12,88.75,85.98,250.61,-37.75,10.75,9.28,0.86,3.00,15.00,-18.00
0,1.78,-19.09,89.69,72.35,291.50,-4.19,10.75,9.25,0.94,-7.00,25.00,-24.00
0,1.88,-18.65,89.76,103.81,293.60,-7.34,10.75,9.31,0.97,-10.00,16.00,-22.00
0,1.95,-18.70,89.88,94.37,299.89,25.17,10.83,9.36,0.92,0.00,-10.00,-22.00
0,2.15,-18.59,89.53,79.69,299.89,13.63,10.86,9.28,0.97,3.00,-23.00,-26.00
0,2.28,-18.29,89.36,60.82,276.82,32.51,10.64,9.31,0.83,-7.00,-37.00,-28.00
0,2.49,-17.72,88.78,102.76,248.51,48.23,10.81,9.47,0.97,-15.00,-38.00,-32.00
0,2.82,-18.14,87.83,87.03,275.78,27.26,10.75,9.31,0.92,-16.00,-39.00,-32.00
0,2.93,-18.06,87.51,88.08,259.00,-25.17,10.81,9.47,0.89,-14.00,-44.00,-25.00
0,2.65,-18.12,88.27,67.11,284.16,27.26,10.86,9.36,0.89,-14.00,-47.00,-25.00
0,2.73,-17.67,87.91,92.27,236.98,25.17,10.75,9.28,0.94,-20.00,-38.00,-32.00
0,2.87,-17.98,87.51,66.06,259.00,48.23,10.33,9.53,0.83,-20.00,-29.00,-34.00
0,3.13,-17.58,86.67,71.30,265.29,17.83,10.86,9.42,0.86,-18.00,-12.00,-36.00
0,3.15,-17.29,86.59,81.79,267.39,-15.73,10.86,9.53,0.92,-16.00,-2.00,-36.00
0,2.97,-17.24,87.19,87.03,252.71,32.51,10.89,9.58,0.94,-14.00,6.00,-36.00
0,3.13,-17.37,86.70,89.13,256.90,28.31,10.72,9.42,0.86,-17.00,13.00,-35.00
0,3.25,-17.50,86.37,91.23,295.70,5.24,10.81,9.47,0.89,-15.00,19.00,-34.00
0,3.21,-17.45,86.53,83.89,298.84,27.26,10.64,9.42,0.92,-14.00,20.00,-29.00
0,3.26,-17.29,86.35,68.16,267.39,35.65,10.75,9.39,0.86,-12.00,15.00,-27.00
0,3.36,-16.97,85.94,69.21,301.99,26.21,10.81,9.39,0.89,-12.00,5.00,-27.00
0,3.37,-16.64,85.84,74.45,294.65,34.60,10.75,9.33,0.97,-9.00,4.00,-28.00
0,3.41,-16.42,85.59,79.69,284.16,27.26,10.81,9.53,0.92,-21.00,2.00,-24.00
0,3.41,-16.33,85.45,102.76,271.58,3.15,10.75,9.39,0.94,-21.00,-2.00,-21.00
0,3.27,-16.72,85.75,104.86,291.50,-11.53,10.75,9.42,0.92,-21.00,-2.00,-18.00
0,3.10,-16.95,86.19,102.76,225.44,15.73,10.75,9.42,0.89,-23.00,5.00,-15.00
0,3.09,-17.59,86.12,49.28,281.02,54.53,10.64,9.42,0.89,-22.00,12.00,-20.00
0,3.29,-16.90,85.42,111.15,307.23,-7.34,10.75,9.28,0.92,-22.00,14.00,-17.00
0,3.19,-17.09,85.76,78.64,284.16,4.19,10.64,9.47,0.94,-15.00,19.00,-16.00
0,3.10,-16.94,86.00,99.61,306.18,-5.24,10.53,9.44,0.94,-19.00,21.00,-12.00
0,3.02,-17.02,86.29,104.86,309.33,-6.29,10.86,9.58,1.08,-20.00,21.00,-9.00
0,2.96,-17.15,86.55,69.21,274.73,11.53,10.75,9.36,0.94,-16.00,19.00,-2.00
0,2.97,-16.89,86.61,76.55,314.57,23.07,10.64,9.42,1.06,-12.00,22.00,3.00
0,3.04,-16.70,86.52,49.28,282.07,46.14,10.64,9.33,0.94,-9.00,20.00,8.00
0,3.22,-16.11,85.96,82.84,259.00,-16.78,10.75,9.17,1.17,-8.00,16.00,7.00
0,3.07,-16.30,86.68,66.06,278.92,54.53,10.75,9.33,0.94,-11.00,8.00,5.00
0,3.25,-16.05,85.95,99.61,207.62,-20.97,10.89,9.33,0.97,-12.00,2.00,7.00
0,3.08,-16.73,86.54,77.59,278.92,9.44,10.75,9.69,1.03,-20.00,1.00,2.00
0,3.04,-16.65,86.63,74.45,297.80,30.41,10.64,9.17,1.36,-25.00,3.00,7.00
0,3.18,-16.47,86.39,94.37,291.50,22.02,10.75,9.42,0.94,-24.00,1.00,5.00
0,3.19,-16.60,86.29,117.44,311.43,-8.39,10.78,9.22,1.00,-18.00,-3.00,3.00
0,3.09,-16.86,86.57,76.55,286.26,-6.29,10.81,9.42,1.00,-13.00,-14.00,1.00
0,2.95,-16.72,86.95,75.50,287.31,3.15,10.58,9.25,0.94,-16.00,-20.00,0.00
0,2.81,-16.58,87.14,103.81,290.46,-11.53,10.75,9.36,1.00,-20.00,-62.00,4.00
0,2.31,-16.84,87.62,150.99,311.43,-44.04,10.56,9.78,0.89,-12.00,-289.00,-11.00
0,1.48,-17.17,88.20,164.63,305.14,-22.02,10.86,9.64,0.86,-57.00,-494.00,-84.00
0,-0.27,-17.56,88.80,166.72,244.32,-6.29,10.94,9.72,0.67,-118.00,-1180.00,-140.00
0,-3.36,-18.57,89.54,168.82,192.94,-65.01,11.11,9.42,0.25,-311.00,-2108.00,-323.00
0,-7.93,-20.05,91.49,136.31,209.72,57.67,11.33,9.33,-0.44,-736.00,-2803.00,-431.00
0,-11.97,-20.62,90.17,77.59,228.59,99.61,11.08,9.58,-0.56,-1076.00,-3138.00,-471.00
0,-15.13,-19.94,87.44,-4.19,225.44,40.89,11.11,9.50,-1.08,-1284.00,-2844.00,-488.00
0,-17.75,-18.47,86.09,-39.85,256.90,160.43,11.11,9.58,-1.25,-1242.00,-2002.00,-228.00
0,-17.94,-17.05,82.73,-74.45,341.84,85.98,11.22,9.44,-1.39,-1005.00,-685.00,215.00
0,-17.75,-16.73,81.58,-62.91,329.25,41.94,11.33,9.53,-1.14,-629.00,-37.00,459.00
0,-15.84,-15.64,81.30,-83.89,339.74,87.03,10.67,9.81,-0.72,130.00,1249.00,459.00
0,-12.34,-14.70,81.11,-19.92,337.64,70.25,11.25,9.22,-0.56,644.00,2365.00,387.00
0,-7.64,-13.83,81.03,13.63,291.50,79.69,11.00,9.11,0.22,863.00,3228.00,495.00
0,-2.24,-12.85,80.69,58.72,257.95,12.58,10.97,9.19,0.58,998.00,3668.00,546.00
0,2.69,-12.63,81.84,105.91,297.80,84.93,10.67,9.36,1.25,1179.00,3607.00,342.00
0,7.19,-13.38,82.04,143.65,290.46,80.74,10.61,9.47,1.50,1249.00,3088.00,671.00
0,10.94,-14.36,82.40,159.38,221.25,14.68,11.00,9.11,1.89,1248.00,2593.00,534.00
0,13.33,-15.96,83.82,226.49,278.92,-23.07,10.22,9.53,2.03,1323.00,1855.00,-130.00
0,14.74,-16.22,85.38,223.35,243.27,-30.41,10.14,9.61,2.03,1244.00,1186.00,-306.00
0,14.42,-17.31,86.90,255.85,166.72,-32.51,9.97,9.69,1.78,708.00,22.00,-343.00
0,12.06,-19.70,88.25,223.35,212.86,-63.96,10.03,9.72,1.67,26.00,-1340.00,-398.00
0,7.85,-21.15,89.87,230.69,236.98,-49.28,10.42,9.92,1.28,-534.00,-2546.00,-312.00
0,2.61,-21.90,90.92,190.84,202.38,47.19,10.42,9.72,0.97,-982.00,-3386.00,-358.00
0,-2.60,-23.22,90.37,69.21,251.66,101.71,10.75,9.81,0.31,-1269.00,-3818.00,-430.00
0,-7.02,-22.03,88.15,59.77,241.17,69.21,10.75,9.75,-0.03,-1505.00,-3614.00,-488.00
0,-10.69,-21.22,86.09,-9.44,246.42,98.57,10.97,9.81,-0.47,-1582.00,-2926.00,-234.00
0,-13.53,-19.30,83.24,-53.48,297.80,100.66,11.06,9.64,-0.61,-1533.00,-2424.00,-106.00
0,-15.10,-17.91,81.34,-118.49,335.54,136.31,11.11,9.56,-0.81,-1155.00,-1345.00,170.00
0,-15.07,-18.16,80.39,-87.03,353.37,105.91,11.11,9.39,-0.78,-542.00,-107.00,484.00
0,-13.26,-18.16,79.79,-100.66,308.28,104.86,11.14,9.28,-0.44,66.00,1133.00,541.00
0,-9.80,-16.48,79.08,-67.11,294.65,124.78,11.14,9.19,-0.25,515.00,2254.00,478.00
0,-5.34,-14.58,78.23,18.87,281.02,88.08,11.11,9.19,0.33,754.00,2979.00,487.00
0,-0.92,-13.51,78.05,70.25,309.33,76.55,10.75,9.17,0.64,988.00,3026.00,529.00
0,2.23,-13.72,78.88,183.50,307.23,-3.15,10.83,9.19,1.17,1268.00,2215.00,629.00
0,4.32,-14.72,80.54,224.40,264.24,-15.73,10.75,9.19,1.17,1358.00,1564.00,514.00
0,5.19,-15.59,82.27,207.62,210.76,-125.83,10.81,9.58,1.17,1140.00,859.00,-128.00
0,4.08,-16.58,85.30,193.99,190.84,-51.38,10.67,9.58,1.03,707.00,-185.00,-611.00
0,1.74,-18.54,87.34,169.87,212.86,8.39,11.06,9.47,0.75,66.00,-1173.00,-552.00
0,-0.79,-20.11,87.68,36.70,253.76,79.69,11.00,9.44,0.83,-378.00,-1661.00,-341.00
0,-2.50,-18.80,85.92,36.70,253.76,79.69,10.64,9.58,0.28,-669.00,-1574.00,-236.00
0,-3.81,-18.04,84.13,-44.04,268.44,87.03,10.97,9.69,0.31,-679.00,-1236.00,56.00
0,-4.12,-16.22,82.33,-27.26,311.43,63.96,10.92,9.64,0.22,-598.00,-491.00,302.00
0,-4.12,-15.36,81.33,-28.31,307.23,66.06,10.94,9.58,0.28,-501.00,-87.00,406.00
0,-3.12,-14.41,80.53,36.70,294.65,50.33,10.86,9.19,0.47,-190.00,629.00,470.00
0,-1.50,-14.09,80.25,113.25,251.66,28.31,11.00,9.36,0.53,122.00,1123.00,389.00
0,0.05,-15.23,80.55,98.57,266.34,13.63,11.11,9.03,0.75,342.00,1164.00,322.00
0,0.98,-16.03,81.33,134.22,278.92,41.94,10.81,9.19,0.75,394.00,785.00,344.00
0,1.50,-16.73,81.61,117.44,249.56,28.31,10.97,9.31,0.92,352.00,447.00,54.00
0,1.49,-17.42,82.02,137.36,284.16,-3.15,11.11,9.19,0.92,216.00,110.00,-72.00
0,1.02,-18.06,82.74,69.21,290.46,54.53,10.86,9.14,0.89,67.00,-134.00,-15.00
0,0.74,-17.70,82.59,89.13,263.19,31.46,11.06,9.47,0.81,43.00,-204.00,-19.00
0,0.24,-17.79,82.80,100.66,292.55,-8.39,11.00,9.47,0.78,36.00,-277.00,-39.00
0,-0.42,-17.92,83.61,79.69,246.42,-38.80,10.72,9.50,0.67,34.00,-263.00,-28.00
0,-1.23,-17.95,85.28,75.50,263.19,29.36,10.81,9.22,0.75,46.00,-176.00,-29.00
0,-1.29,-17.74,85.21,84.93,285.21,4.19,10.86,9.22,0.61,54.00,-69.00,-29.00
0,-1.35,-17.64,85.57,67.11,281.02,53.48,10.81,9.17,0.58,38.00,22.00,-10.00
0,-1.07,-17.29,84.97,74.45,283.12,25.17,11.11,9.28,0.64,13.00,63.00,10.00
0,-0.95,-17.06,84.91,77.59,231.74,-57.67,11.11,9.19,0.69,-6.00,66.00,-5.00
0,-1.33,-17.21,86.51,71.30,264.24,59.77,11.11,9.28,0.67,-16.00,65.00,-13.00
0,-0.98,-16.98,85.54,74.45,242.22,-68.16,10.86,9.19,0.72,-35.00,54.00,-26.00
0,-1.46,-16.99,87.47,96.47,273.68,14.68,11.22,9.28,0.97,-47.00,35.00,-30.00
0,-1.37,-17.19,87.35,108.00,293.60,-10.49,11.11,9.25,0.69,-35.00,-7.00,-26.00
0,-1.44,-17.41,87.66,71.30,285.21,10.49,10.83,9.22,0.72,-27.00,-38.00,-16.00
0,-1.37,-17.15,87.64,87.03,231.74,-32.51,10.81,9.25,0.81,-21.00,-14.00,7.00
0,-1.47,-17.52,88.49,85.98,293.60,27.26,10.86,9.25,0.69,-6.00,32.00,34.00
0,-1.22,-17.51,88.18,83.89,268.44,17.83,10.94,9.00,0.69,21.00,41.00,49.00
0,-0.99,-17.53,87.99,88.08,254.80,60.82,10.83,9.19,0.69,22.00,40.00,18.00
0,-0.48,-17.67,86.88,72.35,284.16,27.26,11.06,9.03,0.75,16.00,49.00,-2.00
0,-0.23,-17.35,86.62,25.17,273.68,66.06,10.94,9.47,0.72,-3.00,66.00,-28.00
0,0.18,-16.19,85.61,49.28,263.19,59.77,11.31,9.67,0.89,2.00,52.00,-42.00
0,0.50,-15.55,84.79,67.11,238.03,-63.96,11.28,9.14,0.78,31.00,28.00,-75.00
0,0.02,-15.52,86.69,99.61,264.24,35.65,10.75,9.28,0.72,28.00,10.00,-66.00
0,0.12,-15.94,86.30,96.47,266.34,78.64,10.75,9.39,0.75,19.00,8.00,-43.00
0,0.47,-16.22,85.22,72.35,279.97,36.70,10.64,9.11,0.58,21.00,2.00,-30.00
0,0.50,-16.05,85.01,70.25,230.69,-79.69,10.81,9.19,0.69,23.00,-24.00,-18.00
0,-0.17,-16.15,87.21,78.64,286.26,32.51,10.92,9.11,0.78,24.00,-37.00,-20.00
0,-0.14,-16.07,86.91,78.64,308.28,15.73,10.72,9.28,0.75,13.00,-47.00,-22.00
0,-0.13,-15.93,86.92,69.21,273.68,19.92,10.64,9.58,0.67,-2.00,-40.00,-28.00
0,-0.11,-15.73,86.80,83.89,282.07,-4.19,10.83,9.31,0.78,-10.00,-33.00,-36.00
0,-0.19,-15.77,87.13,69.21,253.76,5.24,10.75,9.22,0.64,-11.00,-30.00,-43.00
0,-0.23,-15.66,87.27,89.13,295.70,0.00,10.97,9.47,0.72,-11.00,-17.00,-49.00
0,-0.23,-15.70,87.45,94.37,254.80,36.70,10.94,9.22,0.75,-9.00,0.00,-51.00
0,-0.01,-16.07,86.90,96.47,255.85,16.78,10.75,9.25,0.69,1.00,8.00,-55.00
0,0.08,-16.46,86.81,65.01,272.63,-18.87,10.53,9.39,0.67,0.00,9.00,-51.00
0,-0.07,-16.13,87.47,100.66,229.64,15.73,10.86,9.56,0.69,4.00,8.00,-52.00
0,0.03,-16.76,87.33,81.79,290.46,11.53,10.67,9.06,0.67,4.00,16.00,-40.00
0,0.14,-16.65,87.33,73.40,284.16,33.55,10.83,9.58,0.75,-3.00,42.00,-31.00
0,0.39,-16.44,86.94,90.18,293.60,1.05,10.83,9.42,0.81,6.00,64.00,-20.00
0,0.51,-16.50,87.14,100.66,254.80,16.78,10.83,9.42,0.81,19.00,79.00,0.00
0,0.71,-17.02,87.04,89.13,253.76,-9.44,10.75,9.78,0.94,30.00,86.00,12.00
0,0.76,-17.29,87.53,89.13,267.39,-1.05,10.64,9.53,0.75,37.00,81.00,16.00
0,0.84,-17.44,87.78,79.69,287.31,22.02,10.86,9.58,0.78,34.00,75.00,15.00
0,1.05,-17.29,87.57,89.13,222.30,-50.33,10.86,9.42,0.78,20.00,72.00,6.00
0,0.84,-17.69,88.75,97.52,264.24,23.07,10.81,9.28,0.69,8.00,62.00,-1.00
0,1.07,-17.93,88.37,115.34,301.99,-2.10,10.75,9.31,0.78,-2.00,53.00,-6.00
0,1.16,-18.14,88.46,68.16,290.46,26.21,10.81,9.33,0.92,-4.00,33.00,-9.00
0,1.38,-17.72,88.12,74.45,274.73,9.44,10.69,9.39,0.78,-5.00,15.00,-16.00
0,1.47,-17.48,88.07,52.43,267.39,25.17,10.64,9.69,0.81,-14.00,10.00,-16.00
0,1.66,-16.86,87.67,72.35,251.66,-8.39,10.86,9.42,0.92,-26.00,15.00,-13.00
0,1.62,-16.78,88.05,84.93,313.52,22.02,10.86,9.36,0.83,-22.00,9.00,-13.00
0,1.70,-16.68,87.88,49.28,268.44,59.77,11.17,9.33,0.89,-17.00,-12.00,-4.00
0,2.01,-16.10,86.83,72.35,296.75,31.46,10.72,9.44,0.81,-19.00,-24.00,-4.00
0,2.09,-15.91,86.56,63.96,251.66,-46.14,10.75,9.44,0.86,-23.00,-23.00,-10.00
0,1.70,-15.76,87.92,92.27,301.99,-11.53,11.28,9.33,0.94,-26.00,-22.00,-11.00
0,1.61,-15.86,88.18,36.70,268.44,52.43,10.22,9.56,0.75,-32.00,-24.00,-10.00
0,1.87,-15.09,87.21,71.30,310.38,14.68,10.75,9.39,0.83,-32.00,-18.00,-7.00
0,1.94,-14.96,87.16,72.35,311.43,20.97,10.64,9.42,0.81,-25.00,7.00,1.00
0,2.01,-14.85,87.04,91.23,277.87,56.62,10.78,9.56,0.89,-20.00,18.00,9.00
0,2.29,-15.16,86.29,99.61,283.12,10.49,10.75,9.53,0.78,-5.00,34.00,24.00
0,2.31,-15.57,86.40,58.72,244.32,-75.50,10.78,9.58,0.92,9.00,36.00,30.00
0,1.80,-15.45,88.48,45.09,276.82,50.33,10.75,9.36,0.83,6.00,24.00,33.00
0,1.96,-14.94,87.66,97.52,261.10,4.19,10.89,9.58,0.83,1.00,-44.00,27.00
0,1.55,-15.49,87.87,144.70,220.20,-9.44,10.75,9.31,0.81,-10.00,-302.00,-6.00
0,0.45,-17.19,88.41,135.27,235.93,-82.84,10.75,9.47,0.67,-111.00,-709.00,-91.00
0,-1.94,-18.07,90.35,158.33,223.35,-114.29,11.00,9.39,0.50,-275.00,-1302.00,-178.00
0,-4.93,-18.86,92.49,168.82,259.00,-13.63,10.97,9.42,0.25,-443.00,-1679.00,-326.00
0,-8.28,-19.26,92.83,132.12,240.12,54.53,11.11,9.42,-0.25,-601.00,-2400.00,-396.00
0,-11.62,-19.43,91.39,110.10,255.85,47.19,11.14,9.69,-0.44,-1004.00,-2757.00,-466.00
0,-15.04,-19.23,89.87,61.87,259.00,113.25,11.25,9.56,-0.92,-1271.00,-2761.00,-419.00
0,-17.48,-18.50,87.15,-23.07,285.21,82.84,11.14,9.53,-1.11,-1202.00,-2285.00,-297.00
0,-19.01,-16.63,85.22,-85.98,335.54,133.17,11.11,9.56,-1.25,-970.00,-1425.00,-143.00
0,-19.43,-15.88,84.26,-42.99,325.06,103.81,11.28,9.69,-1.36,-511.00,-469.00,-107.00
0,-18.27,-14.54,83.50,-68.16,373.29,100.66,11.08,9.61,-1.19,66.00,631.00,-103.00
0,-16.42,-14.49,83.49,-52.43,307.23,122.68,11.06,9.69,-1.03,325.00,1214.00,102.00
0,-12.81,-13.16,82.70,-63.96,287.31,124.78,11.06,9.61,-0.61,634.00,2321.00,264.00
0,-7.96,-11.52,81.85,11.53,266.34,99.61,11.11,9.47,-0.17,863.00,3188.00,453.00
0,-2.43,-10.64,81.17,69.21,265.29,137.36,10.72,9.50,0.47,1057.00,3730.00,524.00
0,3.31,-10.70,80.29,102.76,269.48,58.72,10.47,9.47,0.83,1157.00,3890.00,531.00
0,8.53,-11.71,80.54,111.15,282.07,76.55,10.53,9.69,1.47,1132.00,3704.00,733.00
0,12.61,-12.65,81.02,103.81,296.75,83.89,10.36,9.56,1.72,1319.00,2896.00,630.00
0,16.11,-13.00,81.55,147.85,248.51,-57.67,9.83,9.58,1.94,1306.00,2548.00,334.00
0,18.46,-13.79,84.29,238.03,276.82,-44.04,9.83,9.64,2.11,1335.00,2171.00,-313.00
0,19.62,-13.96,85.80,185.60,217.06,-23.07,9.69,10.14,2.08,1143.00,1108.00,-324.00
0,19.25,-15.86,87.39,212.86,240.12,-35.65,9.53,10.03,2.14,634.00,71.00,-321.00
0,17.42,-17.45,88.47,182.45,199.23,-32.51,9.72,10.25,1.83,49.00,-1021.00,-110.00
0,14.25,-19.50,89.70,174.06,256.90,-37.75,9.92,10.36,1.67,-372.00,-1883.00,-249.00
0,10.07,-20.03,90.70,165.68,262.14,-24.12,10.19,10.06,1.22,-650.00,-2671.00,-383.00
0,5.02,-20.32,91.44,98.57,257.95,37.75,10.25,9.86,0.86,-919.00,-3356.00,-392.00
0,0.20,-19.83,90.51,85.98,200.28,40.89,10.53,9.78,0.50,-1276.00,-3561.00,-382.00
0,-4.44,-19.55,89.38,-4.19,234.88,83.89,10.94,9.67,0.11,-1499.00,-3418.00,-404.00
0,-7.95,-17.92,86.57,-19.92,265.29,68.16,10.64,9.83,-0.17,-1701.00,-2879.00,-151.00
0,-10.64,-16.29,84.01,-40.89,327.16,82.84,10.75,9.72,-0.25,-1667.00,-2170.00,69.00
0,-12.10,-15.86,82.26,-38.80,350.22,84.93,10.83,9.83,-0.36,-1246.00,-1216.00,376.00
0,-12.00,-15.93,81.20,-48.23,349.18,89.13,11.08,9.58,-0.25,-600.00,-85.00,542.00
0,-10.12,-15.83,80.51,-75.50,326.11,123.73,11.11,9.08,0.31,8.00,1148.00,639.00
0,-6.62,-15.15,79.90,-41.94,335.54,102.76,11.11,9.25,0.28,517.00,2225.00,638.00
0,-2.36,-14.52,79.75,27.26,274.73,69.21,10.94,9.44,0.86,883.00,2854.00,695.00
0,1.76,-14.14,80.09,103.81,321.91,63.96,10.97,9.36,1.08,1250.00,2757.00,797.00
0,4.90,-14.95,81.12,219.15,300.94,19.92,10.72,9.33,1.33,1410.00,2159.00,789.00
0,6.51,-15.44,82.70,212.86,256.90,-30.41,10.83,9.47,1.33,1424.00,1224.00,155.00
0,6.51,-15.90,84.69,209.72,198.18,-30.41,10.67,9.22,1.08,1048.00,317.00,-643.00
0,4.65,-17.75,86.45,180.36,192.94,11.53,10.56,9.69,0.92,326.00,-928.00,-613.00
0,2.00,-19.62,86.96,146.80,175.11,-26.21,10.64,9.44,0.67,-242.00,-1698.00,-551.00
0,-0.65,-20.46,87.33,48.23,210.76,53.48,10.64,9.75,0.56,-782.00,-1604.00,-460.00
0,-2.14,-20.31,85.95,12.58,241.17,-13.63,10.83,10.00,0.50,-891.00,-1208.00,117.00
0,-3.01,-19.46,85.81,-27.26,300.94,49.28,10.75,9.44,0.36,-701.00,-515.00,302.00
0,-3.06,-18.16,84.65,-16.78,335.54,49.28,10.97,9.61,0.50,-556.00,-168.00,393.00
0,-2.18,-17.57,83.92,-49.28,316.67,91.23,11.00,9.58,0.61,-215.00,495.00,413.00
0,-0.69,-16.30,83.07,17.83,311.43,57.67,11.00,9.22,0.64,112.00,879.00,246.00
0,0.64,-15.56,82.86,104.86,326.11,39.85,10.81,9.22,0.83,302.00,860.00,236.00
0,1.37,-15.79,83.10,125.83,290.46,35.65,10.97,9.47,0.97,345.00,532.00,137.00
0,1.65,-16.22,83.37,138.41,275.78,16.78,10.64,9.25,0.81,282.00,233.00,-59.00
0,1.43,-16.95,83.81,52.43,254.80,77.59,11.33,9.00,0.94,153.00,-49.00,-71.00
0,1.41,-16.34,82.91,100.66,278.92,27.26,10.64,9.47,0.89,89.00,-195.00,-85.00
0,1.01,-16.55,83.21,98.57,296.75,-1.05,10.75,9.28,0.78,78.00,-211.00,-99.00
0,0.51,-16.64,83.86,62.91,261.10,-5.24,10.86,9.47,0.69,55.00,-192.00,-75.00
0,0.03,-16.31,84.72,40.89,303.04,35.65,11.08,9.53,0.78,68.00,-130.00,-50.00
0,-0.02,-15.64,84.66,59.77,262.14,29.36,10.86,9.47,0.75,53.00,-44.00,-14.00
0,0.07,-15.37,84.57,72.35,250.61,27.26,10.86,9.44,0.67,39.00,49.00,2.00
0,0.23,-15.45,84.44,70.25,260.05,9.44,10.81,9.39,0.72,16.00,109.00,7.00
0,0.24,-15.42,84.73,94.37,301.99,-2.10,10.94,9.28,0.75,4.00,85.00,-4.00
0,0.18,-15.56,85.08,53.48,293.60,50.33,10.86,9.31,0.81,-13.00,46.00,-14.00
0,0.34,-15.11,84.61,36.70,263.19,57.67,10.86,9.58,0.86,-24.00,35.00,-22.00
0,0.54,-14.38,83.82,99.61,289.41,0.00,10.69,9.44,0.78,-42.00,9.00,-29.00
0,0.37,-14.74,84.24,70.25,283.12,23.07,10.64,9.42,0.75,-34.00,-22.00,-24.00
0,0.23,-14.64,84.31,28.31,272.63,52.43,10.64,9.42,0.72,-14.00,-49.00,-32.00
0,0.24,-13.80,83.79,68.16,287.31,50.33,10.75,9.39,0.75,-1.00,-59.00,-29.00
0,0.24,-13.74,83.48,73.40,231.74,-69.21,10.75,9.61,0.78,6.00,-37.00,-27.00
0,-0.30,-14.10,85.51,100.66,251.66,28.31,10.83,9.58,0.72,11.00,-6.00,-22.00
0,-0.27,-14.83,85.32,50.33,266.34,50.33,10.86,9.58,0.75,22.00,17.00,-17.00
0,-0.06,-14.42,84.73,52.43,270.53,23.07,10.75,9.39,0.75,23.00,25.00,-17.00
0,-0.00,-14.07,84.77,67.11,301.99,35.65,10.86,9.50,0.69,24.00,38.00,-17.00
0,0.08,-13.93,84.64,77.59,275.78,-23.07,10.81,9.58,0.67,19.00,47.00,-21.00
0,-0.10,-14.08,85.52,90.18,278.92,58.72,10.75,9.39,0.78,12.00,46.00,-26.00
0,0.09,-14.35,84.90,73.40,268.44,32.51,10.81,9.47,0.78,16.00,28.00,-35.00
0,0.15,-14.40,84.71,103.81,223.35,-44.04,10.64,9.33,0.81,4.00,7.00,-33.00
0,-0.20,-15.32,86.05,66.06,279.97,26.21,10.75,9.69,0.72,0.00,-8.00,-30.00
0,-0.20,-15.11,85.88,24.12,275.78,58.72,10.75,9.47,0.75,-14.00,-16.00,-31.00
0,-0.01,-14.15,85.09,77.59,291.50,17.83,10.83,9.44,0.67,-18.00,-21.00,-33.00
0,-0.07,-14.18,85.16,58.72,289.41,26.21,10.75,9.53,0.72,-19.00,-29.00,-37.00
0,-0.11,-13.92,85.10,57.67,240.12,-55.57,10.64,9.69,0.75,-16.00,-30.00,-36.00
0,-0.52,-13.88,86.68,70.25,305.14,20.97,10.81,9.47,0.72,-17.00,-13.00,-33.00
0,-0.49,-13.79,86.59,27.26,282.07,60.82,10.97,9.36,0.89,-16.00,7.00,-23.00
0,-0.19,-13.05,85.75,60.82,290.46,3.15,10.81,9.69,0.69,-13.00,20.00,-17.00
0,-0.19,-12.95,86.01,82.84,242.22,-35.65,10.75,9.47,0.75,-15.00,25.00,-11.00
0,-0.40,-13.54,87.13,84.93,281.02,-13.63,10.58,9.64,0.83,-12.00,22.00,-8.00
0,-0.44,-13.84,87.56,79.69,254.80,-20.97,10.69,9.53,0.78,-17.00,21.00,-5.00
0,-0.50,-14.21,88.22,75.50,264.24,-19.92,11.11,9.36,1.00,-13.00,22.00,-8.00
0,-0.50,-14.38,88.75,95.42,263.19,3.15,10.64,9.50,0.78,-15.00,19.00,-9.00
0,-0.39,-14.92,88.77,71.30,281.02,10.49,10.75,9.44,0.75,-6.00,9.00,-8.00
0,-0.24,-14.87,88.63,30.41,272.63,51.38,10.64,9.69,0.78,-21.00,15.00,-5.00
0,0.13,-14.08,87.67,62.91,265.29,-3.15,10.61,9.53,0.86,-26.00,20.00,-5.00
0,0.20,-14.02,87.91,71.30,250.61,9.44,10.22,9.58,0.67,-24.00,12.00,-9.00
0,0.26,-14.21,87.86,62.91,270.53,-3.15,10.64,9.58,0.86,-14.00,2.00,-12.00
0,0.28,-14.10,88.09,59.77,262.14,59.77,10.64,9.50,0.78,-15.00,-2.00,-13.00
0,0.61,-13.97,86.98,82.84,288.36,26.21,11.28,9.25,0.83,-18.00,-2.00,-14.00
0,0.73,-14.13,86.75,74.45,297.80,26.21,10.81,9.69,0.83,-23.00,-4.00,-16.00
0,0.80,-14.12,86.56,68.16,276.82,52.43,11.06,9.50,0.92,-21.00,-7.00,-12.00
0,1.01,-14.10,85.87,72.35,261.10,-22.02,10.75,9.42,0.78,-17.00,-8.00,-6.00
0,0.81,-14.26,86.70,85.98,259.00,25.17,10.75,9.44,0.86,-13.00,-9.00,-3.00
0,0.87,-14.67,86.46,83.89,286.26,-6.29,10.69,9.47,0.78,-9.00,-9.00,-1.00
0,0.79,-14.83,86.82,81.79,257.95,44.04,10.81,9.83,1.00,-10.00,-6.00,-5.00
0,1.02,-15.09,86.15,92.27,265.29,11.53,10.64,9.44,0.78,-14.00,4.00,-5.00
0,1.04,-15.49,86.23,85.98,236.98,-17.83,10.86,9.61,0.94,-15.00,8.00,-6.00
0,0.89,-15.91,86.91,41.94,272.63,33.55,10.75,9.50,0.78,-15.00,7.00,-6.00
0,1.01,-15.24,86.48,55.57,260.05,45.09,11.06,9.50,0.94,-14.00,-2.00,-6.00
0,1.22,-14.93,85.82,63.96,276.82,26.21,10.64,9.53,0.83,-6.00,-9.00,-6.00
0,1.27,-14.76,85.67,73.40,291.50,25.17,10.69,9.22,0.75,-12.00,-11.00,-4.00
0,1.26,-14.73,85.58,52.43,269.48,53.48,10.75,9.50,0.81,-14.00,-13.00,-1.00
0,1.40,-14.39,84.90,91.23,314.57,-5.24,10.75,9.28,0.81,-13.00,-20.00,6.00
0,1.26,-14.54,85.25,62.91,294.65,17.83,10.69,9.58,0.86,-10.00,-27.00,5.00
0,1.11,-14.37,85.36,44.04,295.70,57.67,10.61,9.81,0.81,-2.00,-78.00,8.00
0,0.84,-13.92,84.91,127.93,247.46,1.05,10.64,9.53,0.64,7.00,-269.00,-14.00
0,-0.17,-15.14,85.46,137.36,269.48,-7.34,10.39,9.39,0.61,-59.00,-599.00,-102.00
0,-1.92,-15.94,86.05,137.36,242.22,26.21,10.81,9.42,0.42,-206.00,-1102.00,-210.00
0,-4.52,-16.91,86.06,140.51,282.07,7.34,11.00,9.56,-0.03,-394.00,-1805.00,-349.00
0,-8.05,-17.33,86.37,115.34,228.59,6.29,10.81,9.61,-0.11,-628.00,-2379.00,-370.00
0,-11.87,-17.95,86.51,93.32,245.37,58.72,11.11,10.00,-0.61,-865.00,-2600.00,-377.00
0,-14.96,-18.09,85.20,22.02,245.37,108.00,11.11,9.61,-0.81,-1001.00,-2364.00,-299.00
0,-17.35,-16.93,82.75,-28.31,308.28,109.05,10.89,9.69,-1.19,-999.00,-2109.00,-223.00
0,-18.93,-15.85,81.19,-79.69,332.40,105.91,11.11,9.53,-1.17,-899.00,-1301.00,-35.00
0,-19.01,-15.10,80.24,-45.09,309.33,58.72,11.11,9.53,-1.19,-467.00,-192.00,161.00
0,-17.46,-13.65,79.99,-61.87,293.60,59.77,11.11,9.53,-0.92,148.00,1008.00,281.00
0,-14.19,-11.79,79.97,-44.04,310.38,94.37,11.14,9.56,-0.69,557.00,2223.00,447.00
0,-9.36,-10.74,79.64,-13.63,264.24,111.15,11.11,9.31,-0.06,739.00,3280.00,716.00
0,-3.54,-9.59,78.88,28.31,275.78,26.21,11.08,9.47,0.33,968.00,3925.00,797.00
0,2.01,-9.22,80.13,131.07,266.34,113.25,10.64,9.19,1.14,1192.00,4026.00,676.00
0,7.66,-10.28,79.99,146.80,274.73,31.46,10.69,9.25,1.47,1260.00,3944.00,668.00
0,11.83,-12.02,81.36,185.60,307.23,20.97,10.31,9.19,1.81,1499.00,3024.00,769.00
0,14.93,-12.71,82.78,199.23,246.42,-54.53,10.28,9.58,1.97,1465.00,2348.00,300.00
0,16.06,-13.61,85.26,228.59,239.08,-24.12,9.86,9.58,2.03,1306.00,1210.00,-513.00
0,15.75,-14.53,86.52,248.51,180.36,-76.55,9.86,9.72,2.08,587.00,73.00,-603.00
0,13.63,-16.54,88.06,207.62,222.30,-15.73,9.75,9.78,1.78,-80.00,-1132.00,-455.00
0,10.38,-18.34,88.56,204.47,176.16,-42.99,9.92,9.86,1.64,-585.00,-2081.00,-254.00
0,5.73,-20.67,90.00,196.08,182.45,46.14,10.31,9.97,1.28,-790.00,-2910.00,-393.00
0,1.39,-22.67,89.33,125.83,227.54,8.39,10.42,9.72,0.86,-1050.00,-3196.00,-388.00
0,-3.56,-22.82,89.55,20.97,238.03,117.44,10.61,9.92,0.36,-1162.00,-3418.00,-397.00
0,-6.76,-21.04,86.40,-47.19,257.95,102.76,10.78,9.81,0.17,-1445.00,-2912.00,-319.00
0,-8.69,-18.93,83.56,-78.64,289.41,38.80,10.86,9.67,-0.06,-1405.00,-1851.00,164.00
0,-9.46,-17.04,82.44,-84.93,327.16,76.55,11.06,9.33,0.00,-894.00,-650.00,422.00
0,-8.28,-16.40,81.47,-103.81,368.05,138.41,11.11,9.19,0.19,-268.00,642.00,659.00
0,-5.51,-16.93,81.02,-35.65,343.93,100.66,11.14,9.36,0.36,271.00,1798.00,648.00
0,-1.67,-16.34,80.62,34.60,350.22,53.48,10.86,9.14,0.86,693.00,2561.00,551.00
0,2.24,-16.14,80.73,139.46,343.93,4.19,10.83,9.31,1.00,876.00,2677.00,584.00
0,5.01,-16.71,81.76,169.87,308.28,45.09,10.75,9.08,1.33,1231.00,1965.00,574.00
0,6.36,-17.44,82.93,213.91,296.75,-4.19,10.75,9.17,1.28,1182.00,981.00,286.00
0,6.11,-17.59,84.34,202.38,227.54,-8.39,10.58,9.58,1.19,878.00,2.00,-299.00
0,4.42,-18.83,85.61,156.24,204.47,3.15,10.58,9.50,1.00,254.00,-913.00,-547.00
0,2.40,-20.17,86.11,108.00,225.44,-1.05,10.81,9.58,0.81,-286.00,-1217.00,-409.00
0,0.71,-20.24,86.28,25.17,226.49,-50.33,10.75,9.58,0.72,-492.00,-1021.00,-389.00
0,-0.62,-19.38,87.12,2.10,284.16,49.28,10.64,9.64,0.58,-463.00,-634.00,8.00
0,-0.88,-18.07,86.04,0.00,299.89,13.63,10.64,9.53,0.61,-393.00,-344.00,213.00
0,-0.50,-16.98,85.77,9.44,285.21,11.53,10.86,9.42,0.83,-184.00,224.00,281.00
0,0.41,-15.92,85.77,57.67,293.60,29.36,10.72,9.42,0.86,71.00,606.00,249.00
0,1.46,-15.86,85.58,76.55,301.99,28.31,10.86,9.53,0.97,163.00,658.00,279.00
0,2.30,-16.01,85.53,105.91,298.84,13.63,10.64,9.28,0.92,191.00,526.00,228.00
0,2.73,-16.40,85.69,120.59,255.85,-5.24,10.83,9.47,1.08,143.00,321.00,109.00
0,2.76,-17.26,86.19,106.95,290.46,23.07,10.72,9.17,1.03,65.00,104.00,21.00
0,2.71,-17.48,86.15,108.00,284.16,30.41,11.22,9.22,1.22,14.00,-54.00,-20.00
0,2.66,-17.73,86.00,96.47,266.34,1.05,10.86,9.47,1.06,7.00,-109.00,-34.00
0,2.34,-17.92,86.41,84.93,267.39,7.34,10.75,9.22,0.97,9.00,-164.00,-34.00
0,2.08,-17.90,86.67,85.98,224.40,-7.34,10.64,9.28,0.89,26.00,-150.00,-24.00
0,1.85,-18.16,87.14,80.74,275.78,16.78,10.86,9.64,1.03,42.00,-91.00,-7.00
0,1.90,-18.01,87.14,92.27,266.34,14.68,10.83,9.31,0.89,53.00,-18.00,-3.00
0,2.02,-18.14,87.13,89.13,240.12,30.41,11.11,9.11,1.14,49.00,45.00,6.00
0,2.36,-18.39,86.69,62.91,259.00,26.21,10.75,9.28,0.92,33.00,83.00,19.00
0,2.61,-17.94,86.40,60.82,275.78,25.17,11.06,9.33,1.00,20.00,87.00,12.00
0,2.78,-17.45,86.21,80.74,253.76,-30.41,10.81,9.58,0.94,15.00,56.00,3.00
0,2.54,-17.50,87.24,108.00,222.30,18.87,10.72,9.14,1.14,13.00,39.00,-1.00
0,2.65,-18.23,87.05,60.82,305.14,36.70,10.81,9.28,0.92,10.00,7.00,-10.00
0,2.75,-17.71,86.74,84.93,281.02,5.24,11.17,9.11,0.92,7.00,-20.00,-13.00
0,2.65,-17.64,86.94,76.55,261.10,-51.38,10.75,9.31,0.94,11.00,-50.00,-13.00
0,2.16,-17.54,88.33,82.84,292.55,27.26,10.75,9.25,0.86,14.00,-72.00,-18.00
0,2.17,-17.39,88.05,82.84,257.95,51.38,10.92,9.58,0.89,9.00,-75.00,-23.00
0,2.42,-17.40,87.16,79.69,245.37,-35.65,10.64,9.33,1.00,8.00,-60.00,-28.00
0,2.12,-17.47,88.26,58.72,297.80,16.78,10.83,9.36,0.94,-3.00,-40.00,-23.00
0,2.15,-16.94,88.12,19.92,283.12,70.25,10.50,9.19,0.89,0.00,-34.00,-25.00
0,2.52,-15.82,87.01,80.74,305.14,6.29,10.83,9.53,0.89,-2.00,-12.00,-27.00
0,2.56,-15.72,87.09,33.55,285.21,66.06,10.33,9.50,0.97,-12.00,11.00,-38.00
0,2.87,-14.90,86.13,31.46,285.21,49.28,10.22,9.44,0.78,-18.00,23.00,-43.00
0,3.04,-14.11,85.54,91.23,255.85,40.89,10.44,9.22,0.86,-12.00,28.00,-35.00
0,3.18,-14.61,85.06,65.01,285.21,30.41,10.75,9.42,0.92,-6.00,31.00,-24.00
0,3.20,-14.44,84.94,104.86,269.48,62.91,10.69,9.44,1.03,12.00,18.00,-20.00
0,3.35,-14.99,84.28,77.59,301.99,12.58,10.81,9.58,0.97,29.00,-1.00,-13.00
0,3.23,-14.95,84.55,74.45,308.28,8.39,10.89,9.11,0.89,30.00,-9.00,-11.00
0,3.08,-14.87,84.85,77.59,293.60,8.39,10.64,9.28,0.83,31.00,-13.00,-3.00
0,2.95,-14.88,85.14,101.71,293.60,2.10,10.58,9.25,1.00,26.00,0.00,-7.00
0,2.84,-15.20,85.47,97.52,252.71,52.43,10.81,9.53,0.86,22.00,5.00,-13.00
0,2.98,-15.73,84.80,70.25,257.95,-28.31,10.81,9.28,1.03,19.00,1.00,-22.00
0,2.66,-15.68,85.93,71.30,232.78,-87.03,10.78,9.69,0.92,17.00,-6.00,-27.00
0,1.98,-15.82,88.25,82.84,269.48,20.97,10.75,9.44,0.89,2.00,-4.00,-28.00
0,2.05,-15.92,87.96,72.35,239.08,-68.16,10.75,9.39,0.92,-12.00,-6.00,-20.00
0,1.63,-16.02,89.66,74.45,271.58,-11.53,10.75,9.42,0.86,-8.00,-6.00,-20.00
0,1.61,-15.94,89.90,84.93,296.75,6.29,10.61,9.53,0.83,-6.00,-14.00,-23.00
0,1.72,-15.94,89.79,105.91,287.31,2.10,10.61,9.44,0.81,1.00,-19.00,-20.00
0,1.81,-16.28,89.76,105.91,250.61,63.96,10.86,9.50,0.81,1.00,-18.00,-15.00
0,2.25,-16.89,88.46,74.45,282.07,30.41,10.64,9.58,0.86,-4.00,-19.00,-13.00
0,2.45,-16.71,88.03,80.74,257.95,20.97,10.75,9.36,0.86,-7.00,-19.00,-10.00
0,2.57,-16.78,87.73,73.40,297.80,16.78,10.67,9.44,0.86,-9.00,-15.00,-9.00
0,2.62,-16.56,87.61,101.71,272.63,60.82,10.83,9.58,0.89,-13.00,-12.00,-10.00
0,2.90,-16.88,86.73,87.03,281.02,14.68,10.81,9.42,0.86,-12.00,-9.00,-11.00
0,2.92,-16.91,86.70,23.07,289.41,67.11,10.64,9.64,0.89,-14.00,0.00,-10.00
0,3.18,-15.89,85.81,79.69,265.29,33.55,10.72,9.42,0.89,-12.00,4.00,-12.00
0,3.27,-15.96,85.47,44.04,272.63,40.89,11.00,9.44,0.92,-11.00,7.00,-11.00
0,3.36,-15.32,85.04,71.30,306.18,5.24,11.11,9.33,1.14,-13.00,7.00,-11.00
0,3.30,-15.16,85.29,116.39,299.89,-18.87,10.75,9.42,0.81,-11.00,6.00,-9.00
0,3.09,-15.59,85.80,70.25,255.85,-46.14,10.72,9.56,0.86,-7.00,2.00,-9.00
0,2.66,-15.59,87.18,72.35,281.02,4.19,10.83,9.64,0.89,-7.00,-6.00,-6.00
0,2.59,-15.51,87.33,100.66,225.44,-11.53,10.75,9.50,0.83,-5.00,-8.00,-4.00
0,2.48,-16.26,87.75,106.95,239.08,-10.49,10.64,9.44,0.81,-8.00,-4.00,3.00
0,2.37,-17.10,88.17,93.32,251.66,51.38,10.75,9.39,0.86,-11.00,4.00,5.00
0,2.70,-17.42,87.20,95.42,298.84,1.05,10.81,9.69,0.94,-9.00,4.00,0.00
0,2.72,-17.46,87.35,61.87,301.99,14.68,10.86,9.72,0.89,-8.00,10.00,1.00
0,2.77,-17.03,87.29,76.55,287.31,-3.15,10.64,9.69,0.89,-11.00,13.00,4.00
0,2.74,-16.89,87.53,101.71,276.82,16.78,10.75,9.42,0.92,-14.00,10.00,7.00
0,2.80,-17.20,87.39,95.42,272.63,16.78,10.64,9.64,0.89,-16.00,2.00,6.00
0,2.86,-17.42,87.26,69.21,268.44,7.34,10.64,9.47,0.97,-22.00,-4.00,10.00
0,2.87,-17.17,87.31,95.42,279.97,25.17,10.72,9.44,0.86,-22.00,-3.00,10.00
0,2.95,-17.34,87.05,60.82,281.02,40.89,10.75,9.39,0.94,-21.00,-2.00,12.00
0,3.12,-16.93,86.52,78.64,292.55,13.63,10.75,9.42,0.81,-20.00,-9.00,17.00
0,3.09,-16.82,86.53,69.21,240.12,35.65,10.86,9.36,0.89,-20.00,-12.00,17.00
0,3.19,-16.79,86.03,100.66,290.46,-4.19,10.64,9.39,0.78,-15.00,-19.00,18.00
0,2.97,-17.04,86.39,99.61,244.32,-12.58,10.94,9.58,0.94,-14.00,-71.00,29.00
0,2.25,-17.63,87.16,98.57,262.14,-75.50,10.81,9.39,0.75,-5.00,-358.00,11.00
0,0.38,-17.86,89.04,93.32,271.58,16.78,10.92,9.69,0.69,-107.00,-931.00,-65.00
0,-1.37,-17.86,89.04,173.02,274.73,-55.57,11.11,9.44,0.44,-228.00,-1275.00,-111.00
0,-4.57,-18.52,90.00,101.71,230.69,61.87,11.11,9.31,0.14,-490.00,-2094.00,-174.00
0,-8.15,-18.61,88.78,112.20,197.13,74.45,11.22,9.28,-0.33,-786.00,-2837.00,-370.00
0,-12.03,-19.01,87.17,35.65,256.90,98.57,11.14,9.42,-0.69,-1200.00,-3028.00,-445.00
0,-15.04,-18.03,84.53,-23.07,250.61,111.15,11.19,9.36,-0.97,-1425.00,-2531.00,-219.00
0,-16.52,-16.48,81.47,-141.56,340.79,135.27,11.36,9.28,-1.06,-1307.00,-1486.00,140.00
0,-16.61,-17.04,80.57,-72.35,347.08,61.87,11.36,9.25,-1.06,-655.00,-181.00,367.00
0,-14.73,-16.44,80.01,-30.41,355.47,65.01,11.31,9.11,-0.97,9.00,1210.00,479.00
0,-11.98,-15.99,79.63,-19.92,304.09,118.49,11.36,9.03,-0.42,310.00,1859.00,502.00
0,-7.57,-14.61,78.95,23.07,303.04,104.86,11.36,9.14,-0.08,822.00,2911.00,432.00
0,-2.38,-13.56,78.60,122.68,319.82,33.55,11.11,9.03,0.56,1040.00,3566.00,458.00
0,2.51,-13.54,79.36,150.99,306.18,36.70,11.11,9.06,0.89,1237.00,3542.00,375.00
0,6.27,-14.27,80.34,239.08,199.23,-16.78,10.75,9.47,1.42,1308.00,2730.00,515.00
0,8.25,-16.94,82.04,206.57,227.54,-48.23,10.75,9.08,1.42,1215.00,1617.00,299.00
0,8.84,-18.18,84.13,273.68,261.10,-74.45,11.11,9.06,1.86,931.00,838.00,-385.00
0,8.73,-17.61,84.77,281.02,159.38,-76.55,10.50,9.58,1.33,393.00,74.00,-591.00
0,6.31,-19.29,86.37,234.88,232.78,-38.80,10.53,9.31,1.08,-28.00,-1296.00,-558.00
0,2.24,-20.40,87.35,199.23,188.74,-71.30,10.58,9.61,0.72,-645.00,-2531.00,-413.00
0,-3.60,-22.44,89.47,160.43,229.64,80.74,10.78,9.81,0.11,-1061.00,-3478.00,-225.00
0,-8.84,-22.87,88.42,54.53,248.51,120.59,11.11,9.44,-0.28,-1309.00,-3878.00,-571.00
0,-12.95,-21.87,85.72,-20.97,304.09,93.32,11.44,9.44,-0.75,-1620.00,-3427.00,-325.00
0,-16.02,-20.59,83.91,-44.04,293.60,134.22,11.22,9.36,-1.06,-1487.00,-2390.00,37.00
0,-17.25,-19.54,81.85,-130.02,351.27,131.07,11.69,9.22,-1.06,-970.00,-1195.00,295.00
0,-16.82,-19.94,81.33,-72.35,331.35,76.55,11.31,9.42,-1.03,-266.00,189.00,302.00
0,-15.42,-18.80,80.68,-109.05,334.50,123.73,11.28,9.67,-0.75,16.00,858.00,334.00
0,-12.32,-18.11,80.19,-14.68,273.68,127.93,11.31,9.06,-0.50,531.00,2037.00,378.00
0,-7.70,-16.33,78.78,24.12,316.67,109.05,11.58,9.33,0.14,791.00,2911.00,451.00
0,-2.93,-15.41,78.44,98.57,264.24,-17.83,11.19,9.14,0.42,1011.00,3215.00,476.00
0,0.78,-15.85,80.23,121.63,300.94,61.87,11.44,8.78,1.17,1148.00,2887.00,431.00
0,3.37,-16.36,81.22,225.44,214.96,-2.10,10.81,9.14,0.97,1347.00,1798.00,373.00
0,4.42,-18.70,82.72,204.47,261.10,3.15,10.64,8.89,1.22,1046.00,912.00,220.00
0,4.04,-19.48,84.04,222.30,255.85,-22.02,10.86,9.53,0.92,695.00,-66.00,-303.00
0,2.83,-20.09,85.43,185.60,173.02,-53.48,10.75,9.36,0.69,460.00,-578.00,-452.00
0,0.31,-22.13,87.44,122.68,225.44,9.44,10.75,9.47,0.53,-181.00,-1205.00,-430.00
0,-1.80,-22.62,87.45,49.28,230.69,8.39,11.31,9.58,0.61,-548.00,-1366.00,-173.00
0,-3.39,-22.12,87.20,17.83,235.93,-42.99,11.17,9.19,0.36,-640.00,-1118.00,117.00
0,-4.56,-21.24,87.87,-8.39,267.39,32.51,11.33,8.89,0.47,-498.00,-580.00,289.00
0,-3.95,-19.44,86.82,-24.12,259.00,75.50,11.14,9.58,0.39,-296.00,198.00,296.00
0,-2.11,-17.38,85.02,23.07,288.36,30.41,10.86,8.89,0.67,-32.00,889.00,239.00
0,-0.33,-16.45,84.77,58.72,330.30,6.29,11.06,9.00,0.67,245.00,1125.00,231.00
0,1.20,-16.38,85.07,109.05,284.16,48.23,10.97,8.97,0.83,385.00,1080.00,287.00
0,2.43,-16.96,84.88,132.12,294.65,3.15,10.97,9.14,0.92,384.00,762.00,225.00
0,2.84,-17.47,85.38,138.41,268.44,31.46,10.97,9.31,1.00,279.00,349.00,32.00
0,2.84,-18.24,85.36,116.39,214.96,-49.28,11.06,9.36,0.92,120.00,-17.00,-29.00
0,2.01,-19.11,86.87,130.02,227.54,33.55,10.81,9.19,0.81,0.00,-240.00,-50.00
0,1.69,-20.14,86.49,69.21,266.34,60.82,11.03,9.17,0.86,-12.00,-315.00,-57.00
0,1.60,-19.63,85.72,85.98,307.23,14.68,11.06,9.14,0.78,7.00,-297.00,-21.00
0,1.29,-19.43,85.95,45.09,260.05,0.00,10.86,9.17,0.72,39.00,-202.00,23.00
0,0.95,-18.57,86.49,62.91,281.02,2.10,10.86,9.19,0.64,56.00,-138.00,54.00
0,0.85,-18.14,86.85,90.18,277.87,-12.58,11.11,9.14,0.64,78.00,-10.00,60.00
0,0.82,-18.23,87.41,67.11,285.21,26.21,11.08,9.36,0.69,87.00,74.00,54.00
0,1.09,-17.87,87.19,81.79,277.87,9.44,11.17,9.31,0.72,72.00,112.00,48.00
0,1.29,-17.80,87.25,90.18,284.16,23.07,11.11,9.17,0.75,43.00,121.00,34.00
0,1.51,-17.83,87.05,101.71,287.31,19.92,11.08,9.19,0.72,24.00,94.00,23.00
0,1.64,-17.99,86.93,84.93,272.63,-28.31,11.11,9.08,0.75,9.00,50.00,8.00
0,1.43,-17.95,87.72,105.91,245.37,22.02,11.11,9.19,0.78,5.00,6.00,-10.00
0,1.53,-18.48,87.43,90.18,256.90,29.36,11.11,9.17,0.72,5.00,-14.00,-15.00
0,1.62,-18.57,87.05,94.37,287.31,19.92,11.11,9.14,0.72,9.00,-52.00,-14.00
0,1.59,-18.55,86.99,77.59,267.39,-23.07,11.03,9.36,0.75,18.00,-58.00,-10.00
0,1.32,-18.34,87.77,92.27,234.88,6.29,11.14,9.25,0.83,23.00,-42.00,-13.00
0,1.31,-18.63,87.85,76.55,265.29,-3.15,11.06,9.36,0.64,29.00,-24.00,-12.00
0,1.23,-18.41,88.15,71.30,279.97,30.41,11.11,9.14,0.78,33.00,-19.00,-4.00
0,1.40,-18.06,87.79,112.20,252.71,42.99,11.03,9.19,0.69,39.00,-14.00,-2.00
0,1.66,-18.61,87.14,87.03,260.05,30.41,11.06,9.17,0.67,41.00,-5.00,-6.00
0,1.81,-18.61,86.80,74.45,300.94,28.31,11.11,9.14,0.75,41.00,-1.00,-9.00
0,1.89,-18.25,86.66,88.08,263.19,38.80,11.11,9.19,0.67,41.00,3.00,-12.00
0,2.04,-18.26,86.21,100.66,268.44,4.19,11.11,9.11,0.61,45.00,-5.00,-17.00
0,1.91,-18.47,86.50,90.18,268.44,30.41,11.08,9.25,0.67,34.00,-18.00,-19.00
0,1.94,-18.48,86.24,88.08,293.60,8.39,10.86,9.19,0.61,20.00,-29.00,-13.00
0,1.82,-18.34,86.41,90.18,285.21,6.29,11.11,9.17,0.53,13.00,-35.00,-15.00
0,1.66,-18.28,86.60,108.00,287.31,2.10,11.11,9.17,0.64,6.00,-39.00,-18.00
0,1.52,-18.46,86.82,104.86,245.37,38.80,11.08,9.42,0.72,-1.00,-42.00,-20.00
0,1.65,-18.91,86.24,67.11,289.41,14.68,11.11,9.25,0.64,-8.00,-42.00,-19.00
0,1.57,-18.41,86.28,18.87,287.31,74.45,11.11,9.47,0.69,-11.00,-40.00,-22.00
0,1.81,-17.17,85.29,103.81,247.46,19.92,10.97,9.22,0.67,-16.00,-30.00,-36.00
0,1.77,-17.67,85.25,118.49,228.59,61.87,11.11,9.22,0.69,-19.00,-15.00,-50.00
0,2.02,-18.53,84.18,60.82,252.71,6.29,10.97,9.42,0.61,-37.00,-7.00,-68.00
0,1.81,-17.96,84.52,119.54,293.60,-16.78,10.97,8.94,0.78,-60.00,-6.00,-71.00
0,1.56,-18.21,85.01,83.89,260.05,-2.10,10.86,9.28,0.64,-64.00,-9.00,-58.00
0,1.31,-18.17,85.43,121.63,299.89,-27.26,10.83,9.17,0.69,-62.00,-13.00,-24.00
0,1.06,-18.44,85.97,88.08,245.37,-26.21,10.97,9.47,0.64,-52.00,-15.00,-19.00
0,0.69,-18.59,86.90,68.16,230.69,-84.93,11.00,9.11,0.64,-47.00,-13.00,-16.00
0,-0.01,-18.41,88.98,44.04,279.97,40.89,10.56,9.19,0.58,-44.00,-5.00,-28.00
0,0.23,-17.54,88.22,80.74,307.23,20.97,11.17,9.00,0.81,-38.00,-4.00,-21.00
0,0.39,-17.34,88.00,79.69,268.44,2.10,10.97,9.47,0.58,-25.00,-3.00,-17.00
0,0.40,-17.26,88.11,97.52,275.78,46.14,11.06,9.56,0.67,-13.00,-4.00,-19.00
0,0.65,-17.44,87.42,76.55,292.55,29.36,11.11,9.17,0.67,-10.00,-1.00,-14.00
0,0.79,-17.22,87.12,111.15,254.80,45.09,11.28,9.56,0.78,-6.00,1.00,-13.00
0,1.05,-17.81,86.43,91.23,273.68,62.91,11.11,9.19,0.69,-13.00,3.00,-3.00
0,1.34,-17.86,85.57,45.09,277.87,58.72,11.06,9.11,0.81,-15.00,5.00,-5.00
0,1.58,-17.08,84.82,26.21,270.53,61.87,11.11,9.22,0.64,-14.00,6.00,-10.00
0,1.77,-16.00,84.01,81.79,274.73,-20.97,10.97,9.08,0.89,-14.00,-2.00,-8.00
0,1.49,-16.08,84.89,100.66,278.92,-2.10,11.06,9.47,0.58,-15.00,-6.00,-8.00
0,1.27,-16.41,85.30,91.23,259.00,6.29,11.22,9.25,0.67,-20.00,-6.00,-11.00
0,1.14,-16.70,85.55,75.50,239.08,-76.55,10.86,9.28,0.64,-26.00,-3.00,-15.00
0,0.46,-16.81,87.70,83.89,274.73,-6.29,11.11,9.11,0.75,-27.00,-3.00,-17.00
0,0.37,-16.83,87.96,37.75,263.19,26.21,11.11,9.25,0.67,-32.00,-6.00,-16.00
0,0.52,-15.96,87.51,89.13,271.58,-17.83,10.97,9.08,0.69,-33.00,-8.00,-16.00
0,0.42,-16.17,88.01,103.81,252.71,49.28,10.75,9.19,0.64,-31.00,-10.00,-17.00
0,0.71,-16.72,87.10,69.21,248.51,10.49,10.86,9.06,0.72,-33.00,1.00,-23.00
0,0.77,-16.61,87.07,57.67,295.70,31.46,11.11,9.22,0.67,-30.00,8.00,-12.00
0,0.89,-16.16,86.75,73.40,287.31,31.46,10.69,9.44,0.69,-23.00,8.00,-10.00
0,1.00,-16.01,86.43,112.20,228.59,-6.29,10.97,9.31,0.64,-26.00,1.00,-10.00
0,0.88,-16.97,86.81,68.16,242.22,7.34,11.22,9.06,0.61,-29.00,-2.00,-12.00
0,0.83,-16.86,86.89,77.59,239.08,-46.14,10.86,9.28,0.69,-25.00,-8.00,-10.00
0,0.47,-16.99,88.14,89.13,274.73,24.12,10.92,9.22,0.67,-23.00,-9.00,-8.00
0,0.57,-17.09,87.81,52.43,279.97,46.14,11.06,9.47,0.69,-20.00,-10.00,-4.00
0,0.79,-16.53,87.10,77.59,249.56,-13.63,11.11,9.19,0.64,-21.00,-25.00,-1.00
0,0.50,-16.64,87.71,50.33,266.34,29.36,11.11,9.19,0.64,-19.00,-112.00,4.00
0,0.11,-16.08,87.39,98.57,262.14,-15.73,11.03,9.42,0.67,-28.00,-374.00,-17.00
0,-1.18,-16.49,88.09,149.95,277.87,-46.14,11.11,9.22,0.44,-124.00,-824.00,-62.00
0,-3.88,-17.09,89.23,222.30,247.46,-38.80,10.61,9.39,0.14,-221.00,-1739.00,-203.00
0,-7.70,-17.85,90.09,169.87,253.76,22.02,11.19,9.47,-0.17,-506.00,-2566.00,-466.00
0,-11.54,-18.35,89.97,148.90,166.72,56.62,11.19,9.42,-0.56,-742.00,-2799.00,-555.00
0,-15.16,-19.36,88.71,101.71,210.76,50.33,11.33,9.69,-0.94,-1142.00,-2808.00,-442.00
0,-18.00,-19.72,87.34,8.39,259.00,102.76,11.25,9.58,-1.22,-1135.00,-2266.00,-199.00
0,-19.24,-18.40,84.77,-33.55,307.23,113.25,11.25,9.31,-1.39,-942.00,-1376.00,55.00
0,-19.19,-17.23,83.27,-68.16,318.77,77.59,11.25,9.31,-1.44,-444.00,-281.00,145.00
0,-17.74,-15.71,82.69,-102.76,346.03,125.83,11.25,9.25,-1.22,142.00,849.00,155.00
0,-15.05,-15.31,82.65,-16.78,319.82,70.25,11.39,9.19,-1.03,600.00,1784.00,195.00
0,-11.19,-14.21,82.46,-16.78,319.82,70.25,11.39,9.42,-0.56,782.00,2583.00,354.00
0,-6.44,-13.27,82.21,65.01,206.57,106.95,11.11,9.28,-0.28,842.00,3231.00,532.00
0,-1.07,-13.58,80.66,84.93,249.56,54.53,11.11,9.14,0.56,857.00,3506.00,613.00
0,4.59,-14.16,80.13,111.15,311.43,61.87,11.11,9.11,0.92,852.00,3880.00,737.00
0,9.64,-14.71,80.03,144.70,255.85,67.11,10.64,8.97,1.61,954.00,3540.00,791.00
0,14.46,-16.28,79.67,178.26,271.58,60.82,10.47,8.81,1.86,1009.00,3297.00,899.00
0,18.27,-16.94,79.92,207.62,276.82,3.15,10.31,8.86,2.33,1142.00,2777.00,238.00
0,20.52,-17.18,81.07,256.90,185.60,-47.19,10.08,9.14,2.44,1136.00,1886.00,-246.00
0,20.97,-19.04,82.78,242.22,243.27,-67.11,9.75,9.44,2.53,786.00,780.00,-302.00
0,20.03,-19.87,84.09,134.22,232.78,25.17,9.86,9.50,2.56,304.00,-268.00,-260.00
0,18.71,-20.60,84.55,133.17,224.40,17.83,9.86,9.53,2.28,78.00,-759.00,-277.00
0,16.08,-21.34,85.07,195.04,249.56,-23.07,9.92,9.56,2.08,-311.00,-1632.00,-354.00
0,12.23,-21.97,86.21,140.51,255.85,3.15,10.11,9.53,1.75,-559.00,-2316.00,-574.00
0,7.71,-22.14,86.99,134.22,229.64,28.31,10.39,9.69,1.50,-784.00,-2886.00,-483.00
0,3.02,-22.62,87.07,95.42,253.76,65.01,10.64,9.58,0.94,-991.00,-3214.00,-420.00
0,-1.41,-22.19,86.14,40.89,242.22,78.64,10.92,9.39,0.67,-1187.00,-3244.00,-399.00
0,-4.93,-20.77,84.22,-24.12,259.00,98.57,10.94,9.61,0.19,-1375.00,-2760.00,-453.00
0,-7.14,-18.88,81.75,-56.62,310.38,74.45,11.22,9.42,0.19,-1316.00,-1876.00,10.00
0,-8.88,-17.68,80.30,-69.21,348.13,81.79,11.11,9.28,-0.08,-1174.00,-1344.00,219.00
0,-9.12,-17.59,79.40,-52.43,339.74,89.13,11.11,9.17,0.06,-589.00,-262.00,498.00
0,-7.60,-17.12,78.80,-63.96,350.22,112.20,11.17,9.11,0.36,33.00,928.00,564.00
0,-4.53,-16.83,78.39,1.05,309.33,118.49,11.14,8.97,0.53,475.00,2021.00,610.00
0,-0.53,-16.10,77.95,53.48,320.86,80.74,11.14,9.14,1.00,912.00,2604.00,735.00
0,2.62,-16.24,78.83,216.01,321.91,11.53,11.11,8.83,1.08,1400.00,2101.00,794.00
0,4.22,-16.30,80.35,162.53,271.58,35.65,11.03,9.14,1.28,1441.00,1216.00,161.00
0,4.23,-16.65,81.89,241.17,204.47,-59.77,10.64,9.17,1.11,1083.00,231.00,-466.00
0,3.04,-18.07,84.13,217.06,209.72,-17.83,10.86,9.22,0.94,668.00,-393.00,-575.00
0,0.50,-19.95,85.42,145.75,183.50,-11.53,10.86,9.31,0.75,-61.00,-1467.00,-366.00
0,-2.32,-20.76,86.02,78.64,142.61,6.29,10.94,9.58,0.39,-562.00,-1730.00,-514.00
0,-4.38,-20.59,85.44,34.60,213.91,73.40,10.92,9.58,0.42,-927.00,-1362.00,-343.00
0,-5.03,-20.13,83.63,-13.63,330.30,32.51,10.86,9.14,0.58,-823.00,-728.00,106.00
0,-4.85,-19.27,82.87,-39.85,313.52,87.03,11.11,9.22,0.36,-533.00,28.00,321.00
0,-3.67,-18.00,81.74,8.39,290.46,-4.19,11.33,9.06,0.58,-161.00,643.00,324.00
0,-2.70,-16.69,82.39,69.21,318.77,52.43,10.97,9.17,0.64,142.00,818.00,166.00
0,-1.63,-16.51,82.25,80.74,284.16,37.75,11.44,9.08,0.78,224.00,724.00,159.00
0,-1.00,-16.51,82.39,126.88,306.18,19.92,11.08,9.11,0.78,247.00,434.00,87.00
0,-0.94,-16.65,82.82,127.93,244.32,-22.02,11.33,9.06,0.92,198.00,127.00,-157.00
0,-1.51,-17.63,84.01,120.59,199.23,-58.72,10.86,9.22,0.81,45.00,-158.00,-105.00
0,-2.42,-18.62,85.67,96.47,256.90,10.49,10.97,9.33,0.67,1.00,-276.00,-82.00
0,-2.82,-18.78,85.95,61.87,297.80,31.46,11.11,9.22,0.72,7.00,-243.00,-59.00
0,-2.90,-18.26,85.88,68.16,272.63,1.05,10.56,9.19,0.36,39.00,-155.00,2.00
0,-3.02,-17.94,86.34,69.21,261.10,67.11,11.08,9.36,0.58,79.00,-29.00,37.00
0,-2.53,-17.72,85.38,75.50,259.00,-33.55,11.44,9.08,0.58,97.00,67.00,52.00
0,-2.67,-17.70,86.61,71.30,271.58,18.87,10.86,9.17,0.61,91.00,93.00,59.00
0,-2.43,-17.50,86.55,89.13,268.44,5.24,11.11,9.06,0.97,59.00,110.00,54.00
0,-2.21,-17.64,86.72,120.59,214.96,18.87,11.11,9.19,0.64,15.00,88.00,30.00
0,-2.01,-18.65,86.49,78.64,262.14,25.17,11.28,9.17,0.72,-26.00,49.00,-2.00
0,-1.85,-18.45,86.18,108.00,242.22,-26.21,11.11,9.14,0.67,-56.00,7.00,-18.00
0,-2.11,-19.01,87.03,109.05,229.64,25.17,10.78,9.11,0.64,-65.00,-22.00,-29.00
0,-2.00,-19.59,86.66,87.03,281.02,42.99,11.11,9.14,0.69,-48.00,-38.00,-35.00
0,-1.79,-19.37,86.15,72.35,298.84,31.46,11.44,9.11,0.64,-19.00,-35.00,-25.00
0,-1.69,-18.92,85.94,72.35,282.07,34.60,11.06,9.36,0.64,-12.00,-20.00,-19.00
0,-1.53,-18.53,85.64,85.98,257.95,13.63,11.11,9.08,0.69,-3.00,13.00,-5.00
0,-1.45,-18.56,85.73,92.27,260.05,-9.44,10.86,9.14,0.69,9.00,34.00,10.00
0,-1.54,-18.70,86.32,91.23,276.82,33.55,11.67,9.22,0.64,22.00,36.00,12.00
0,-1.35,-18.68,86.03,90.18,270.53,7.34,10.86,9.11,0.69,31.00,38.00,5.00
0,-1.28,-18.67,86.24,79.69,275.78,22.02,11.00,9.28,0.78,29.00,43.00,-4.00
0,-1.13,-18.45,86.14,39.85,276.82,67.11,11.00,9.22,0.67,23.00,39.00,-7.00
0,-0.77,-17.54,85.22,100.66,297.80,4.19,10.86,9.14,0.64,26.00,19.00,-5.00
0,-0.81,-17.65,85.52,84.93,240.12,34.60,11.06,9.42,0.67,27.00,4.00,-3.00
0,-0.71,-17.83,85.17,96.47,293.60,4.19,10.86,9.28,0.61,25.00,-20.00,-3.00
0,-0.82,-17.88,85.47,84.93,290.46,10.49,10.97,9.22,0.69,11.00,-24.00,-6.00
0,-0.89,-17.76,85.65,98.57,271.58,60.82,11.11,9.11,0.75,-2.00,-22.00,-14.00
0,-0.67,-17.93,84.92,105.91,260.05,7.34,11.17,9.36,0.69,-5.00,-26.00,-18.00
0,-0.78,-18.33,85.20,91.23,250.61,28.31,11.11,9.08,0.69,-10.00,-28.00,-21.00
0,-0.73,-18.47,84.98,80.74,248.51,-29.36,10.86,9.19,0.64,-19.00,-10.00,-26.00
0,-1.09,-18.43,86.11,103.81,244.32,66.06,11.11,9.22,0.75,-27.00,0.00,-32.00
0,-0.69,-18.81,84.96,66.06,267.39,0.00,11.11,9.22,0.69,-29.00,18.00,-32.00
0,-0.77,-18.32,85.38,73.40,243.27,-67.11,11.03,9.42,0.78,-25.00,25.00,-29.00
0,-1.35,-18.20,87.34,96.47,238.03,7.34,10.97,9.42,0.72,-15.00,25.00,-24.00
0,-1.29,-18.56,87.37,110.10,292.55,13.63,10.86,9.22,0.69,-10.00,27.00,-23.00
0,-1.15,-18.70,87.31,120.59,297.80,-2.10,11.03,9.22,0.81,-11.00,31.00,-26.00
0,-1.06,-18.93,87.46,94.37,216.01,-31.46,10.97,9.19,0.69,-10.00,29.00,-17.00
0,-1.18,-19.31,88.18,42.99,299.89,61.87,10.86,9.33,0.72,-12.00,39.00,-7.00
0,-0.77,-18.47,87.33,110.10,294.65,-7.34,11.11,9.25,0.69,-7.00,38.00,-9.00
0,-0.71,-18.63,87.58,102.76,265.29,49.28,10.86,9.19,0.75,-4.00,31.00,-7.00
0,-0.37,-18.87,86.82,89.13,294.65,-10.49,11.06,9.28,0.72,-2.00,14.00,0.00
0,-0.40,-18.74,87.20,100.66,305.14,-9.44,10.44,9.22,0.72,-2.00,8.00,1.00
0,-0.41,-18.74,87.46,95.42,268.44,-4.19,10.75,9.25,0.78,-11.00,14.00,1.00
0,-0.42,-18.85,87.72,95.42,257.95,23.07,10.97,9.47,0.72,-11.00,7.00,3.00
0,-0.26,-19.02,87.40,97.52,284.16,36.70,11.00,9.47,0.78,-16.00,-7.00,11.00
0,-0.06,-19.05,86.96,28.31,298.84,71.30,10.81,9.25,0.75,-21.00,-19.00,10.00
0,0.25,-18.04,86.07,75.50,274.73,30.41,11.06,9.22,0.78,-24.00,-23.00,0.00
0,0.35,-17.81,85.79,82.84,320.86,9.44,11.00,9.22,0.72,-25.00,-23.00,-4.00
0,0.30,-17.63,85.89,84.93,274.73,7.34,11.11,9.14,0.75,-27.00,-23.00,-4.00
0,0.21,-17.62,86.07,24.12,286.26,67.11,11.03,9.36,0.81,-24.00,-26.00,4.00
0,0.46,-16.56,85.18,92.27,225.44,26.21,11.39,8.89,0.83,-27.00,-22.00,0.00
0,0.53,-17.04,84.96,112.20,300.94,-12.58,10.86,9.19,0.75,-36.00,-12.00,-1.00
0,0.37,-17.30,85.39,83.89,296.75,14.68,10.86,9.17,0.78,-27.00,-15.00,-7.00
0,0.31,-17.20,85.48,24.12,283.12,76.55,10.75,9.19,0.72,-23.00,-15.00,-2.00
0,0.57,-16.17,84.47,28.31,275.78,63.96,10.94,9.31,0.72,-19.00,-14.00,-2.00
0,0.75,-15.24,83.70,85.98,262.14,70.25,11.08,9.25,0.81,-20.00,-12.00,-5.00
0,0.96,-15.48,82.84,89.13,271.58,41.94,11.28,9.14,0.75,-25.00,4.00,-7.00
0,0.96,-15.71,82.63,51.38,281.02,44.04,11.08,9.47,0.75,-25.00,8.00,-7.00
0,0.94,-15.24,82.42,57.67,275.78,35.65,11.39,9.00,0.89,-23.00,4.00,-2.00
0,0.88,-14.93,82.38,96.47,242.22,31.46,10.97,9.19,0.81,-21.00,-4.00,-4.00
0,0.80,-15.62,82.34,112.20,211.81,-10.49,11.06,9.36,0.75,-20.00,-8.00,-8.00
0,0.48,-16.59,83.04,70.25,269.48,17.83,11.06,9.14,0.75,-22.00,-21.00,-12.00
0,0.26,-16.41,83.30,102.76,245.37,55.57,11.11,9.19,0.78,-23.00,-47.00,-15.00
0,0.28,-17.00,82.68,108.00,282.07,-4.19,11.11,9.25,0.69,-23.00,-69.00,-17.00
0,-0.32,-17.35,83.41,104.86,301.99,9.44,10.97,9.31,0.69,-4.00,-247.00,-31.00
0,-1.31,-17.47,83.90,144.70,265.29,-11.53,11.14,9.31,0.61,-42.00,-564.00,-87.00
0,-3.17,-18.40,84.74,150.99,249.56,-23.07,11.11,9.22,0.39,-206.00,-1107.00,-109.00
0,-6.55,-19.44,86.10,213.91,244.32,-60.82,11.11,9.25,-0.06,-343.00,-2092.00,-218.00
0,-10.78,-20.51,87.32,159.38,226.49,23.07,11.31,9.19,-0.22,-728.00,-2641.00,-314.00
0,-14.37,-21.71,86.83,71.30,181.40,98.57,11.19,9.25,-0.69,-1157.00,-2540.00,-284.00
0,-16.51,-21.91,84.78,-34.60,270.53,130.02,11.36,9.17,-0.94,-1176.00,-1873.00,-15.00
0,-17.79,-20.22,82.17,-47.19,273.68,79.69,11.17,8.89,-1.00,-1114.00,-1390.00,119.00
0,-17.72,-18.23,80.51,-52.43,354.42,55.57,11.47,8.97,-0.94,-669.00,-235.00,333.00
0,-16.12,-17.57,79.99,-42.99,289.41,89.13,11.19,9.22,-0.50,-33.00,1017.00,306.00
0,-12.75,-15.53,79.27,-23.07,337.64,95.42,11.36,8.92,-0.33,530.00,2161.00,341.00
0,-8.26,-14.51,79.19,-12.58,313.52,110.10,11.78,8.83,0.33,927.00,3050.00,420.00
0,-2.99,-13.27,78.98,51.38,259.00,71.30,11.25,8.75,0.56,1098.00,3559.00,495.00
0,2.05,-12.69,79.18,94.37,315.62,90.18,11.56,8.67,1.42,1275.00,3511.00,408.00
0,5.74,-13.01,80.06,204.47,281.02,17.83,10.86,8.97,1.44,1444.00,2537.00,531.00
0,8.59,-14.16,81.40,198.18,260.05,18.87,10.69,9.06,1.72,1352.00,2112.00,376.00
0,10.45,-14.89,82.75,214.96,223.35,-98.57,10.42,9.22,1.81,1210.00,1509.00,-333.00
0,9.97,-15.80,85.36,271.58,190.84,-29.36,10.08,9.42,1.64,830.00,139.00,-628.00
0,8.25,-17.18,86.34,227.54,213.91,-52.43,10.39,9.81,1.42,70.00,-949.00,-636.00
0,4.73,-18.97,87.60,223.35,208.67,-30.41,10.44,9.58,1.00,-466.00,-2142.00,-279.00
0,0.13,-20.95,88.58,144.70,236.98,29.36,10.64,9.56,0.78,-845.00,-2936.00,-190.00
0,-4.53,-21.42,88.42,33.55,226.49,125.83,10.86,9.69,0.06,-1024.00,-3286.00,-480.00
0,-8.04,-20.08,85.32,-60.82,231.74,154.14,11.11,9.50,-0.14,-1317.00,-3104.00,-375.00
0,-10.25,-17.93,81.72,-80.74,301.99,102.76,10.78,9.89,-0.42,-1387.00,-2179.00,4.00
0,-12.26,-16.69,79.82,-79.69,326.11,67.11,11.08,9.53,-0.42,-1314.00,-1574.00,178.00
0,-12.64,-16.01,78.70,-48.23,283.12,39.85,11.83,9.08,-0.19,-807.00,-371.00,507.00
0,-11.24,-14.47,78.45,-56.62,308.28,67.11,11.36,9.08,-0.22,-106.00,887.00,654.00
0,-8.32,-13.03,78.30,-12.58,330.30,133.17,11.19,8.81,0.19,430.00,1984.00,560.00
0,-4.38,-12.29,78.14,31.46,304.09,85.98,11.11,8.75,0.53,799.00,2690.00,432.00
0,-0.53,-11.95,78.46,207.62,256.90,-50.33,11.56,8.86,1.06,1043.00,2635.00,625.00
0,1.06,-13.89,80.76,217.06,225.44,-4.19,10.97,8.94,1.00,1255.00,1269.00,479.00
0,1.55,-15.63,82.40,239.08,192.94,0.00,11.00,9.03,1.00,945.00,584.00,-237.00
0,1.48,-17.50,83.69,176.16,212.86,26.21,10.81,9.14,1.03,696.00,168.00,-542.00
0,0.26,-19.06,84.02,139.46,140.51,5.24,10.83,9.47,0.86,28.00,-766.00,-450.00
0,-1.43,-19.80,84.15,89.13,231.74,16.78,11.00,9.36,0.64,-360.00,-1083.00,-304.00
0,-2.65,-19.72,83.87,14.68,281.02,92.27,11.00,9.22,0.64,-563.00,-766.00,-238.00
0,-2.71,-18.80,82.27,2.10,316.67,46.14,11.22,9.22,0.69,-448.00,-331.00,282.00
0,-2.23,-18.11,81.81,15.73,325.06,32.51,11.19,9.25,0.69,-178.00,241.00,429.00
0,-1.24,-17.49,81.79,45.09,326.11,27.26,11.39,8.81,0.89,129.00,683.00,341.00
0,-0.10,-17.19,82.00,89.13,257.95,-31.46,11.08,9.03,0.86,278.00,795.00,310.00
0,0.54,-17.73,83.48,152.04,224.40,37.75,11.11,8.89,1.03,307.00,727.00,299.00
0,1.24,-19.35,83.34,164.63,269.48,10.49,11.39,8.78,0.97,267.00,433.00,92.00
0,1.31,-20.12,83.71,162.53,183.50,-25.17,11.11,8.97,1.06,131.00,130.00,-79.00
0,0.72,-21.86,84.63,123.73,263.19,27.26,11.11,8.86,1.06,-64.00,-156.00,-70.00
0,0.28,-22.01,84.58,136.31,296.75,-2.10,11.11,8.97,0.94,-106.00,-309.00,-143.00
0,-0.36,-22.10,84.98,87.03,241.17,-17.83,11.08,9.00,0.92,-99.00,-351.00,-118.00
0,-1.09,-21.85,85.93,40.89,257.95,39.85,11.11,9.00,0.83,-50.00,-284.00,-76.00
0,-1.10,-20.57,85.49,35.65,269.48,30.41,11.11,8.97,0.86,9.00,-165.00,-20.00
0,-1.08,-19.35,85.35,33.55,264.24,54.53,11.03,9.08,0.83,35.00,-96.00,5.00
0,-0.76,-18.24,84.68,67.11,283.12,24.12,11.14,9.25,0.81,66.00,13.00,35.00
0,-0.62,-17.87,84.75,74.45,270.53,30.41,11.11,9.00,0.78,68.00,68.00,42.00
0,-0.44,-17.69,84.62,105.91,288.36,-1.05,11.11,9.03,0.78,40.00,81.00,30.00
0,-0.45,-17.93,84.99,36.70,287.31,70.25,11.14,9.14,0.86,-2.00,62.00,15.00
0,-0.16,-17.04,84.15,88.08,248.51,39.85,11.17,9.14,0.83,-24.00,23.00,-9.00
0,-0.06,-17.26,83.75,118.49,298.84,0.00,10.78,9.11,0.78,-30.00,-22.00,-25.00
0,-0.27,-17.56,84.12,83.89,300.94,19.92,11.11,9.00,0.86,-30.00,-52.00,-23.00
0,-0.40,-17.41,84.23,96.47,289.41,14.68,10.61,9.11,0.75,-25.00,-63.00,-23.00
0,-0.58,-17.51,84.43,42.99,269.48,59.77,11.44,8.78,0.83,-19.00,-77.00,-10.00
0,-0.47,-16.74,83.74,61.87,265.29,18.87,11.11,8.97,0.81,-7.00,-80.00,0.00
0,-0.61,-16.42,83.95,27.26,273.68,71.30,11.11,9.03,0.81,-2.00,-69.00,4.00
0,-0.46,-15.46,83.12,72.35,259.00,-1.05,11.11,8.86,0.69,5.00,-53.00,-2.00
0,-0.71,-15.51,83.82,75.50,256.90,-46.14,11.17,9.14,0.83,6.00,-40.00,-7.00
0,-1.19,-15.62,85.39,67.11,251.66,22.02,10.61,9.06,0.67,9.00,-32.00,-15.00
0,-1.22,-15.54,85.34,108.00,247.46,57.67,11.11,8.81,0.78,9.00,-26.00,-22.00
0,-0.98,-16.27,84.54,87.03,286.26,46.14,11.08,9.03,0.78,8.00,-21.00,-24.00
0,-0.86,-16.29,84.22,105.91,279.97,-14.68,11.11,8.97,0.78,2.00,-15.00,-29.00
0,-1.08,-16.65,84.91,76.55,251.66,-30.41,11.17,9.25,0.67,2.00,-29.00,-31.00
0,-1.51,-16.68,86.11,79.69,234.88,28.31,11.08,9.08,0.75,1.00,-56.00,-35.00
0,-1.50,-16.82,85.84,90.18,246.42,-9.44,11.11,9.06,0.78,-5.00,-77.00,-45.00
0,-1.75,-17.13,86.46,118.49,254.80,22.02,11.22,8.97,0.69,-15.00,-93.00,-45.00
0,-1.79,-17.81,86.33,103.81,268.44,-6.29,11.06,9.06,0.67,-17.00,-103.00,-53.00
0,-2.00,-18.07,86.75,70.25,265.29,36.70,11.08,9.31,0.69,-23.00,-100.00,-58.00
0,-1.92,-17.71,86.27,119.54,303.04,-3.15,11.17,9.36,0.69,-25.00,-91.00,-56.00
0,-2.04,-17.92,86.52,98.57,300.94,13.63,11.08,9.25,0.72,-26.00,-88.00,-52.00
0,-2.10,-17.89,86.57,104.86,290.46,13.63,11.11,9.11,0.61,-13.00,-81.00,-54.00
0,-2.14,-18.01,86.59,96.47,270.53,-9.44,11.11,9.19,0.61,-20.00,-67.00,-47.00
0,-2.28,-18.13,87.05,74.45,289.41,42.99,10.86,9.06,0.58,-13.00,-49.00,-42.00
0,-2.09,-17.80,86.55,80.74,260.05,17.83,11.08,9.03,0.53,-16.00,-22.00,-32.00
0,-2.01,-17.72,86.45,87.03,286.26,2.10,11.39,9.00,0.67,-13.00,-6.00,-33.00
0,-2.01,-17.64,86.67,59.77,269.48,42.99,11.11,9.17,0.61,-8.00,-2.00,-31.00
0,-1.77,-17.13,86.08,60.82,268.44,34.60,11.17,9.19,0.67,-5.00,3.00,-28.00
0,-1.58,-16.69,85.70,52.43,271.58,24.12,11.11,9.19,0.61,-2.00,7.00,-28.00
0,-1.48,-16.13,85.59,76.55,284.16,25.17,11.56,8.78,0.61,-3.00,12.00,-20.00
0,-1.41,-16.03,85.48,56.62,250.61,-48.23,11.11,9.31,0.64,-6.00,7.00,-15.00
0,-1.81,-15.74,87.01,73.40,272.63,6.29,11.28,9.25,0.58,-8.00,-3.00,-11.00
0,-1.82,-15.68,87.13,101.71,255.85,45.09,11.11,9.17,0.61,-9.00,-11.00,-10.00
0,-1.58,-16.24,86.43,71.30,279.97,28.31,11.61,9.03,0.58,-10.00,-12.00,-10.00
0,-1.46,-16.07,86.19,87.03,254.80,-15.73,11.08,9.31,0.64,-10.00,-13.00,-14.00
0,-1.62,-16.36,86.87,84.93,291.50,3.15,11.14,9.36,0.61,-4.00,-13.00,-13.00
0,-1.64,-16.36,87.04,91.23,297.80,16.78,11.11,9.22,0.64,-5.00,-11.00,-9.00
0,-1.55,-16.41,86.98,91.23,257.95,-8.39,11.28,9.19,0.58,-10.00,-2.00,-15.00
0,-1.61,-16.72,87.39,113.25,250.61,-19.92,11.03,9.36,0.64,-15.00,6.00,-12.00
0,-1.71,-17.47,88.00,108.00,260.05,30.41,11.33,8.72,0.94,-11.00,3.00,-8.00
0,-1.45,-17.95,87.54,100.66,228.59,-19.92,11.11,8.97,0.64,-7.00,-6.00,-7.00
0,-1.56,-18.50,88.14,114.29,285.21,11.53,11.06,8.69,0.61,-7.00,-14.00,-3.00
0,-1.47,-18.78,88.06,75.50,308.28,16.78,11.11,9.19,0.56,-12.00,-13.00,-5.00
0,-1.36,-18.44,87.93,82.84,273.68,19.92,11.28,9.25,0.53,-17.00,-9.00,-7.00
